ROD_38801_1-292	0.0	0.16158341684369915	-1	0.7741030156030401	0.07941884415945988	0.2180113230317111	0.5995970698584314	0.03076981173241755	0.25246693682456367	0.1719651656175133	0.10556430566148589	0.5305274486009445
SEN3810_1-292	0.16158341684369915	0.0	-1	0.6125195987593409	0.08216457268423927	0.37959473987541026	0.4380136530147323	0.1923532285761167	0.09088351998086452	0.010381748773814148	0.056019111182213255	0.3689440317572453
b3881_1-292	-1	-1	-1	-1	-1	-1	-1	-1	-1	-1	-1	-1
Ecoli9000q_34960_1-292	0.7741030156030401	0.6125195987593409	-1	0.0	0.6946841714435802	0.9921143386347512	0.17450594574460865	0.8048728273354576	0.5216360787784764	0.6021378499855268	0.6685387099415542	0.2435755670020956
STM_MW39861_1-292	0.07941884415945988	0.08216457268423927	-1	0.6946841714435802	0.0	0.297430167191171	0.5201782256989715	0.11018865589187743	0.1730480926651038	0.09254632145805342	0.026145461502026013	0.4511086044414846
ENC_00290_1-291	0.2180113230317111	0.37959473987541026	-1	0.9921143386347512	0.297430167191171	0.0	0.8176083928901425	0.18724151129929356	0.4704782598562748	0.3899764886492244	0.323575628693197	0.7485387716326556
t3599_1-292	0.5995970698584314	0.4380136530147323	-1	0.17450594574460865	0.5201782256989715	0.8176083928901425	0.0	0.630366881590849	0.34713013303386775	0.4276319042409181	0.49403276419694553	0.06906962125748695
NCTC13441_04623_5-296	0.03076981173241755	0.1923532285761167	-1	0.8048728273354576	0.11018865589187743	0.18724151129929356	0.630366881590849	0.0	0.2832367485569812	0.20273497734993084	0.13633411739390344	0.561297260333362
ETEC_4151_1-292	0.25246693682456367	0.09088351998086452	-1	0.5216360787784764	0.1730480926651038	0.4704782598562748	0.34713013303386775	0.2832367485569812	0.0	0.08050177120705038	0.14690263116307778	0.2780605117763808
SL1344_3968_1-292	0.1719651656175133	0.010381748773814148	-1	0.6021378499855268	0.09254632145805342	0.3899764886492244	0.4276319042409181	0.20273497734993084	0.08050177120705038	0.0	0.0664008599560274	0.3585622829834312
STMMW_39861_1-292	0.10556430566148589	0.056019111182213255	-1	0.6685387099415542	0.026145461502026013	0.323575628693197	0.49403276419694553	0.13633411739390344	0.14690263116307778	0.0664008599560274	0.0	0.4249631429394586
CS17_04335_1-292	0.5305274486009445	0.3689440317572453	-1	0.2435755670020956	0.4511086044414846	0.7485387716326556	0.06906962125748695	0.561297260333362	0.2780605117763808	0.3585622829834312	0.4249631429394586	0.0
