STM_MW07691_1-218	0.0	1.056975723390044	0.46339016575771397	0.05244217793414008	0.6955427224081141	0.2496367104164401	0.613712613895264	-1	0.46682936539851405	0.2983582495485241	0.2825597511244301	0.2803102061339591	0.046891172552594895
CS17_00709_1-218	1.056975723390044	0.0	0.5935855576323301	1.004533545455904	0.36143300098193	0.807339012973604	0.4432631094947801	-1	0.59014635799153	0.75861747384152	0.774415972265614	0.776665517256085	1.103866895942639
BN373_07571_20-235	0.46339016575771397	0.5935855576323301	0.0	0.4109479878235739	0.23215255665040013	0.21375345534127388	0.15032244813755002	-1	0.0034391996408000836	0.1650319162091899	0.18083041463328386	0.1830799596237549	0.5102813383103089
SEN0675_1-218	0.05244217793414008	1.004533545455904	0.4109479878235739	0.0	0.643100544473974	0.1971945324823	0.5612704359611239	-1	0.414387187464374	0.245916071614384	0.23011757319029003	0.227868028199819	0.09933335048673497
SL1344_0693_1-218	0.6955427224081141	0.36143300098193	0.23215255665040013	0.643100544473974	0.0	0.445906011991674	0.08183010851285011	-1	0.22871335700960005	0.39718447285959	0.412982971283684	0.41523251627415503	0.742433894960709
ERS227112_03163_1-218	0.2496367104164401	0.807339012973604	0.21375345534127388	0.1971945324823	0.445906011991674	0.0	0.3640759034788239	-1	0.21719265498207396	0.04872153913208399	0.032923040707990014	0.030673495717518984	0.296527882969035
ROD_07111_1-218	0.613712613895264	0.4432631094947801	0.15032244813755002	0.5612704359611239	0.08183010851285011	0.3640759034788239	0.0	-1	0.14688324849674994	0.3153543643467399	0.3311528627708339	0.3334024077613049	0.6606037864478589
b0711_1-218	-1	-1	-1	-1	-1	-1	-1	-1	-1	-1	-1	-1	-1
ETEC_0723_1-218	0.46682936539851405	0.59014635799153	0.0034391996408000836	0.414387187464374	0.22871335700960005	0.21719265498207396	0.14688324849674994	-1	0.0	0.16847111584998997	0.18426961427408395	0.18651915926455498	0.513720537951109
NCTC13441_03290_1-218	0.2983582495485241	0.75861747384152	0.1650319162091899	0.245916071614384	0.39718447285959	0.04872153913208399	0.3153543643467399	-1	0.16847111584998997	0.0	0.015798498424093976	0.018048043414565007	0.345249422101119
STMMW_07691_1-218	0.2825597511244301	0.774415972265614	0.18083041463328386	0.23011757319029003	0.412982971283684	0.032923040707990014	0.3311528627708339	-1	0.18426961427408395	0.015798498424093976	0.0	0.0022495449904710307	0.329450923677025
BN373_12931_1-218	0.2803102061339591	0.776665517256085	0.1830799596237549	0.227868028199819	0.41523251627415503	0.030673495717518984	0.3334024077613049	-1	0.18651915926455498	0.018048043414565007	0.0022495449904710307	0.0	0.32720137868655397
t2164_1-218	0.046891172552594895	1.103866895942639	0.5102813383103089	0.09933335048673497	0.742433894960709	0.296527882969035	0.6606037864478589	-1	0.513720537951109	0.345249422101119	0.329450923677025	0.32720137868655397	0.0
