t0345_1-449	0.0	0.01184161757672697	0.254219895936712	0.295086524134199	0.16045821921870096	0.3791427697854559	0.09430738880061296	0.440799471609886	0.25955311401785397	0.615654026588996	-1	0.05713529580033505
STM_MW25291_1-449	0.01184161757672697	0.0	0.266061513513439	0.28324490655747203	0.17229983679542793	0.3909843873621829	0.10614900637733993	0.45264108918661294	0.27139473159458094	0.627495644165723	-1	0.06897691337706202
ROD_24501_1-457	0.254219895936712	0.266061513513439	0.0	0.549306420070911	0.09376167671801106	0.1249228738487439	0.15991250713609906	0.18657957567317396	0.005333218081141955	0.361434130652284	-1	0.19708460013637696
ERS227112_00077_1-450	0.295086524134199	0.28324490655747203	0.549306420070911	0.0	0.45554474335289996	0.6742292939196549	0.38939391293481196	0.735885995744085	0.554639638152053	0.910740550723195	-1	0.35222181993453405
ETEC_2666_1-456	0.16045821921870096	0.17229983679542793	0.09376167671801106	0.45554474335289996	0.0	0.21868455056675495	0.066150830418088	0.280341252391185	0.09909489479915301	0.4551958073702951	-1	0.10332292341836591
STMMW_25291_1-449	0.3791427697854559	0.3909843873621829	0.1249228738487439	0.6742292939196549	0.21868455056675495	0.0	0.28483538098484296	0.06165670182443006	0.11958965576760194	0.23651125680354013	-1	0.32200747398512086
SEN2492_1-449	0.09430738880061296	0.10614900637733993	0.15991250713609906	0.38939391293481196	0.066150830418088	0.28483538098484296	0.0	0.346492082809273	0.165245725217241	0.5213466377883831	-1	0.037172093000277906
CS17_02795_1-457	0.440799471609886	0.45264108918661294	0.18657957567317396	0.735885995744085	0.280341252391185	0.06165670182443006	0.346492082809273	0.0	0.181246357592032	0.17485455497911007	-1	0.3836641758095509
NCTC13441_01230_1-456	0.25955311401785397	0.27139473159458094	0.005333218081141955	0.554639638152053	0.09909489479915301	0.11958965576760194	0.165245725217241	0.181246357592032	0.0	0.35610091257114207	-1	0.20241781821751892
SL1344_2473_1-449	0.615654026588996	0.627495644165723	0.361434130652284	0.910740550723195	0.4551958073702951	0.23651125680354013	0.5213466377883831	0.17485455497911007	0.35610091257114207	0.0	-1	0.558518730788661
b2509_1-456	-1	-1	-1	-1	-1	-1	-1	-1	-1	-1	-1	-1
BN373_34951_1-457	0.05713529580033505	0.06897691337706202	0.19708460013637696	0.35222181993453405	0.10332292341836591	0.32200747398512086	0.037172093000277906	0.3836641758095509	0.20241781821751892	0.558518730788661	-1	0.0
