ETEC_3715_174-713	0.0	-1	0.29482004241107007	0.26178801303234	0.23900227963690002	0.25486059203916	0.31868750553145997	0.22793763790811994	0.30468706242336996	0.2683847651365101	0.566015808855611	0.31682699436914996	0.19905211467902006	0.3951151461786909	0.25506066997307997	0.3328456879694299	0.650264062055809	0.6336062021353309	0.2789989092195799	0.27826922233525986	-1	0.6470746381367409	0.32876290879073	0.799383850167115	-1	0.62655579473772	0.810190713934038	0.24292548705735006	0.04429526765351999	0.05721680727450007	0.21134093090265993
b0484_266-828	-1	-1	-1	-1	-1	-1	-1	-1	-1	-1	-1	-1	-1	-1	-1	-1	-1	-1	-1	-1	-1	-1	-1	-1	-1	-1	-1	-1	-1	-1	-1
NCTC13441_03297_1-682	0.29482004241107007	-1	0.0	0.033032029378730066	0.055817762774170054	0.039959450371910066	0.61350754794253	0.06688240450295013	0.009867020012299887	0.5632048075475802	0.2711957664445409	0.02200695195807989	0.09576792773205	0.10029510376762085	0.039759372437990104	0.6276657303805	0.35544401964473893	0.33878615972426085	0.015821133191490144	0.016550820075810213	-1	0.35225459572567086	0.03394286637965993	0.5045638077560449	-1	0.9213758371487901	0.5153706715229679	0.05189455535372001	0.2505247747575501	0.23760323513657	0.08347911150841014
NCTC13441_03491_266-828	0.26178801303234	-1	0.033032029378730066	0.0	0.02278573339543999	0.00692742099318	0.5804755185638	0.03385037512422007	0.04289904939102995	0.5301727781688501	0.304227795823271	0.055038981336809956	0.06273589835331994	0.13332713314635092	0.006727343059260038	0.5946337010017699	0.388476049023469	0.3718181891029909	0.01721089618723992	0.016481209302919853	-1	0.3852866251044009	0.06697489575839	0.537595837134775	-1	0.8883438077700601	0.548402700901698	0.01886252597498994	0.21749274537882002	0.20457120575783994	0.050447082129680076
ERS227112_02817_266-827	0.23900227963690002	-1	0.055817762774170054	0.02278573339543999	0.0	0.01585831240225999	0.55768978516836	0.011064641728780078	0.06568478278646994	0.5073870447734101	0.32701352921871096	0.07782471473224994	0.03995016495787995	0.1561128665417909	0.01605839033617995	0.5718479676063299	0.411261782418909	0.3946039224984309	0.03999662958267991	0.03926694269835984	-1	0.4080723584998409	0.08976062915382998	0.560381570530215	-1	0.8655580743746201	0.571188434297138	0.003923207420450048	0.19470701198338003	0.18178547236239995	0.027661348734240088
BN373_12871_1-682	0.25486059203916	-1	0.039959450371910066	0.00692742099318	0.01585831240225999	0.0	0.57354809757062	0.026922954131040067	0.04982647038420995	0.5232453571756701	0.311155216816451	0.061966402329989956	0.05580847736013994	0.14025455413953092	0.0002000779339199621	0.5877062800085899	0.395403470016649	0.3787456100961709	0.02413831718041992	0.023408630296099853	-1	0.3922140460975809	0.07390231675157	0.544523258127955	-1	0.8814163867768801	0.555330121894878	0.01193510498180994	0.21056532438564002	0.19764378476465994	0.043519661136500076
CS17_00516_266-828	0.31868750553145997	-1	0.61350754794253	0.5804755185638	0.55768978516836	0.57354809757062	0.0	0.5466251434395799	0.6233745679548299	0.05030274039494986	0.884703314387071	0.6355144999006099	0.51773962021048	0.7138026517101509	0.5737481755045399	0.014158182437969957	0.968951567587269	0.9522937076667909	0.5976864147510399	0.5969567278667198	-1	0.9657621436682009	0.64745041432219	1.118071355698575	-1	0.3078682892062601	1.128878219465498	0.56161299258881	0.36298277318497996	0.37590431280596004	0.5300284364341199
ENC_22440_242-826	0.22793763790811994	-1	0.06688240450295013	0.03385037512422007	0.011064641728780078	0.026922954131040067	0.5466251434395799	0.0	0.07674942451525002	0.49632240304463004	0.33807817094749104	0.08888935646103002	0.028885523229099874	0.16717750827057098	0.02712303206496003	0.5607833258775499	0.42232642414768906	0.405668564227211	0.05106127131145999	0.05033158442713992	-1	0.419137000228621	0.10082527088261006	0.5714462122589951	-1	0.85449343264584	0.582253076025918	0.014987849149230126	0.18364237025459995	0.17072083063361987	0.01659670700546001
STM_MW07631_1-682	0.30468706242336996	-1	0.009867020012299887	0.04289904939102995	0.06568478278646994	0.04982647038420995	0.6233745679548299	0.07674942451525002	0.0	0.5730718275598801	0.261328746432241	0.012139931945780003	0.1056349477443499	0.09042808375532096	0.04962639245028999	0.6375327503927999	0.34557699963243904	0.32891913971196096	0.025688153203790032	0.0264178400881101	-1	0.342387575713371	0.024075846367360043	0.49469678774374504	-1	0.93124285716109	0.505503651510668	0.061761575366019894	0.26039179476984997	0.2474702551488699	0.09334613152071003
SL1344_0491_265-828	0.2683847651365101	-1	0.5632048075475802	0.5301727781688501	0.5073870447734101	0.5232453571756701	0.05030274039494986	0.49632240304463004	0.5730718275598801	0.0	0.8344005739921211	0.5852117595056601	0.46743687981553017	0.663499911315201	0.5234454351095901	0.06446092283291982	0.9186488271923191	0.901990967271841	0.54738367435609	0.54665398747177	-1	0.915459403273251	0.5971476739272401	1.067768615303625	-1	0.35817102960120994	1.078575479070548	0.5113102521938602	0.3126800327900301	0.3256015724110102	0.47972569603917004
ROD_07031_1-682	0.566015808855611	-1	0.2711957664445409	0.304227795823271	0.32701352921871096	0.311155216816451	0.884703314387071	0.33807817094749104	0.261328746432241	0.8344005739921211	0.0	0.24918881448646102	0.3669636941765909	0.17090066267692006	0.310955138882531	0.8988614968250409	0.08424825320019802	0.06759039327971994	0.28701689963603105	0.2877465865203511	-1	0.08105882928112995	0.23725290006488098	0.23336804131150402	-1	1.192571603593331	0.24417490507842698	0.3230903217982609	0.521720541202091	0.5087990015811109	0.35467487795295105
ETEC_0712_1-682	0.31682699436914996	-1	0.02200695195807989	0.055038981336809956	0.07782471473224994	0.061966402329989956	0.6355144999006099	0.08888935646103002	0.012139931945780003	0.5852117595056601	0.24918881448646102	0.0	0.1177748796901299	0.07828815180954096	0.061766324396069994	0.6496726823385799	0.33343706768665904	0.31677920776618096	0.037828085149570034	0.0385577720338901	-1	0.33024764376759097	0.01193591442158004	0.48255685579796503	-1	0.94338278910687	0.493363719564888	0.0739015073117999	0.27253172671563	0.2596101870946499	0.10548606346649003
BN373_09531_266-827	0.19905211467902006	-1	0.09576792773205	0.06273589835331994	0.03995016495787995	0.05580847736013994	0.51773962021048	0.028885523229099874	0.1056349477443499	0.46743687981553017	0.3669636941765909	0.1177748796901299	0.0	0.19606303149967086	0.0560085552940599	0.53189780264845	0.45121194737678894	0.43455408745631086	0.07994679454055986	0.0792171076562398	-1	0.44802252345772087	0.12971079411170994	0.6003317354880949	-1	0.8256079094167401	0.6111385992550179	0.04387337237833	0.15475684702550008	0.14183530740452	0.012288816223639865
SEN3399_174-724	0.3951151461786909	-1	0.10029510376762085	0.13332713314635092	0.1561128665417909	0.14025455413953092	0.7138026517101509	0.16717750827057098	0.09042808375532096	0.663499911315201	0.17090066267692006	0.07828815180954096	0.19606303149967086	0.0	0.14005447620561096	0.7279608341481208	0.2551489158771181	0.23849105595664	0.116116236959111	0.11684592384343107	-1	0.25195949195805	0.06635223738796092	0.40426870398842407	-1	1.0216709409164109	0.41507556775534704	0.15218965912134086	0.35081987852517094	0.33789833890419085	0.183774215276031
STMMW_05681_265-828	0.25506066997307997	-1	0.039759372437990104	0.006727343059260038	0.01605839033617995	0.0002000779339199621	0.5737481755045399	0.02712303206496003	0.04962639245028999	0.5234454351095901	0.310955138882531	0.061766324396069994	0.0560085552940599	0.14005447620561096	0.0	0.5879063579425099	0.39520339208272903	0.37854553216225095	0.02393823924649996	0.02320855236217989	-1	0.39201396816366096	0.07370223881765003	0.544323180194035	-1	0.8816164647108	0.555130043960958	0.012135182915729903	0.21076540231955998	0.1978438626985799	0.04371973907042004
SL1344_0687_1-682	0.3328456879694299	-1	0.6276657303805	0.5946337010017699	0.5718479676063299	0.5877062800085899	0.014158182437969957	0.5607833258775499	0.6375327503927999	0.06446092283291982	0.8988614968250409	0.6496726823385799	0.53189780264845	0.7279608341481208	0.5879063579425099	0.0	0.9831097500252389	0.9664518901047608	0.6118445971890099	0.6111149103046898	-1	0.9799203261061709	0.6616085967601599	1.1322295381365448	-1	0.2937101067682901	1.1430364019034678	0.57577117502678	0.3771409556229499	0.39006249524393	0.5441866188720899
ROD_05411_264-827	0.650264062055809	-1	0.35544401964473893	0.388476049023469	0.411261782418909	0.395403470016649	0.968951567587269	0.42232642414768906	0.34557699963243904	0.9186488271923191	0.08424825320019802	0.33343706768665904	0.45121194737678894	0.2551489158771181	0.39520339208272903	0.9831097500252389	0.0	0.01665785992047808	0.3712651528362291	0.37199483972054914	-1	0.0031894239190680684	0.321501153265079	0.149119788111306	-1	1.2768198567935292	0.15992665187822896	0.40733857499845894	0.605968794402289	0.5930472547813089	0.43892313115314907
SEN0669_1-682	0.6336062021353309	-1	0.33878615972426085	0.3718181891029909	0.3946039224984309	0.3787456100961709	0.9522937076667909	0.405668564227211	0.32891913971196096	0.901990967271841	0.06759039327971994	0.31677920776618096	0.43455408745631086	0.23849105595664	0.37854553216225095	0.9664518901047608	0.01665785992047808	0.0	0.354607292915751	0.35533697980007106	-1	0.013468436001410011	0.3048432933446009	0.16577764803178408	-1	1.2601619968730509	0.17658451179870704	0.39068071507798086	0.5893109344818109	0.5763893948608309	0.422265271232671
NCTC13441_00231_169-713	0.2789989092195799	-1	0.015821133191490144	0.01721089618723992	0.03999662958267991	0.02413831718041992	0.5976864147510399	0.05106127131145999	0.025688153203790032	0.54738367435609	0.28701689963603105	0.037828085149570034	0.07994679454055986	0.116116236959111	0.02393823924649996	0.6118445971890099	0.3712651528362291	0.354607292915751	0.0	0.0007296868843200688	-1	0.368075728917161	0.049763999571150075	0.5203849409475351	-1	0.9055547039573	0.531191804714458	0.03607342216222986	0.23470364156605994	0.22178210194507986	0.06765797831692
ERS227112_03157_1-682	0.27826922233525986	-1	0.016550820075810213	0.016481209302919853	0.03926694269835984	0.023408630296099853	0.5969567278667198	0.05033158442713992	0.0264178400881101	0.54665398747177	0.2877465865203511	0.0385577720338901	0.0792171076562398	0.11684592384343107	0.02320855236217989	0.6111149103046898	0.37199483972054914	0.35533697980007106	0.0007296868843200688	0.0	-1	0.3688054158014811	0.050493686455470144	0.5211146278318551	-1	0.9048250170729799	0.5319214915987781	0.035343735277909794	0.23397395468173987	0.2210524150607598	0.06692829143259993
b0697_1-682	-1	-1	-1	-1	-1	-1	-1	-1	-1	-1	-1	-1	-1	-1	-1	-1	-1	-1	-1	-1	-1	-1	-1	-1	-1	-1	-1	-1	-1	-1	-1
t3946_173-724	0.6470746381367409	-1	0.35225459572567086	0.3852866251044009	0.4080723584998409	0.3922140460975809	0.9657621436682009	0.419137000228621	0.342387575713371	0.915459403273251	0.08105882928112995	0.33024764376759097	0.44802252345772087	0.25195949195805	0.39201396816366096	0.9799203261061709	0.0031894239190680684	0.013468436001410011	0.368075728917161	0.3688054158014811	-1	0.0	0.31831172934601093	0.15230921203037406	-1	1.273630432874461	0.16311607579729703	0.40414915107939087	0.6027793704832209	0.5898578308622409	0.435733707234081
SEN0479_265-828	0.32876290879073	-1	0.03394286637965993	0.06697489575839	0.08976062915382998	0.07390231675157	0.64745041432219	0.10082527088261006	0.024075846367360043	0.5971476739272401	0.23725290006488098	0.01193591442158004	0.12971079411170994	0.06635223738796092	0.07370223881765003	0.6616085967601599	0.321501153265079	0.3048432933446009	0.049763999571150075	0.050493686455470144	-1	0.31831172934601093	0.0	0.470620941376385	-1	0.95531870352845	0.48142780514330796	0.08583742173337994	0.28446764113721	0.27154610151622993	0.11742197788807007
STM_MW05681_265-829	0.799383850167115	-1	0.5045638077560449	0.537595837134775	0.560381570530215	0.544523258127955	1.118071355698575	0.5714462122589951	0.49469678774374504	1.067768615303625	0.23336804131150402	0.48255685579796503	0.6003317354880949	0.40426870398842407	0.544323180194035	1.1322295381365448	0.149119788111306	0.16577764803178408	0.5203849409475351	0.5211146278318551	-1	0.15230921203037406	0.470620941376385	0.0	-1	1.425939644904835	0.01080686376692297	0.5564583631097649	0.755088582513595	0.7421670428926149	0.5880429192644551
b3469_174-713	-1	-1	-1	-1	-1	-1	-1	-1	-1	-1	-1	-1	-1	-1	-1	-1	-1	-1	-1	-1	-1	-1	-1	-1	-1	-1	-1	-1	-1	-1	-1
CS17_03889_175-713	0.62655579473772	-1	0.9213758371487901	0.8883438077700601	0.8655580743746201	0.8814163867768801	0.3078682892062601	0.85449343264584	0.93124285716109	0.35817102960120994	1.192571603593331	0.94338278910687	0.8256079094167401	1.0216709409164109	0.8816164647108	0.2937101067682901	1.2768198567935292	1.2601619968730509	0.9055547039573	0.9048250170729799	-1	1.273630432874461	0.95531870352845	1.425939644904835	-1	0.0	1.436746508671758	0.8694812817950701	0.67085106239124	0.6837726020122201	0.83789672564038
t2362_266-828	0.810190713934038	-1	0.5153706715229679	0.548402700901698	0.571188434297138	0.555330121894878	1.128878219465498	0.582253076025918	0.505503651510668	1.078575479070548	0.24417490507842698	0.493363719564888	0.6111385992550179	0.41507556775534704	0.555130043960958	1.1430364019034678	0.15992665187822896	0.17658451179870704	0.531191804714458	0.5319214915987781	-1	0.16311607579729703	0.48142780514330796	0.01080686376692297	-1	1.436746508671758	0.0	0.5672652268766879	0.765895446280518	0.7529739066595379	0.598849783031378
ENC_20320_1-682	0.24292548705735006	-1	0.05189455535372001	0.01886252597498994	0.003923207420450048	0.01193510498180994	0.56161299258881	0.014987849149230126	0.061761575366019894	0.5113102521938602	0.3230903217982609	0.0739015073117999	0.04387337237833	0.15218965912134086	0.012135182915729903	0.57577117502678	0.40733857499845894	0.39068071507798086	0.03607342216222986	0.035343735277909794	-1	0.40414915107939087	0.08583742173337994	0.5564583631097649	-1	0.8694812817950701	0.5672652268766879	0.0	0.19863021940383008	0.18570867978285	0.031584556154690135
ETEC_0536_266-828	0.04429526765351999	-1	0.2505247747575501	0.21749274537882002	0.19470701198338003	0.21056532438564002	0.36298277318497996	0.18364237025459995	0.26039179476984997	0.3126800327900301	0.521720541202091	0.27253172671563	0.15475684702550008	0.35081987852517094	0.21076540231955998	0.3771409556229499	0.605968794402289	0.5893109344818109	0.23470364156605994	0.23397395468173987	-1	0.6027793704832209	0.28446764113721	0.755088582513595	-1	0.67085106239124	0.765895446280518	0.19863021940383008	0.0	0.012921539620980083	0.16704566324913994
STMMW_07631_1-682	0.05721680727450007	-1	0.23760323513657	0.20457120575783994	0.18178547236239995	0.19764378476465994	0.37590431280596004	0.17072083063361987	0.2474702551488699	0.3256015724110102	0.5087990015811109	0.2596101870946499	0.14183530740452	0.33789833890419085	0.1978438626985799	0.39006249524393	0.5930472547813089	0.5763893948608309	0.22178210194507986	0.2210524150607598	-1	0.5898578308622409	0.27154610151622993	0.7421670428926149	-1	0.6837726020122201	0.7529739066595379	0.18570867978285	0.012921539620980083	0.0	0.15412412362815986
CS17_00697_1-682	0.21134093090265993	-1	0.08347911150841014	0.050447082129680076	0.027661348734240088	0.043519661136500076	0.5300284364341199	0.01659670700546001	0.09334613152071003	0.47972569603917004	0.35467487795295105	0.10548606346649003	0.012288816223639865	0.183774215276031	0.04371973907042004	0.5441866188720899	0.43892313115314907	0.422265271232671	0.06765797831692	0.06692829143259993	-1	0.435733707234081	0.11742197788807007	0.5880429192644551	-1	0.83789672564038	0.598849783031378	0.031584556154690135	0.16704566324913994	0.15412412362815986	0.0
