t0393_1-338	0.0	0.2531195494021272	0.902781092467482	0.18294762512511786	0.15008849015084835	0.21705479284456197	0.2818610243117625	0.3419175448624353	0.09306429944200845	0.605622680840048	0.19701221634323796	-1
CS17_02737_1-338	0.2531195494021272	0.0	0.6496615430653547	0.07017192427700936	0.10303105925127887	0.03606475655756525	0.0287414749096353	0.08879799546030809	0.16005524996011877	0.3525031314379208	0.056107333058889264	-1
SL1344_2429_1-338	0.902781092467482	0.6496615430653547	0.0	0.7198334673423641	0.7526926023166336	0.68572629962292	0.6209200681557194	0.5608635476050466	0.8097167930254735	0.29715841162743395	0.705768876124244	-1
NCTC13441_01272_1-338	0.18294762512511786	0.07017192427700936	0.7198334673423641	0.0	0.03285913497426951	0.03410716771944411	0.09891339918664466	0.15896991973731744	0.08988332568310942	0.42267505571493014	0.014064591218120093	-1
ERS227112_03787_1-338	0.15008849015084835	0.10303105925127887	0.7526926023166336	0.03285913497426951	0.0	0.06696630269371362	0.13177253416091417	0.19182905471158695	0.057024190708839906	0.45553419068919965	0.0469237261923896	-1
ROD_24061_1-338	0.21705479284456197	0.03606475655756525	0.68572629962292	0.03410716771944411	0.06696630269371362	0.0	0.06480623146720055	0.12486275201787334	0.12399049340255353	0.388567887995486	0.020042576501324016	-1
ETEC_2562_1-338	0.2818610243117625	0.0287414749096353	0.6209200681557194	0.09891339918664466	0.13177253416091417	0.06480623146720055	0.0	0.06005652055067279	0.18879672486975407	0.3237616565282855	0.08484880796852456	-1
STM_MW24851_1-338	0.3419175448624353	0.08879799546030809	0.5608635476050466	0.15896991973731744	0.19182905471158695	0.12486275201787334	0.06005652055067279	0.0	0.24885324542042686	0.2637051359776127	0.14490532851919735	-1
SEN2446_1-338	0.09306429944200845	0.16005524996011877	0.8097167930254735	0.08988332568310942	0.057024190708839906	0.12399049340255353	0.18879672486975407	0.24885324542042686	0.0	0.5125583813980396	0.10394791690122951	-1
STMMW_24851_1-338	0.605622680840048	0.3525031314379208	0.29715841162743395	0.42267505571493014	0.45553419068919965	0.388567887995486	0.3237616565282855	0.2637051359776127	0.5125583813980396	0.0	0.40861046449681004	-1
BN373_34511_1-338	0.19701221634323796	0.056107333058889264	0.705768876124244	0.014064591218120093	0.0469237261923896	0.020042576501324016	0.08484880796852456	0.14490532851919735	0.10394791690122951	0.40861046449681004	0.0	-1
b2458_1-338	-1	-1	-1	-1	-1	-1	-1	-1	-1	-1	-1	-1
