t2778_1-553	0.0	0.7186864103398345	2.6808986678017783	-1	1.5392253463741206	3.8733361066549534	2.3210493941073196	1.9021451686577058	2.3498917466468603	2.8133767074674316	2.2601450742442006	3.76693024348603	2.3377172125885446	1.7440789566576882	0.1857255609931876	-1	1.19760223670515	1.8906073949207158	1.9548630081334346	3.718575040432631	2.0534630848208715
NCTC13441_04322_1-513	0.7186864103398345	0.0	1.9622122574619436	-1	0.8205389360342861	3.154649696315119	1.6023629837674853	1.1834587583178713	1.6312053363070256	2.094690297127597	1.5414586639043661	3.0482438331461954	1.6190308022487099	1.0253925463178537	0.9044119713330221	-1	0.4789158263653155	1.1719209845808813	1.2361765977936001	4.437261450772466	1.334776674481037
SL1344_2856_1-553	2.6808986678017783	1.9622122574619436	0.0	-1	1.1416733214276575	1.1924374388531753	0.3598492736944583	0.7787534991440723	0.33100692115491803	0.13247803966565352	0.42075359355757747	1.0860315756842516	0.34318145521323373	0.9368197111440899	2.866624228794966	-1	1.4832964310966281	0.7902912728810623	0.7260356596683435	6.399473708234409	0.6274355829809066
b4133_1-512	-1	-1	-1	-1	-1	-1	-1	-1	-1	-1	-1	-1	-1	-1	-1	-1	-1	-1	-1	-1	-1
t0299_1-514	1.5392253463741206	0.8205389360342861	1.1416733214276575	-1	0.0	2.334110760280833	0.7818240477331992	0.3629198222835852	0.8106664002727395	1.274151361093311	0.7209197278700801	2.2277048971119093	0.7984918662144238	0.20485361028356763	1.7249509073673082	-1	0.3416231096689706	0.35138204854659527	0.41563766175931405	5.2578003868067515	0.5142377384467509
CS17_03191_1-459	3.8733361066549534	3.154649696315119	1.1924374388531753	-1	2.334110760280833	0.0	1.5522867125476336	1.9711909379972476	1.5234443600080934	1.0599593991875218	1.6131910324107528	0.10640586316892378	1.535618894066409	2.1292571499972652	4.059061667648141	-1	2.6757338699498034	1.9827287117342376	1.9184730985215188	7.591911147087584	1.819873021834082
SL1344_2519_1-514	2.3210493941073196	1.6023629837674853	0.3598492736944583	-1	0.7818240477331992	1.5522867125476336	0.0	0.41890422544961403	0.02884235253954026	0.4923273133601118	0.06090431986311917	1.4458808493787099	0.01666781848122456	0.5769704374496316	2.506774955100507	-1	1.1234471574021698	0.430441999186604	0.3661863859738852	6.039624434539951	0.26758630928644833
SEN2537_1-514	1.9021451686577058	1.1834587583178713	0.7787534991440723	-1	0.3629198222835852	1.9711909379972476	0.41890422544961403	0.0	0.4477465779891543	0.9112315388097258	0.35799990558649486	1.864785074828324	0.4355720439308386	0.15806621200001758	2.087870729650893	-1	0.7045429319525558	0.011537773736989942	0.052717839475728834	5.6207202090903365	0.1513179161631657
STM_MW25741_1-515	2.3498917466468603	1.6312053363070256	0.33100692115491803	-1	0.8106664002727395	1.5234443600080934	0.02884235253954026	0.4477465779891543	0.0	0.46348496082057156	0.08974667240265943	1.4170384968391696	0.0121745340583157	0.6058127899891719	2.535617307640048	-1	1.15228950994171	0.45928435172614424	0.39502873851342546	6.068466787079491	0.2964286618259886
CS17_04611_1-513	2.8133767074674316	2.094690297127597	0.13247803966565352	-1	1.274151361093311	1.0599593991875218	0.4923273133601118	0.9112315388097258	0.46348496082057156	0.0	0.553231633223231	0.9535535360185982	0.47565949487888726	1.0692977508097434	2.9991022684606192	-1	1.6157744707622816	0.9227693125467158	0.858513699333997	6.531951747900063	0.7599136226465601
STMMW_25741_1-514	2.2601450742442006	1.5414586639043661	0.42075359355757747	-1	0.7209197278700801	1.6131910324107528	0.06090431986311917	0.35799990558649486	0.08974667240265943	0.553231633223231	0.0	1.506785169241829	0.07757213834434373	0.5160661175865124	2.4458706352373882	-1	1.0625428375390507	0.3695376793234848	0.305282066110766	5.978720114676832	0.20668198942332916
ETEC_3039_1-458	3.76693024348603	3.0482438331461954	1.0860315756842516	-1	2.2277048971119093	0.10640586316892378	1.4458808493787099	1.864785074828324	1.4170384968391696	0.9535535360185982	1.506785169241829	0.0	1.4292130308974853	2.0228512868283417	3.9526558044792175	-1	2.56932800678088	1.8763228485653138	1.812067235352595	7.485505283918661	1.7134671586651582
STMMW_28381_1-553	2.3377172125885446	1.6190308022487099	0.34318145521323373	-1	0.7984918662144238	1.535618894066409	0.01666781848122456	0.4355720439308386	0.0121745340583157	0.47565949487888726	0.07757213834434373	1.4292130308974853	0.0	0.5936382559308562	2.523442773581732	-1	1.1401149758833944	0.44710981766782854	0.38285420445510976	6.056292253021176	0.2842541277676729
ERS227112_02921_1-523	1.7440789566576882	1.0253925463178537	0.9368197111440899	-1	0.20485361028356763	2.1292571499972652	0.5769704374496316	0.15806621200001758	0.6058127899891719	1.0692977508097434	0.5160661175865124	2.0228512868283417	0.5936382559308562	0.0	1.9298045176508758	-1	0.5464767199525382	0.14652843826302764	0.21078405147574641	5.462653997090319	0.3093841281631833
STM_MW28381_1-554	0.1857255609931876	0.9044119713330221	2.866624228794966	-1	1.7249509073673082	4.059061667648141	2.506774955100507	2.087870729650893	2.535617307640048	2.9991022684606192	2.4458706352373882	3.9526558044792175	2.523442773581732	1.9298045176508758	0.0	-1	1.3833277976983376	2.0763329559139034	2.1405885691266224	3.5328494794394434	2.239188645814059
b2852_1-458	-1	-1	-1	-1	-1	-1	-1	-1	-1	-1	-1	-1	-1	-1	-1	-1	-1	-1	-1	-1	-1
SEN2718_1-553	1.19760223670515	0.4789158263653155	1.4832964310966281	-1	0.3416231096689706	2.6757338699498034	1.1234471574021698	0.7045429319525558	1.15228950994171	1.6157744707622816	1.0625428375390507	2.56932800678088	1.1401149758833944	0.5464767199525382	1.3833277976983376	-1	0.0	0.6930051582155659	0.7572607714282846	4.9161772771377805	0.8558608481157215
BN373_30341_1-924	1.8906073949207158	1.1719209845808813	0.7902912728810623	-1	0.35138204854659527	1.9827287117342376	0.430441999186604	0.011537773736989942	0.45928435172614424	0.9227693125467158	0.3695376793234848	1.8763228485653138	0.44710981766782854	0.14652843826302764	2.0763329559139034	-1	0.6930051582155659	0.0	0.06425561321271878	5.609182435353347	0.16285568990015564
BN373_10621_1-522	1.9548630081334346	1.2361765977936001	0.7260356596683435	-1	0.41563766175931405	1.9184730985215188	0.3661863859738852	0.052717839475728834	0.39502873851342546	0.858513699333997	0.305282066110766	1.812067235352595	0.38285420445510976	0.21078405147574641	2.1405885691266224	-1	0.7572607714282846	0.06425561321271878	0.0	5.673438048566066	0.09860007668743687
Ecoli9000q_37940_1-513	3.718575040432631	4.437261450772466	6.399473708234409	-1	5.2578003868067515	7.591911147087584	6.039624434539951	5.6207202090903365	6.068466787079491	6.531951747900063	5.978720114676832	7.485505283918661	6.056292253021176	5.462653997090319	3.5328494794394434	-1	4.9161772771377805	5.609182435353347	5.673438048566066	0.0	5.772038125253502
ETEC_4444_1-512	2.0534630848208715	1.334776674481037	0.6274355829809066	-1	0.5142377384467509	1.819873021834082	0.26758630928644833	0.1513179161631657	0.2964286618259886	0.7599136226465601	0.20668198942332916	1.7134671586651582	0.2842541277676729	0.3093841281631833	2.239188645814059	-1	0.8558608481157215	0.16285568990015564	0.09860007668743687	5.772038125253502	0.0
