NCTC13441_01692_1-434	0.0	0.23639432511897296	0.15669776700680405	6.293143400170341	0.46286425590066105	0.315167391140591	0.608076159367841	0.30420674005289094	0.37018818814507104	0.3777747098233011	0.38215532690033105	0.8614396612762911	0.3998275945708609	0.08270968979702897
t0801_1-434	0.23639432511897296	0.0	0.393092092125777	6.529537725289314	0.699258581019634	0.551561716259564	0.8444704844868139	0.5406010651718639	0.606582513264044	0.614169034942274	0.618549652019304	1.0978339863952642	0.6362219196898339	0.15368463532194399
SEN2071_1-434	0.15669776700680405	0.393092092125777	0.0	6.136445633163537	0.306166488893857	0.15846962413378696	0.45137839236103694	0.1475089730460869	0.213490421138267	0.22107694281649704	0.225457559893527	0.7047418942694871	0.24312982756405688	0.23940745680383302
b2020_1-434	6.293143400170341	6.529537725289314	6.136445633163537	0.0	5.83027914426968	5.97797600902975	5.6850672408025	5.98893666011745	5.92295521202527	5.91536869034704	5.91098807327001	5.43170373889405	5.89331580559948	6.37585308996737
ENC_41490_1-434	0.46286425590066105	0.699258581019634	0.306166488893857	5.83027914426968	0.0	0.14769686476007005	0.14521190346717994	0.1586575158477701	0.09267606775559001	0.08508954607735997	0.08070892900033	0.3985754053756301	0.06303666132980013	0.54557394569769
STMMW_21031_1-434	0.315167391140591	0.551561716259564	0.15846962413378696	5.97797600902975	0.14769686476007005	0.0	0.29290876822725	0.010960651087700057	0.05502079700448004	0.06260731868271008	0.06698793575974005	0.5462722701357001	0.08466020343026992	0.39787708093762
SL1344_2049_1-434	0.608076159367841	0.8444704844868139	0.45137839236103694	5.6850672408025	0.14521190346717994	0.29290876822725	0.0	0.30386941931495004	0.23788797122276995	0.2303014495445399	0.22592083246750994	0.25336350190845014	0.20824856479698006	0.69078584916487
ROD_21581_1-434	0.30420674005289094	0.5406010651718639	0.1475089730460869	5.98893666011745	0.1586575158477701	0.010960651087700057	0.30386941931495004	0.0	0.0659814480921801	0.07356796977041014	0.0779485868474401	0.5572329212234002	0.09562085451796998	0.3869164298499199
BN373_30791_1-434	0.37018818814507104	0.606582513264044	0.213490421138267	5.92295521202527	0.09267606775559001	0.05502079700448004	0.23788797122276995	0.0659814480921801	0.0	0.00758652167823004	0.01196713875526001	0.4912514731312201	0.029639406425789883	0.4528978779421
ETEC_2164_1-434	0.3777747098233011	0.614169034942274	0.22107694281649704	5.91536869034704	0.08508954607735997	0.06260731868271008	0.2303014495445399	0.07356796977041014	0.00758652167823004	0.0	0.004380617077029969	0.48366495145299004	0.022052884747559842	0.46048439962033005
ENC_28830_3-422	0.38215532690033105	0.618549652019304	0.225457559893527	5.91098807327001	0.08070892900033	0.06698793575974005	0.22592083246750994	0.0779485868474401	0.01196713875526001	0.004380617077029969	0.0	0.4792843343759601	0.017672267670529873	0.46486501669736
CS17_02251_1-434	0.8614396612762911	1.0978339863952642	0.7047418942694871	5.43170373889405	0.3985754053756301	0.5462722701357001	0.25336350190845014	0.5572329212234002	0.4912514731312201	0.48366495145299004	0.4792843343759601	0.0	0.4616120667054302	0.9441493510733201
STM_MW21031_1-434	0.3998275945708609	0.6362219196898339	0.24312982756405688	5.89331580559948	0.06303666132980013	0.08466020343026992	0.20824856479698006	0.09562085451796998	0.029639406425789883	0.022052884747559842	0.017672267670529873	0.4616120667054302	0.0	0.4825372843678899
ERS227112_04104_1-434	0.08270968979702897	0.15368463532194399	0.23940745680383302	6.37585308996737	0.54557394569769	0.39787708093762	0.69078584916487	0.3869164298499199	0.4528978779421	0.46048439962033005	0.46486501669736	0.9441493510733201	0.4825372843678899	0.0
