SL1344_1841_1-323	0.0	0.39390946879949196	-1	0.2254625479797311	0.11029672713025407	0.438731357547474	0.33433450891673466	0.4287007753308849	0.1971365105540489	0.28125717489157825	0.230778395513496	0.33058889198702274	0.1143132782088806
NCTC13441_02010_1-323	0.39390946879949196	0.0	-1	0.619372016779223	0.2836127416692379	0.04482188874798204	0.059574959882757295	0.03479130653139295	0.19677295824544305	0.1126522939079137	0.16313107328599596	0.06332057681246922	0.27959619059061136
b1871_1-323	-1	-1	-1	-1	-1	-1	-1	-1	-1	-1	-1	-1	-1
CS17_02060_1-323	0.2254625479797311	0.619372016779223	-1	0.0	0.33575927510998516	0.664193905527205	0.5597970568964658	0.654163323310616	0.42259905853378	0.5067197228713094	0.4562409434932271	0.5560514399667538	0.3397758261886117
ROD_19171_1-322	0.11029672713025407	0.2836127416692379	-1	0.33575927510998516	0.0	0.32843463041721993	0.2240377817864806	0.31840404820063084	0.08683978342379484	0.17096044776132419	0.12048166838324192	0.22029216485676867	0.004016551078626529
STM_MW18891_1-323	0.438731357547474	0.04482188874798204	-1	0.664193905527205	0.32843463041721993	0.0	0.10439684863073934	0.01003058221658909	0.2415948469934251	0.15747418265589574	0.207952962033978	0.10814246556045126	0.3244180793385934
SEN1097_1-323	0.33433450891673466	0.059574959882757295	-1	0.5597970568964658	0.2240377817864806	0.10439684863073934	0.0	0.09436626641415025	0.13719799836268576	0.05307733402515641	0.10355611340323867	0.0037456169297119257	0.22002123070785407
t0971_1-323	0.4287007753308849	0.03479130653139295	-1	0.654163323310616	0.31840404820063084	0.01003058221658909	0.09436626641415025	0.0	0.231564264776836	0.14744360043930665	0.19792237981738892	0.09811188334386217	0.3143874971220043
ETEC_1905_1-323	0.1971365105540489	0.19677295824544305	-1	0.42259905853378	0.08683978342379484	0.2415948469934251	0.13719799836268576	0.231564264776836	0.0	0.08412066433752935	0.03364188495944709	0.13345238143297383	0.08282323234516831
ERS227112_04276_1-323	0.28125717489157825	0.1126522939079137	-1	0.5067197228713094	0.17096044776132419	0.15747418265589574	0.05307733402515641	0.14744360043930665	0.08412066433752935	0.0	0.05047877937808226	0.04933171709544448	0.16694389668269766
ENC_06220_1-323	0.230778395513496	0.16313107328599596	-1	0.4562409434932271	0.12048166838324192	0.207952962033978	0.10355611340323867	0.19792237981738892	0.03364188495944709	0.05047877937808226	0.0	0.09981049647352674	0.1164651173046154
STMMW_18891_1-323	0.33058889198702274	0.06332057681246922	-1	0.5560514399667538	0.22029216485676867	0.10814246556045126	0.0037456169297119257	0.09811188334386217	0.13345238143297383	0.04933171709544448	0.09981049647352674	0.0	0.21627561377814214
BN373_29711_1-323	0.1143132782088806	0.27959619059061136	-1	0.3397758261886117	0.004016551078626529	0.3244180793385934	0.22002123070785407	0.3143874971220043	0.08282323234516831	0.16694389668269766	0.1164651173046154	0.21627561377814214	0.0
