t4137_2-452	0.0	0.05732325774085212	0.22313918490859952	0.05166438854964783	0.11692902259295013	0.013433115715180133	1.0225644418945765	0.7438536818704794	0.4129227727595376	0.7636847391058122	-1	0.2358423171907681	0.5966074640855695	0.6594152228739277	0.26303267534652675	0.4053571002181672	0.8369012929914904	0.2377973965393556	0.750344918970891	0.007348462263928934	0.1577923886274445	0.4625907264277943	0.33968185223255165	0.6769950940094277	0.3425918571023684	0.615066206381187	0.8440029995764654
ERS227112_01589_1-445	0.05732325774085212	0.0	0.28046244264945164	0.10898764629049995	0.17425228033380225	0.07075637345603225	1.0798876996354287	0.8011769396113315	0.4702460305003897	0.8210079968466644	-1	0.2931655749316202	0.6539307218264216	0.7167384806147798	0.20570941760567463	0.4626803579590193	0.8942245507323425	0.1804741387985035	0.8076681767117431	0.06467172000478105	0.2151156463682966	0.5199139841686464	0.28235859449169953	0.7343183517502798	0.3999151148432205	0.6723894641220391	0.9013262573173175
ERS227112_02939_75-505	0.22313918490859952	0.28046244264945164	0.0	0.1714747963589517	0.10621016231564939	0.2097060691934194	0.7994252569859771	0.5207144969618799	0.18978358785093807	0.5405455541972127	-1	0.012703132282168572	0.37346827917697	0.4362760379653282	0.48617186025512626	0.18221791530956766	0.6137621080828909	0.46093658144795513	0.5272057340622914	0.21579072264467059	0.06534679628115503	0.2394515415191948	0.5628210371411512	0.4538559091008282	0.11945267219376887	0.3919270214725875	0.6208638146678659
ROD_37091_1-449	0.05166438854964783	0.10898764629049995	0.1714747963589517	0.0	0.0652646340433023	0.0382312728344677	0.9709000533449288	0.6921892933208316	0.36125838420988976	0.7120203505561644	-1	0.18417792864112026	0.5449430755359217	0.6077508343242799	0.3146970638961746	0.35369271166851934	0.7852369044418426	0.28946178508900344	0.6986805304212431	0.0443159262857189	0.10612800007779666	0.4109263378781465	0.3913462407821995	0.6253307054597799	0.29092746855272056	0.5634018178315392	0.7923386110268176
BN373_10781_75-505	0.11692902259295013	0.17425228033380225	0.10621016231564939	0.0652646340433023	0.0	0.10349590687777	0.9056354193016265	0.6269246592775293	0.29599375016658747	0.6467557165128621	-1	0.11891329459781796	0.4796784414926194	0.5424862002809776	0.3799616979394769	0.28842807762521705	0.7199722703985403	0.35472641913230574	0.6334158963779408	0.10958056032902119	0.040863366034494364	0.3456617038348442	0.4566108748255018	0.5600660714164776	0.22566283450941826	0.4981371837882369	0.7270739769835153
NCTC13441_01002_73-505	0.013433115715180133	0.07075637345603225	0.2097060691934194	0.0382312728344677	0.10349590687777	0.0	1.0091313261793964	0.7304205661552993	0.39948965704435746	0.7502516233906321	-1	0.22240920147558796	0.5831743483703894	0.6459821071587476	0.2764657910617069	0.39192398450298704	0.8234681772763103	0.25123051225453574	0.7369118032557108	0.0060846534512511985	0.14435927291226436	0.4491576107126142	0.3531149679477318	0.6635619782942476	0.32915874138718826	0.6016330906660069	0.8305698838612853
ENC_03490_1-459	1.0225644418945765	1.0798876996354287	0.7994252569859771	0.9709000533449288	0.9056354193016265	1.0091313261793964	0.0	0.2787107600240972	0.609641669135039	0.2588797027887644	-1	0.7867221247038085	0.4259569778090071	0.3631492190206489	1.2855971172411034	0.6172073416764094	0.18566314890308622	1.2603618384339321	0.2722195229236857	1.0152159796306477	0.8647720532671321	0.5599737154667823	1.3622462941271283	0.3455693478851489	0.6799725847922082	0.4074982355133896	0.17856144231811122
STMMW_41811_2-452	0.7438536818704794	0.8011769396113315	0.5207144969618799	0.6921892933208316	0.6269246592775293	0.7304205661552993	0.2787107600240972	0.0	0.3309309091109418	0.01983105723533285	-1	0.5080113646797113	0.14724621778490987	0.08443845899655167	1.0068863572170061	0.3384965816523122	0.09304761112101101	0.981651078409835	0.006491237100411551	0.7365052196065505	0.5860612932430349	0.2812629554426851	1.083535534103031	0.0668585878610517	0.401261824768111	0.12878747548929237	0.10014931770598601
ERS227112_01897_2-429	0.4129227727595376	0.4702460305003897	0.18978358785093807	0.36125838420988976	0.29599375016658747	0.39948965704435746	0.609641669135039	0.3309309091109418	0.0	0.35076196634627466	-1	0.1770804555687695	0.18368469132603193	0.24649245011439014	0.6759554481060643	0.007565672541370416	0.4239785202319528	0.6507201692988932	0.33742214621135336	0.40557431049560866	0.2551303841320931	0.049667953668256715	0.7526046249920892	0.2640723212498901	0.0703309156571692	0.20214343362164944	0.4310802268169278
ENC_04660_1-434	0.7636847391058122	0.8210079968466644	0.5405455541972127	0.7120203505561644	0.6467557165128621	0.7502516233906321	0.2588797027887644	0.01983105723533285	0.35076196634627466	0.0	-1	0.5278424219150442	0.16707727502024272	0.10426951623188452	1.026717414452339	0.3583276388876451	0.07321655388567816	1.0014821356451677	0.013339820134921299	0.7563362768418833	0.6058923504783678	0.30109401267801794	1.103366591338364	0.08668964509638455	0.42109288200344386	0.14861853272462522	0.08031826047065316
b4036_2-446	-1	-1	-1	-1	-1	-1	-1	-1	-1	-1	-1	-1	-1	-1	-1	-1	-1	-1	-1	-1	-1	-1	-1	-1	-1	-1	-1
ETEC_4291_2-446	0.2358423171907681	0.2931655749316202	0.012703132282168572	0.18417792864112026	0.11891329459781796	0.22240920147558796	0.7867221247038085	0.5080113646797113	0.1770804555687695	0.5278424219150442	-1	0.0	0.36076514689480144	0.42357290568315964	0.49887499253729484	0.16951478302739909	0.6010589758007223	0.4736397137301237	0.5145026017801229	0.22849385492683916	0.0780499285633236	0.22674840923702622	0.5755241694233197	0.4411527768186596	0.1067495399116003	0.37922388919041894	0.6081606823856973
SEN4000_2-452	0.5966074640855695	0.6539307218264216	0.37346827917697	0.5449430755359217	0.4796784414926194	0.5831743483703894	0.4259569778090071	0.14724621778490987	0.18368469132603193	0.16707727502024272	-1	0.36076514689480144	0.0	0.0628077587883582	0.8596401394320963	0.19125036386740235	0.24029382890592088	0.8344048606249251	0.15373745488532142	0.5892590018216406	0.43881507545812504	0.13401673765777522	0.9362893163181212	0.08038762992385817	0.25401560698320114	0.018458742295617503	0.24739553549089588
SL1344_4168_2-452	0.6594152228739277	0.7167384806147798	0.4362760379653282	0.6077508343242799	0.5424862002809776	0.6459821071587476	0.3631492190206489	0.08443845899655167	0.24649245011439014	0.10426951623188452	-1	0.42357290568315964	0.0628077587883582	0.0	0.9224478982204545	0.25405812265576055	0.17748607011756268	0.8972126194132833	0.09092969609696322	0.6520667606099988	0.5016228342464832	0.19682449644613342	0.9990970751064794	0.01757987113549997	0.31682336577155934	0.0443490164927407	0.18458777670253768
Ecoli9000q_36670_2-446	0.26303267534652675	0.20570941760567463	0.48617186025512626	0.3146970638961746	0.3799616979394769	0.2764657910617069	1.2855971172411034	1.0068863572170061	0.6759554481060643	1.026717414452339	-1	0.49887499253729484	0.8596401394320963	0.9224478982204545	0.0	0.6683897755646939	1.0999339683380172	0.025235278807171135	1.0133775943174177	0.2703811376104557	0.42082506397397124	0.725623401774321	0.0766491768860249	0.9400277693559544	0.6056245324488951	0.8780988817277138	1.1070356749229922
NCTC13441_04449_2-446	0.4053571002181672	0.4626803579590193	0.18221791530956766	0.35369271166851934	0.28842807762521705	0.39192398450298704	0.6172073416764094	0.3384965816523122	0.007565672541370416	0.3583276388876451	-1	0.16951478302739909	0.19125036386740235	0.25405812265576055	0.6683897755646939	0.0	0.43154419277332323	0.6431544967575228	0.3449878187527238	0.39800863795423824	0.24756471159072269	0.05723362620962713	0.7450389524507188	0.2716379937912605	0.06276524311579879	0.20970910616301985	0.43864589935829823
ERS227112_02194_2-460	0.8369012929914904	0.8942245507323425	0.6137621080828909	0.7852369044418426	0.7199722703985403	0.8234681772763103	0.18566314890308622	0.09304761112101101	0.4239785202319528	0.07321655388567816	-1	0.6010589758007223	0.24029382890592088	0.17748607011756268	1.0999339683380172	0.43154419277332323	0.0	1.074698689530846	0.08655637402059946	0.8295528307275615	0.6791089043640459	0.3743105665636961	1.176583145224042	0.1599061989820627	0.494309435889122	0.22183508661030338	0.007101706584974998
BN373_03481_2-460	0.2377973965393556	0.1804741387985035	0.46093658144795513	0.28946178508900344	0.35472641913230574	0.25123051225453574	1.2603618384339321	0.981651078409835	0.6507201692988932	1.0014821356451677	-1	0.4736397137301237	0.8344048606249251	0.8972126194132833	0.025235278807171135	0.6431544967575228	1.074698689530846	0.0	0.9881423155102466	0.24514585880328454	0.3955897851668001	0.7003881229671499	0.10188445569319604	0.9147924905487833	0.580389253641724	0.8528636029205426	1.081800396115821
BN373_00321_2-429	0.750344918970891	0.8076681767117431	0.5272057340622914	0.6986805304212431	0.6334158963779408	0.7369118032557108	0.2722195229236857	0.006491237100411551	0.33742214621135336	0.013339820134921299	-1	0.5145026017801229	0.15373745488532142	0.09092969609696322	1.0133775943174177	0.3449878187527238	0.08655637402059946	0.9881423155102466	0.0	0.742996456706962	0.5925525303434465	0.28775419254309664	1.0900267712034426	0.07334982496146325	0.40775306186852256	0.13527871258970392	0.09365808060557446
BN373_37041_1-445	0.007348462263928934	0.06467172000478105	0.21579072264467059	0.0443159262857189	0.10958056032902119	0.0060846534512511985	1.0152159796306477	0.7365052196065505	0.40557431049560866	0.7563362768418833	-1	0.22849385492683916	0.5892590018216406	0.6520667606099988	0.2703811376104557	0.39800863795423824	0.8295528307275615	0.24514585880328454	0.742996456706962	0.0	0.15044392636351556	0.4552422641638654	0.3470303144964806	0.6696466317454988	0.33524339483843946	0.6077177441172581	0.8366545373125365
CS17_04514_2-446	0.1577923886274445	0.2151156463682966	0.06534679628115503	0.10612800007779666	0.040863366034494364	0.14435927291226436	0.8647720532671321	0.5860612932430349	0.2551303841320931	0.6058923504783678	-1	0.0780499285633236	0.43881507545812504	0.5016228342464832	0.42082506397397124	0.24756471159072269	0.6791089043640459	0.3955897851668001	0.5925525303434465	0.15044392636351556	0.0	0.3047983378003498	0.49747424085999614	0.5192027053819832	0.1847994684749239	0.45727381775374254	0.6862106109490209
BN373_09211_2-423	0.4625907264277943	0.5199139841686464	0.2394515415191948	0.4109263378781465	0.3456617038348442	0.4491576107126142	0.5599737154667823	0.2812629554426851	0.049667953668256715	0.30109401267801794	-1	0.22674840923702622	0.13401673765777522	0.19682449644613342	0.725623401774321	0.05723362620962713	0.3743105665636961	0.7003881229671499	0.28775419254309664	0.4552422641638654	0.3047983378003498	0.0	0.802272578660346	0.2144043675816334	0.11999886932542592	0.15247547995339272	0.3814122731486711
ERS227112_04784_45-538	0.33968185223255165	0.28235859449169953	0.5628210371411512	0.3913462407821995	0.4566108748255018	0.3531149679477318	1.3622462941271283	1.083535534103031	0.7526046249920892	1.103366591338364	-1	0.5755241694233197	0.9362893163181212	0.9990970751064794	0.0766491768860249	0.7450389524507188	1.176583145224042	0.10188445569319604	1.0900267712034426	0.3470303144964806	0.49747424085999614	0.802272578660346	0.0	1.0166769462419794	0.68227370933492	0.9547480586137387	1.183684851809017
ERS227112_02786_2-423	0.6769950940094277	0.7343183517502798	0.4538559091008282	0.6253307054597799	0.5600660714164776	0.6635619782942476	0.3455693478851489	0.0668585878610517	0.2640723212498901	0.08668964509638455	-1	0.4411527768186596	0.08038762992385817	0.01757987113549997	0.9400277693559544	0.2716379937912605	0.1599061989820627	0.9147924905487833	0.07334982496146325	0.6696466317454988	0.5192027053819832	0.2144043675816334	1.0166769462419794	0.0	0.3344032369070593	0.06192888762824067	0.1670079055670377
ROD_41141_1-458	0.3425918571023684	0.3999151148432205	0.11945267219376887	0.29092746855272056	0.22566283450941826	0.32915874138718826	0.6799725847922082	0.401261824768111	0.0703309156571692	0.42109288200344386	-1	0.1067495399116003	0.25401560698320114	0.31682336577155934	0.6056245324488951	0.06276524311579879	0.494309435889122	0.580389253641724	0.40775306186852256	0.33524339483843946	0.1847994684749239	0.11999886932542592	0.68227370933492	0.3344032369070593	0.0	0.27247434927881864	0.501411142474097
STM_MW41811_2-452	0.615066206381187	0.6723894641220391	0.3919270214725875	0.5634018178315392	0.4981371837882369	0.6016330906660069	0.4074982355133896	0.12878747548929237	0.20214343362164944	0.14861853272462522	-1	0.37922388919041894	0.018458742295617503	0.0443490164927407	0.8780988817277138	0.20970910616301985	0.22183508661030338	0.8528636029205426	0.13527871258970392	0.6077177441172581	0.45727381775374254	0.15247547995339272	0.9547480586137387	0.06192888762824067	0.27247434927881864	0.0	0.22893679319527838
ERS227112_00521_1-459	0.8440029995764654	0.9013262573173175	0.6208638146678659	0.7923386110268176	0.7270739769835153	0.8305698838612853	0.17856144231811122	0.10014931770598601	0.4310802268169278	0.08031826047065316	-1	0.6081606823856973	0.24739553549089588	0.18458777670253768	1.1070356749229922	0.43864589935829823	0.007101706584974998	1.081800396115821	0.09365808060557446	0.8366545373125365	0.6862106109490209	0.3814122731486711	1.183684851809017	0.1670079055670377	0.501411142474097	0.22893679319527838	0.0
