ERS227112_00022_1-301	0.0	0.020835441765528734	0.00918274715297217	0.09023153589238363	0.006523355586656629	0.01905701036277583	0.00918274715297217	0.045425958173619434	0.11530486334314684	0.00918274715297217	0.07197497121937373	0.12823618407564483	0.02449963945042933
SL1344_2542_1-301	0.020835441765528734	0.0	0.0300181889185009	0.0693960941268549	0.014312086178872103	0.001778431402752901	0.0300181889185009	0.0245905164080907	0.0944694215776181	0.0300181889185009	0.05113952945384499	0.1074007423101161	0.0036641976849005956
b2566_1-301	0.00918274715297217	0.0300181889185009	0.0	0.0994142830453558	0.0157061027396288	0.028239757515748	0.0	0.0546087053265916	0.124487610496119	0.0	0.0811577183723459	0.137418931228617	0.0336823866034015
SEN2560_1-301	0.09023153589238363	0.0693960941268549	0.0994142830453558	0.0	0.08370818030572699	0.07117452552960779	0.0994142830453558	0.04480557771876419	0.02507332745076321	0.0994142830453558	0.0182565646730099	0.038004648183261214	0.06573189644195429
NCTC13441_01173_1-301	0.006523355586656629	0.014312086178872103	0.0157061027396288	0.08370818030572699	0.0	0.012533654776119202	0.0157061027396288	0.038902602586962806	0.1087815077564902	0.0157061027396288	0.06545161563271709	0.1217128284889882	0.0179762838637727
STM_MW25961_1-301	0.01905701036277583	0.001778431402752901	0.028239757515748	0.07117452552960779	0.012533654776119202	0.0	0.028239757515748	0.0263689478108436	0.096247852980371	0.028239757515748	0.05291796085659789	0.109179173712869	0.0054426290876534965
t0276_1-301	0.00918274715297217	0.0300181889185009	0.0	0.0994142830453558	0.0157061027396288	0.028239757515748	0.0	0.0546087053265916	0.124487610496119	0.0	0.0811577183723459	0.137418931228617	0.0336823866034015
STMMW_25961_1-301	0.045425958173619434	0.0245905164080907	0.0546087053265916	0.04480557771876419	0.038902602586962806	0.0263689478108436	0.0546087053265916	0.0	0.06987890516952741	0.0546087053265916	0.026549013045754292	0.08281022590202541	0.020926318723190104
CS17_02855_1-301	0.11530486334314684	0.0944694215776181	0.124487610496119	0.02507332745076321	0.1087815077564902	0.096247852980371	0.124487610496119	0.06987890516952741	0.0	0.124487610496119	0.04332989212377311	0.012931320732498003	0.0908052238927175
ENC_36950_1-301	0.00918274715297217	0.0300181889185009	0.0	0.0994142830453558	0.0157061027396288	0.028239757515748	0.0	0.0546087053265916	0.124487610496119	0.0	0.0811577183723459	0.137418931228617	0.0336823866034015
ROD_25121_1-301	0.07197497121937373	0.05113952945384499	0.0811577183723459	0.0182565646730099	0.06545161563271709	0.05291796085659789	0.0811577183723459	0.026549013045754292	0.04332989212377311	0.0811577183723459	0.0	0.056261212856271114	0.0474753317689444
ETEC_2779_1-301	0.12823618407564483	0.1074007423101161	0.137418931228617	0.038004648183261214	0.1217128284889882	0.109179173712869	0.137418931228617	0.08281022590202541	0.012931320732498003	0.137418931228617	0.056261212856271114	0.0	0.1037365446252155
BN373_35491_1-301	0.02449963945042933	0.0036641976849005956	0.0336823866034015	0.06573189644195429	0.0179762838637727	0.0054426290876534965	0.0336823866034015	0.020926318723190104	0.0908052238927175	0.0336823866034015	0.0474753317689444	0.1037365446252155	0.0
