SEN2144_1-104	0.0	0.10539740318842972	0.20862996605299466	0.5718132784637207	-1	1.1829533141547974	0.49432905596183097	1.6774128959869699	0.8600613200927392	0.8644656088119418	1.9141857721842397	0.7707853192320886
t0708_1-104	0.10539740318842972	0.0	0.3140273692414244	0.6772106816521504	-1	1.0775559109663677	0.38893165277340125	1.5720154927985401	0.7546639169043095	0.7590682056235121	1.80878836899581	0.6653879160436589
NCTC13441_01606_3-112	0.20862996605299466	0.3140273692414244	0.0	0.363183312410726	-1	1.391583280207792	0.7029590220148256	1.8860428620399645	1.0686912861457338	1.0730955748649365	2.122815738237234	0.9794152852850833
CS17_02352_3-112	0.5718132784637207	0.6772106816521504	0.363183312410726	0.0	-1	1.754766592618518	1.0661423344255516	2.2492261744506905	1.4318745985564598	1.4362788872756624	2.48599905064796	1.3425985976958092
b2107_3-112	-1	-1	-1	-1	-1	-1	-1	-1	-1	-1	-1	-1
STM_MW21791_1-104	1.1829533141547974	1.0775559109663677	1.391583280207792	1.754766592618518	-1	0.0	0.6886242581929665	0.49445958183217253	0.32289199406205826	0.31848770534285564	0.7312324580294423	0.41216799492270884
ENC_40480_8-115	0.49432905596183097	0.38893165277340125	0.7029590220148256	1.0661423344255516	-1	0.6886242581929665	0.0	1.183083840025139	0.3657322641309082	0.3701365528501108	1.4198567162224087	0.27645626327025763
BN373_31601_3-105	1.6774128959869699	1.5720154927985401	1.8860428620399645	2.2492261744506905	-1	0.49445958183217253	1.183083840025139	0.0	0.8173515758942308	0.8129472871750282	0.23677287619726972	0.9066275767548814
ROD_22301_1-108	0.8600613200927392	0.7546639169043095	1.0686912861457338	1.4318745985564598	-1	0.32289199406205826	0.3657322641309082	0.8173515758942308	0.0	0.00440428871920262	1.0541244520915005	0.08927600086065057
STMMW_21791_1-104	0.8644656088119418	0.7590682056235121	1.0730955748649365	1.4362788872756624	-1	0.31848770534285564	0.3701365528501108	0.8129472871750282	0.00440428871920262	0.0	1.049720163372298	0.0936802895798532
ERS227112_04022_3-105	1.9141857721842397	1.80878836899581	2.122815738237234	2.48599905064796	-1	0.7312324580294423	1.4198567162224087	0.23677287619726972	1.0541244520915005	1.049720163372298	0.0	1.143400452952151
SL1344_2125_1-104	0.7707853192320886	0.6653879160436589	0.9794152852850833	1.3425985976958092	-1	0.41216799492270884	0.27645626327025763	0.9066275767548814	0.08927600086065057	0.0936802895798532	1.143400452952151	0.0
