ETEC_3134_1-165	0.0	0.16174622112065462	0.013292024165334655	0.2519985796373137	0.19035754867256158	0.1901157160392325	0.023708977316042518	0.3682844924448987	0.32352519792219886	0.25402901727938343	0.3421972670236956	0.24586664177355932	-1
CS17_03306_1-152	0.16174622112065462	0.0	0.17288831060620197	0.10766710606102692	0.32131415563363824	0.033843563409287354	0.14138944289903316	0.4704620886152527	0.19299522516656617	0.11008932913144862	0.4485943733254518	0.10035197308071145	-1
NCTC13441_00807_1-152	0.013292024165334655	0.17288831060620197	0.0	0.2619410325924792	0.17945078872748094	0.20088071751276376	0.036685861181956964	0.3597746009697273	0.33251691733865696	0.26394448160834433	0.33333595239274005	0.25589060059499014	-1
SL1344_3067_1-165	0.2519985796373137	0.10766710606102692	0.2619410325924792	0.0	0.394386296421149	0.07640951284477444	0.23383355681554038	0.527475903083649	0.09562363965860353	0.0027144836718160444	0.5079626214152674	0.008131105456169416	-1
ROD_50421_1-166	0.19035754867256158	0.32131415563363824	0.17945078872748094	0.394386296421149	0.0	0.344283303042437	0.20955334318518887	0.219759899546546	0.45229728298448535	0.39603022493094175	0.18753922562013298	0.3894216192177513	-1
ENC_31940_1-165	0.1901157160392325	0.033843563409287354	0.20088071751276376	0.07640951284477444	0.344283303042437	0.0	0.17044788373216327	0.488383538496824	0.16472659678061982	0.07891658414160194	0.4672559046160497	0.06883813754438473	-1
SEN2935_1-165	0.023708977316042518	0.14138944289903316	0.036685861181956964	0.23383355681554038	0.20955334318518887	0.17044788373216327	0.0	0.38326182108371487	0.30709718069712505	0.23591330311545797	0.35779309709826157	0.22755270641204406	-1
t3004_1-165	0.3682844924448987	0.4704620886152527	0.3597746009697273	0.527475903083649	0.219759899546546	0.488383538496824	0.38326182108371487	0.0	0.5726603770571852	0.528758562029268	0.03965812866597327	0.523602262843751	-1
STM_MW30531_1-166	0.32352519792219886	0.19299522516656617	0.33251691733865696	0.09562363965860353	0.45229728298448535	0.16472659678061982	0.30709718069712505	0.5726603770571852	0.0	0.09316204283088494	0.5550130264036178	0.10297721921660609	-1
BN373_40301_1-166	0.25402901727938343	0.11008932913144862	0.26394448160834433	0.0027144836718160444	0.39603022493094175	0.07891658414160194	0.23591330311545797	0.528758562029268	0.09316204283088494	0.0	0.5092982488453589	0.010823517374990875	-1
ERS227112_01286_1-152	0.3421972670236956	0.4485943733254518	0.33333595239274005	0.5079626214152674	0.18753922562013298	0.4672559046160497	0.35779309709826157	0.03965812866597327	0.5550130264036178	0.5092982488453589	0.0	0.5039290159300489	-1
STMMW_30531_1-165	0.24586664177355932	0.10035197308071145	0.25589060059499014	0.008131105456169416	0.3894216192177513	0.06883813754438473	0.22755270641204406	0.523602262843751	0.10297721921660609	0.010823517374990875	0.5039290159300489	0.0	-1
b2944_1-165	-1	-1	-1	-1	-1	-1	-1	-1	-1	-1	-1	-1	-1
