CS17_04256_1-398	0.0	0.28128958392000003	5.23290883552078	0.928741601681049	0.46081124216069	0.33404192681375	0.18715457935479995	0.6041577914181799	0.789924436672069	0.3053809845611999	0.998322292489545	0.65322296071049	0.71830766710713
ETEC_4081_1-398	0.28128958392000003	0.0	5.51419841944078	0.647452017761049	0.17952165824069	0.05275234289374997	0.09413500456520008	0.3228682074981799	0.508634852752069	0.024091400641199856	0.7170327085695449	0.37193337679049	0.43701808318713
b3802_1-398	5.23290883552078	5.51419841944078	0.0	6.161650437201829	5.69372007768147	5.56695076233453	5.42006341487558	5.8370666269389595	6.022833272192849	5.53828982008198	6.231231128010325	5.88613179623127	5.95121650262791
t3362_1-399	0.928741601681049	0.647452017761049	6.161650437201829	0.0	0.467930359520359	0.594699674867299	0.7415870223262491	0.3245838102628691	0.13881716500898	0.6233606171198491	0.06958069080849594	0.275518640970559	0.210433934573919
ROD_39491_1-399	0.46081124216069	0.17952165824069	5.69372007768147	0.467930359520359	0.0	0.12676931534694003	0.27365666280589007	0.1433465492574899	0.329113194511379	0.15543025759949014	0.5375110503288549	0.1924117185498	0.25749642494644
NCTC13441_04718_1-398	0.33404192681375	0.05275234289374997	5.56695076233453	0.594699674867299	0.12676931534694003	0.0	0.14688734745895005	0.27011586460442993	0.455882509858319	0.028660942252550115	0.664280365675795	0.31918103389674	0.38426574029338
ERS227112_01773_1-398	0.18715457935479995	0.09413500456520008	5.42006341487558	0.7415870223262491	0.27365666280589007	0.14688734745895005	0.0	0.41700321206338	0.6027698573172691	0.11822640520639993	0.811167713134745	0.46606838135569006	0.53115308775233
BN373_49261_1-398	0.6041577914181799	0.3228682074981799	5.8370666269389595	0.3245838102628691	0.1433465492574899	0.27011586460442993	0.41700321206338	0.0	0.18576664525388908	0.29877680685698005	0.394164501071365	0.049065169292310085	0.11414987568895008
SEN3736_1-379	0.789924436672069	0.508634852752069	6.022833272192849	0.13881716500898	0.329113194511379	0.455882509858319	0.6027698573172691	0.18576664525388908	0.0	0.48454345211086913	0.20839785581747594	0.136701475961579	0.07161676956493901
ENC_02060_1-399	0.3053809845611999	0.024091400641199856	5.53828982008198	0.6233606171198491	0.15543025759949014	0.028660942252550115	0.11822640520639993	0.29877680685698005	0.48454345211086913	0.0	0.6929413079283451	0.34784197614929013	0.4129266825459301
STM_MW39061_1-379	0.998322292489545	0.7170327085695449	6.231231128010325	0.06958069080849594	0.5375110503288549	0.664280365675795	0.811167713134745	0.394164501071365	0.20839785581747594	0.6929413079283451	0.0	0.34509933177905494	0.28001462538241495
STMMW_39061_1-379	0.65322296071049	0.37193337679049	5.88613179623127	0.275518640970559	0.1924117185498	0.31918103389674	0.46606838135569006	0.049065169292310085	0.136701475961579	0.34784197614929013	0.34509933177905494	0.0	0.06508470639663999
SL1344_3890_1-379	0.71830766710713	0.43701808318713	5.95121650262791	0.210433934573919	0.25749642494644	0.38426574029338	0.53115308775233	0.11414987568895008	0.07161676956493901	0.4129266825459301	0.28001462538241495	0.06508470639663999	0.0
