t1683_18-220	0.0	0.15626594654397502	0.46139103614116106	0.516736162450651	0.645608959880173	0.48307615908782	0.628014197641699	6.715025037134687	6.715025037134687	0.184320511189977	1.324012999433147	0.277851134819716	0.439678452866351	0.172206353904449	0.21577478744154668	0.681100962618981	0.14336731281890003	0.830634255844077	0.210791479365675	0.782462048044147	0.7802226764373471	0.9759334890017771	0.45168117795933005	0.970824016224327
t1632_3-238	0.15626594654397502	0.0	0.30512508959718604	0.360470215906676	0.48934301333619795	0.32681021254384496	0.47174825109772395	6.558759090590712	6.558759090590712	0.028054564646001978	1.167747052889172	0.121585188275741	0.28341250632237597	0.015940407360473974	0.37204073398552173	0.5248350160750059	0.012898633725074993	0.674368309300102	0.054525532821699974	0.626196101500172	0.6239567298933721	0.8196675424578022	0.29541523141535503	0.814558069680352
SL1344_1175_18-220	0.46139103614116106	0.30512508959718604	0.0	0.055345126309489956	0.1842179237390119	0.02168512294665892	0.1666231615005379	6.253634000993526	6.253634000993526	0.27707052495118406	0.8626219632919859	0.18353990132144504	0.02171258327481007	0.28918468223671207	0.6771658235827077	0.21970992647781995	0.31802372332226103	0.36924321970291596	0.25059955677548607	0.3210710119029859	0.31883164029618605	0.5145424528606161	0.00970985818183101	0.509432980083166
ENC_08280_3-239	0.516736162450651	0.360470215906676	0.055345126309489956	0.0	0.12887279742952196	0.03366000336283104	0.11127803519104795	6.198288874684036	6.198288874684036	0.332415651260674	0.807276836982496	0.238885027630935	0.07705770958430003	0.344529808546202	0.7325109498921977	0.16436480016833	0.373368849631751	0.313898093393426	0.305944683084976	0.26572588559349597	0.2634865139866961	0.4591973265511261	0.06505498449132097	0.454087853773676
STMMW_17151_3-238	0.645608959880173	0.48934301333619795	0.1842179237390119	0.12887279742952196	0.0	0.162532800792353	0.017594762238474004	6.069416077254514	6.069416077254514	0.461288448690196	0.678404039552974	0.36775782506045696	0.20593050701382198	0.473402605975724	0.8613837473217196	0.03549200273880804	0.5022416470612729	0.18502529596390405	0.434817480514498	0.136853088163974	0.13461371655717413	0.33032452912160415	0.19392778192084292	0.32521505634415404
NCTC13441_02777_17-218	0.48307615908782	0.32681021254384496	0.02168512294665892	0.03366000336283104	0.162532800792353	0.0	0.144938038553879	6.231948878046867	6.231948878046867	0.298755647897843	0.840936840345327	0.20522502426810396	0.04339770622146899	0.310869805183371	0.6988509465293666	0.19802480353116103	0.33970884626891995	0.34755809675625704	0.272284679722145	0.299385888956327	0.29714651734952713	0.49285732991395714	0.03139498112848993	0.48774785713650703
CS17_01336_10-218	0.628014197641699	0.47174825109772395	0.1666231615005379	0.11127803519104795	0.017594762238474004	0.144938038553879	0.0	6.087010839492988	6.087010839492988	0.44369368645172197	0.695998801791448	0.35016306282198295	0.18833574477534798	0.45580784373725	0.8437889850832456	0.05308676497728204	0.48464688482279894	0.20262005820237805	0.417222718276024	0.15444785040244802	0.15220847879564814	0.34791929136007815	0.17633301968236892	0.34280981858262805
b1269_3-238	6.715025037134687	6.558759090590712	6.253634000993526	6.198288874684036	6.069416077254514	6.231948878046867	6.087010839492988	0.0	0.0	6.53070452594471	5.39101203770154	6.437173902314971	6.275346584268336	6.542818683230238	6.9307998245762334	6.033924074515706	6.571657724315787	5.88439078129061	6.5042335577690125	5.93256298909054	5.93480236069734	5.73909154813291	6.263343859175357	5.74420102091036
b1135_10-217	6.715025037134687	6.558759090590712	6.253634000993526	6.198288874684036	6.069416077254514	6.231948878046867	6.087010839492988	0.0	0.0	6.53070452594471	5.39101203770154	6.437173902314971	6.275346584268336	6.542818683230238	6.9307998245762334	6.033924074515706	6.571657724315787	5.88439078129061	6.5042335577690125	5.93256298909054	5.93480236069734	5.73909154813291	6.263343859175357	5.74420102091036
STMMW_12471_18-220	0.184320511189977	0.028054564646001978	0.27707052495118406	0.332415651260674	0.461288448690196	0.298755647897843	0.44369368645172197	6.53070452594471	6.53070452594471	0.0	1.13969248824317	0.09353062362973902	0.255357941676374	0.012114157285528004	0.4000952986315237	0.496780451429004	0.04095319837107697	0.6463137446541001	0.026470968175697995	0.59814153685417	0.5959021652473702	0.7916129778118002	0.26736066676935305	0.7865035050343501
CS17_01451_3-238	1.324012999433147	1.167747052889172	0.8626219632919859	0.807276836982496	0.678404039552974	0.840936840345327	0.695998801791448	5.39101203770154	5.39101203770154	1.13969248824317	0.0	1.046161864613431	0.884334546566796	1.151806645528698	1.5397877868746936	0.642912036814166	1.180645686614247	0.49337874358906997	1.113221520067472	0.541550951389	0.5437903229957999	0.34807951043136987	0.8723318214738169	0.35318898320882
STM_MW17151_3-238	0.277851134819716	0.121585188275741	0.18353990132144504	0.238885027630935	0.36775782506045696	0.20522502426810396	0.35016306282198295	6.437173902314971	6.437173902314971	0.09353062362973902	1.046161864613431	0.0	0.16182731804663497	0.10564478091526702	0.4936259222612627	0.403249827799265	0.134483822000816	0.552783121024361	0.06705965545404102	0.504610913224431	0.5023715416176311	0.6980823541820611	0.17383004313961403	0.692972881404611
SEN1314_3-238	0.439678452866351	0.28341250632237597	0.02171258327481007	0.07705770958430003	0.20593050701382198	0.04339770622146899	0.18833574477534798	6.275346584268336	6.275346584268336	0.255357941676374	0.884334546566796	0.16182731804663497	0.0	0.267472098961902	0.6554532403078976	0.24142250975263002	0.29631114004745096	0.39095580297772603	0.228886973500676	0.342783595177796	0.3405442235709961	0.5362550361354261	0.01200272509297906	0.531145563357976
NCTC13441_05056_3-238	0.172206353904449	0.015940407360473974	0.28918468223671207	0.344529808546202	0.473402605975724	0.310869805183371	0.45580784373725	6.542818683230238	6.542818683230238	0.012114157285528004	1.151806645528698	0.10564478091526702	0.267472098961902	0.0	0.3879811413459957	0.5088946087145321	0.028839041085548967	0.658427901939628	0.038585125461226	0.6102556941396979	0.6080163225328981	0.8037271350973281	0.27947482405488105	0.798617662319878
STM_MW12471_18-220	0.21577478744154668	0.37204073398552173	0.6771658235827077	0.7325109498921977	0.8613837473217196	0.6988509465293666	0.8437889850832456	6.9307998245762334	6.9307998245762334	0.4000952986315237	1.5397877868746936	0.4936259222612627	0.6554532403078976	0.3879811413459957	0.0	0.8968757500605277	0.3591421002604467	1.0464090432856237	0.42656626680722165	0.9982368354856936	0.9959974638788938	1.1917082764433238	0.6674559654008767	1.1865988036658737
ROD_12251_4-218	0.681100962618981	0.5248350160750059	0.21970992647781995	0.16436480016833	0.03549200273880804	0.19802480353116103	0.05308676497728204	6.033924074515706	6.033924074515706	0.496780451429004	0.642912036814166	0.403249827799265	0.24142250975263002	0.5088946087145321	0.8968757500605277	0.0	0.537733649800081	0.149533293225096	0.470309483253306	0.10136108542516598	0.0991217138183661	0.2948325263827961	0.22941978465965096	0.289723053605346
SEN1812_18-220	0.14336731281890003	0.012898633725074993	0.31802372332226103	0.373368849631751	0.5022416470612729	0.33970884626891995	0.48464688482279894	6.571657724315787	6.571657724315787	0.04095319837107697	1.180645686614247	0.134483822000816	0.29631114004745096	0.028839041085548967	0.3591421002604467	0.537733649800081	0.0	0.687266943025177	0.06742416654677497	0.639094735225247	0.6368553636184471	0.8325661761828771	0.30831386514043	0.827456703405427
ETEC_1371_3-238	0.830634255844077	0.674368309300102	0.36924321970291596	0.313898093393426	0.18502529596390405	0.34755809675625704	0.20262005820237805	5.88439078129061	5.88439078129061	0.6463137446541001	0.49337874358906997	0.552783121024361	0.39095580297772603	0.658427901939628	1.0464090432856237	0.149533293225096	0.687266943025177	0.0	0.619842776478402	0.048172207799930034	0.05041157940672991	0.1452992331577001	0.37895307788474697	0.14018976038025
ERS227112_03613_3-217	0.210791479365675	0.054525532821699974	0.25059955677548607	0.305944683084976	0.434817480514498	0.272284679722145	0.417222718276024	6.5042335577690125	6.5042335577690125	0.026470968175697995	1.113221520067472	0.06705965545404102	0.228886973500676	0.038585125461226	0.42656626680722165	0.470309483253306	0.06742416654677497	0.619842776478402	0.0	0.571670568678472	0.5694311970716721	0.7651420096361021	0.24088969859365505	0.760032536858652
SL1344_1651_3-238	0.782462048044147	0.626196101500172	0.3210710119029859	0.26572588559349597	0.136853088163974	0.299385888956327	0.15444785040244802	5.93256298909054	5.93256298909054	0.59814153685417	0.541550951389	0.504610913224431	0.342783595177796	0.6102556941396979	0.9982368354856936	0.10136108542516598	0.639094735225247	0.048172207799930034	0.571670568678472	0.0	0.002239371606799878	0.19347144095763014	0.33078087008481694	0.18836196818018003
BN373_17601_3-216	0.7802226764373471	0.6239567298933721	0.31883164029618605	0.2634865139866961	0.13461371655717413	0.29714651734952713	0.15220847879564814	5.93480236069734	5.93480236069734	0.5959021652473702	0.5437903229957999	0.5023715416176311	0.3405442235709961	0.6080163225328981	0.9959974638788938	0.0991217138183661	0.6368553636184471	0.05041157940672991	0.5694311970716721	0.002239371606799878	0.0	0.19571081256443001	0.32854149847801706	0.1906013397869799
NCTC13441_02499_3-238	0.9759334890017771	0.8196675424578022	0.5145424528606161	0.4591973265511261	0.33032452912160415	0.49285732991395714	0.34791929136007815	5.73909154813291	5.73909154813291	0.7916129778118002	0.34807951043136987	0.6980823541820611	0.5362550361354261	0.8037271350973281	1.1917082764433238	0.2948325263827961	0.8325661761828771	0.1452992331577001	0.7651420096361021	0.19347144095763014	0.19571081256443001	0.0	0.5242523110424471	0.005109472777450108
ROD_17361_3-238	0.45168117795933005	0.29541523141535503	0.00970985818183101	0.06505498449132097	0.19392778192084292	0.03139498112848993	0.17633301968236892	6.263343859175357	6.263343859175357	0.26736066676935305	0.8723318214738169	0.17383004313961403	0.01200272509297906	0.27947482405488105	0.6674559654008767	0.22941978465965096	0.30831386514043	0.37895307788474697	0.24088969859365505	0.33078087008481694	0.32854149847801706	0.5242523110424471	0.0	0.519142838264997
ETEC_1259_10-217	0.970824016224327	0.814558069680352	0.509432980083166	0.454087853773676	0.32521505634415404	0.48774785713650703	0.34280981858262805	5.74420102091036	5.74420102091036	0.7865035050343501	0.35318898320882	0.692972881404611	0.531145563357976	0.798617662319878	1.1865988036658737	0.289723053605346	0.827456703405427	0.14018976038025	0.760032536858652	0.18836196818018003	0.1906013397869799	0.005109472777450108	0.519142838264997	0.0
