t1232_1-370	0.0	6.53882458497957	0.52668553447198	0.536547233289336	0.210623499102495	0.10906520686077803	1.01601426105859	0.5889442007439399	0.6926736957065999	0.92554409412012	1.05349558389095	0.9050854926586299	0.430792793504854	0.61729944101919	0.401407676880583	0.6457150920283
b1688_1-370	6.53882458497957	0.0	6.0121390505075905	6.002277351690234	6.328201085877075	6.429759378118792	5.5228103239209805	5.94988038423563	5.84615088927297	5.6132804908594505	5.48532900108862	5.6337390923209405	6.1080317914747155	5.92152514396038	6.137416908098987	5.89310949295127
ETEC_1721_1-370	0.52668553447198	6.0121390505075905	0.0	0.00986169881735599	0.31606203536948496	0.41762032761120194	0.48932872658661	0.06225866627195997	0.1659881612346199	0.39885855964814	0.52681004941897	0.37839995818664995	0.09589274096712597	0.09061390654721002	0.12527785759139698	0.11902955755632005
STMMW_13701_1-370	0.536547233289336	6.002277351690234	0.00986169881735599	0.0	0.32592373418684095	0.4274820264285579	0.479467027769254	0.05239696745460398	0.1561264624172639	0.388996860830784	0.516948350601614	0.36853825936929396	0.10575443978448196	0.08075220772985403	0.13513955640875297	0.10916785873896406
ROD_10571_1-370	0.210623499102495	6.328201085877075	0.31606203536948496	0.32592373418684095	0.0	0.10155829224171697	0.8053907619560949	0.37832070164144493	0.48205019660410486	0.714920595017625	0.842872084788455	0.6944619935561349	0.220169294402359	0.406675941916695	0.19078417777808798	0.435091592925805
STM_MW13701_1-370	0.10906520686077803	6.429759378118792	0.41762032761120194	0.4274820264285579	0.10155829224171697	0.0	0.9069490541978119	0.4798789938831619	0.5836084888458218	0.8164788872593419	0.944430377030172	0.7960202857978519	0.32172758664407597	0.508234234158412	0.29234247001980496	0.536649885167522
NCTC13441_02192_1-370	1.01601426105859	5.5228103239209805	0.48932872658661	0.479467027769254	0.8053907619560949	0.9069490541978119	0.0	0.42707006031465	0.3233405653519901	0.09047016693846999	0.03748132283236005	0.11092876839996002	0.5852214675537359	0.39871482003939995	0.614606584178007	0.3702991690302899
BN373_32321_1-369	0.5889442007439399	5.94988038423563	0.06225866627195997	0.05239696745460398	0.37832070164144493	0.4798789938831619	0.42707006031465	0.0	0.10372949496265993	0.33659989337618	0.46455138314701006	0.31614129191469	0.15815140723908594	0.02835524027525005	0.18753652386335695	0.05677089128436008
ERS227112_04515_1-370	0.6926736957065999	5.84615088927297	0.1659881612346199	0.1561264624172639	0.48205019660410486	0.5836084888458218	0.3233405653519901	0.10372949496265993	0.0	0.23287039841352009	0.3608218881843501	0.21241179695203005	0.26188090220174587	0.07537425468740988	0.2912660188260169	0.04695860367829985
BN373_27451_1-370	0.92554409412012	5.6132804908594505	0.39885855964814	0.388996860830784	0.714920595017625	0.8164788872593419	0.09047016693846999	0.33659989337618	0.23287039841352009	0.0	0.12795148977083004	0.020458601461490034	0.49475130061526595	0.30824465310092997	0.524136417239537	0.27982900209181993
CS17_01869_1-370	1.05349558389095	5.48532900108862	0.52681004941897	0.516948350601614	0.842872084788455	0.944430377030172	0.03748132283236005	0.46455138314701006	0.3608218881843501	0.12795148977083004	0.0	0.14841009123232007	0.622702790386096	0.43619614287176	0.652087907010367	0.40778049186265
ENC_13930_1-370	0.9050854926586299	5.6337390923209405	0.37839995818664995	0.36853825936929396	0.6944619935561349	0.7960202857978519	0.11092876839996002	0.31614129191469	0.21241179695203005	0.020458601461490034	0.14841009123232007	0.0	0.4742926991537759	0.28778605163943993	0.5036778157780469	0.2593704006303299
ROD_13621_1-370	0.430792793504854	6.1080317914747155	0.09589274096712597	0.10575443978448196	0.220169294402359	0.32172758664407597	0.5852214675537359	0.15815140723908594	0.26188090220174587	0.49475130061526595	0.622702790386096	0.4742926991537759	0.0	0.186506647514336	0.029385116624271013	0.21492229852344602
SL1344_1298_1-370	0.61729944101919	5.92152514396038	0.09061390654721002	0.08075220772985403	0.406675941916695	0.508234234158412	0.39871482003939995	0.02835524027525005	0.07537425468740988	0.30824465310092997	0.43619614287176	0.28778605163943993	0.186506647514336	0.0	0.215891764138607	0.028415651009110032
SEN1681_1-370	0.401407676880583	6.137416908098987	0.12527785759139698	0.13513955640875297	0.19078417777808798	0.29234247001980496	0.614606584178007	0.18753652386335695	0.2912660188260169	0.524136417239537	0.652087907010367	0.5036778157780469	0.029385116624271013	0.215891764138607	0.0	0.24430741514771703
ERS227112_03953_1-369	0.6457150920283	5.89310949295127	0.11902955755632005	0.10916785873896406	0.435091592925805	0.536649885167522	0.3702991690302899	0.05677089128436008	0.04695860367829985	0.27982900209181993	0.40778049186265	0.2593704006303299	0.21492229852344602	0.028415651009110032	0.24430741514771703	0.0
