SL1344_1773_1-293	0.0	0.28101086782911994	0.30865619889387996	0.32597874394684595	0.05261870230686794	0.04898142293269092	0.0064257358116750485	0.12903624162709593	0.565757570681509	0.007212083180875073	0.015320465123041083	6.288794506012739	0.36146199395542794	0.07032305452870602
ERS227112_00176_20-286	0.28101086782911994	0.0	0.027645331064760026	0.04496787611772601	0.228392165522252	0.23202944489642902	0.287436603640795	0.151974626202024	0.8467684385106289	0.288222951009995	0.296331332952161	6.569805373841859	0.080451126126308	0.35133392235782596
t1034_1-293	0.30865619889387996	0.027645331064760026	0.0	0.017322545052965987	0.256037496587012	0.25967477596118904	0.315081934705555	0.17961995726678404	0.874413769575389	0.31586828207475504	0.32397666401692105	6.597450704906619	0.05280579506154798	0.378979253422586
NCTC13441_02058_1-293	0.32597874394684595	0.04496787611772601	0.017322545052965987	0.0	0.273360041639978	0.27699732101415503	0.332404479758521	0.19694250231975002	0.891736314628355	0.333190827127721	0.34129920906988703	6.614773249959585	0.03548325000858199	0.39630179847555197
BN373_29301_1-294	0.05261870230686794	0.228392165522252	0.256037496587012	0.273360041639978	0.0	0.003637279374177016	0.059044438118542986	0.07641753932022799	0.6183762729883769	0.05983078548774301	0.06793916742990902	6.341413208319607	0.30884329164856	0.12294175683557396
ENC_06660_1-293	0.04898142293269092	0.23202944489642902	0.25967477596118904	0.27699732101415503	0.003637279374177016	0.0	0.05540715874436597	0.080054818694405	0.6147389936141999	0.056193506113565994	0.064301888055732	6.33777592894543	0.312480571022737	0.11930447746139694
ETEC_1862_1-293	0.0064257358116750485	0.287436603640795	0.315081934705555	0.332404479758521	0.059044438118542986	0.05540715874436597	0.0	0.13546197743877098	0.559331834869834	0.0007863473692000245	0.008894729311366034	6.282368770201064	0.367887729767103	0.06389731871703097
SEN1193_1-293	0.12903624162709593	0.151974626202024	0.17961995726678404	0.19694250231975002	0.07641753932022799	0.080054818694405	0.13546197743877098	0.0	0.6947938123086049	0.136248324807971	0.144356706750137	6.417830747639835	0.232425752328332	0.19935929615580195
CS17_02015_1-293	0.565757570681509	0.8467684385106289	0.874413769575389	0.891736314628355	0.6183762729883769	0.6147389936141999	0.559331834869834	0.6947938123086049	0.0	0.5585454875006339	0.5504371055584679	5.72303693533123	0.927219564636937	0.495434516152803
ERS227112_04319_1-294	0.007212083180875073	0.288222951009995	0.31586828207475504	0.333190827127721	0.05983078548774301	0.056193506113565994	0.0007863473692000245	0.136248324807971	0.5585454875006339	0.0	0.00810838194216601	6.281582422831864	0.368674077136303	0.06311097134783095
ROD_18691_1-293	0.015320465123041083	0.296331332952161	0.32397666401692105	0.34129920906988703	0.06793916742990902	0.064301888055732	0.008894729311366034	0.144356706750137	0.5504371055584679	0.00810838194216601	0.0	6.273474040889698	0.376782459078469	0.05500258940566494
b1829_1-293	6.288794506012739	6.569805373841859	6.597450704906619	6.614773249959585	6.341413208319607	6.33777592894543	6.282368770201064	6.417830747639835	5.72303693533123	6.281582422831864	6.273474040889698	0.0	6.650256499968167	6.218471451484033
STM_MW18331_1-293	0.36146199395542794	0.080451126126308	0.05280579506154798	0.03548325000858199	0.30884329164856	0.312480571022737	0.367887729767103	0.232425752328332	0.927219564636937	0.368674077136303	0.376782459078469	6.650256499968167	0.0	0.43178504848413396
STMMW_18331_1-293	0.07032305452870602	0.35133392235782596	0.378979253422586	0.39630179847555197	0.12294175683557396	0.11930447746139694	0.06389731871703097	0.19935929615580195	0.495434516152803	0.06311097134783095	0.05500258940566494	6.218471451484033	0.43178504848413396	0.0
