ETEC_3405_4-158	0.0	0.2354861753276909	0.2543138158028859	0.42970869098492054	0.7479818255977683	2.047331899693999	1.777173447233997	-1	0.7401520962937593	0.4471374294964472	0.31050768763461156	0.5611584709814454	-1	0.0214833954730983	0.1642293104080077	0.12371601738853077	0.41782581346565817	0.17168982534064559	2.974246767958239	2.6488583852335648	0.26278281125875913	0.1816249837648265	0.36250915778800574	0.33468444157813004	0.049587691136595335	0.4578872136557846	0.2395070441624889	2.026295231278402	0.6242259925620921	0.04806988357399722	4.789400890042897	2.2882177436914857	0.17408384365187546	3.8202469886016743
ROD_00301_1-164	0.2354861753276909	0.0	0.01882764047519503	0.6651948663126115	0.9834680009254592	1.811845724366308	1.5416872719063062	-1	0.9756382716214502	0.2116512541687563	0.5459938629623025	0.32567229565375455	-1	0.2140027798545926	0.3997154857356986	0.11177015793916012	0.6533119887933491	0.4071760006683365	2.7387605926305483	2.413372209905874	0.027296635931068236	0.4171111590925174	0.12702298246031485	0.5701706169058209	0.28507386646428623	0.6933733889834754	0.004020868834798019	1.7908090559507113	0.3887398172344012	0.2835560589016881	4.553914714715206	2.052731568363795	0.40957001897956635	3.5847608132739834
BN373_04311_1-156	0.2543138158028859	0.01882764047519503	0.0	0.6840225067878065	1.0022956414006543	1.793018083891113	1.5228596314311111	-1	0.9944659120966453	0.19282361369356127	0.5648215034374975	0.3068446551785595	-1	0.23283042032978762	0.4185431262108936	0.13059779841435515	0.6721396292685441	0.4260036411435315	2.719932952155353	2.3945445694306784	0.008468995455873207	0.4359387995677124	0.10819534198511982	0.588998257381016	0.30390150693948126	0.7122010294586705	0.01480677164039701	1.7719814154755162	0.3699121767592062	0.30238369937688314	4.5350870742400105	2.0339039278886	0.4283976594547614	3.565933172798788
CS17_04490_1-162	0.42970869098492054	0.6651948663126115	0.6840225067878065	0.0	0.3182731346128478	2.4770405906789192	2.2068821382189174	-1	0.3104434053088388	0.8768461204813678	0.11920100335030898	0.990867161966366	-1	0.45119208645801884	0.26547938057691284	0.5534247083734514	0.01188287751926237	0.25801886564427495	3.4039554589431593	3.078567076218485	0.6924915022436797	0.24808370722009404	0.7922178487729263	0.0950242494067905	0.3801209998483252	0.02817852267086407	0.6692157351474095	2.4560039222633225	1.0539346835470127	0.3816388074109233	5.219109581027817	2.7179264346764063	0.2556248473330451	4.249955679586595
CS17_03571_4-159	0.7479818255977683	0.9834680009254592	1.0022956414006543	0.3182731346128478	0.0	2.7953137252917672	2.5251552728317654	-1	0.007829729304008964	1.1951192550942156	0.4374741379631567	1.3091402965792138	-1	0.7694652210708666	0.5837525151897606	0.871697842986299	0.3301560121321101	0.5762920002571227	3.7222285935560073	3.396840210831333	1.0107646368565275	0.5663568418329418	1.1104909833857741	0.4132973840196382	0.6983941344611729	0.2900946119419837	0.9874888697602572	2.7742770568761705	1.3722078181598605	0.699911942023771	5.537382715640665	3.0361995692892543	0.5738979819458928	4.5682288141994425
BN373_00121_1-162	2.047331899693999	1.811845724366308	1.793018083891113	2.4770405906789192	2.7953137252917672	0.0	0.2701584524600018	-1	2.787483995987758	1.6001944701975517	2.3578395873286104	1.4861734287125534	-1	2.0258485042209005	2.2115612101020066	1.923615882305468	2.465157713159657	2.2190217250346445	0.9269148682642401	0.6015264855395657	1.7845490884352397	2.2289568834588254	1.6848227419059931	2.382016341272129	2.096919590830594	2.5052191133497836	1.80782485553151	0.021036668415596704	1.4231059071319068	2.095401783267996	2.7420689903488977	0.24088584399748703	2.221415743345874	1.7729150889076752
SEN4301_1-153	1.777173447233997	1.5416872719063062	1.5228596314311111	2.2068821382189174	2.5251552728317654	0.2701584524600018	0.0	-1	2.5173255435277566	1.3300360177375499	2.0876811348686086	1.2160149762525516	-1	1.7556900517608987	1.9414027576420048	1.6534574298454663	2.1949992606996553	1.9488632725746426	1.1970733207242419	0.8716849379995675	1.514390635975238	1.9587984309988236	1.4146642894459913	2.111857888812127	1.8267611383705924	2.235060660889782	1.5376664030715081	0.2491217840444051	1.152947454671905	1.8252433308079943	3.0122274428088995	0.5110442964574888	1.9512572908858725	2.043073541367677
b3133_2-157	-1	-1	-1	-1	-1	-1	-1	-1	-1	-1	-1	-1	-1	-1	-1	-1	-1	-1	-1	-1	-1	-1	-1	-1	-1	-1	-1	-1	-1	-1	-1	-1	-1	-1
STM_MW06411_1-157	0.7401520962937593	0.9756382716214502	0.9944659120966453	0.3104434053088388	0.007829729304008964	2.787483995987758	2.5173255435277566	-1	0.0	1.1872895257902065	0.42964440865914777	1.3013105672752048	-1	0.7616354917668576	0.5759227858857516	0.8638681136822901	0.32232628282810116	0.5684622709531137	3.714398864251998	3.3890104815273236	1.0029349075525185	0.5585271125289328	1.102661254081765	0.4054676547156293	0.690564405157164	0.2822648826379747	0.9796591404562482	2.7664473275721617	1.3643780888558514	0.6920822127197621	5.529552986336656	3.0283698399852454	0.5660682526418839	4.560399084895433
ENC_33760_2-157	0.4471374294964472	0.2116512541687563	0.19282361369356127	0.8768461204813678	1.1951192550942156	1.6001944701975517	1.3300360177375499	-1	1.1872895257902065	0.0	0.7576451171310588	0.11402104148499825	-1	0.4256540340233489	0.6113667399044549	0.3234214121079164	0.8649632429621054	0.6188272548370928	2.5271093384617918	2.2017209557371173	0.18435461823768806	0.6287624132612737	0.08462827170844145	0.7818218710745772	0.4967251206330425	0.9050246431522317	0.20763038533395828	1.579157801781955	0.1770885630656449	0.4952073130704444	4.34226346054645	1.8410803141950387	0.6212212731483227	3.373109559105227
t3747_2-161	0.31050768763461156	0.5459938629623025	0.5648215034374975	0.11920100335030898	0.4374741379631567	2.3578395873286104	2.0876811348686086	-1	0.42964440865914777	0.7576451171310588	0.0	0.871666158616057	-1	0.33199108310770986	0.14627837722660386	0.43422370502314234	0.1073181258310466	0.13881786229396598	3.2847544555928505	2.959366072868176	0.5732904988933707	0.12888270386978506	0.6730168454226173	0.02417675394351848	0.2609199964980162	0.14737952602117305	0.5500147317971005	2.3368029189130137	0.9347336801967037	0.26243780406061434	5.099908577677509	2.5987254313260975	0.1364238439827361	4.130754676236286
SL1344_4467_1-153	0.5611584709814454	0.32567229565375455	0.3068446551785595	0.990867161966366	1.3091402965792138	1.4861734287125534	1.2160149762525516	-1	1.3013105672752048	0.11402104148499825	0.871666158616057	0.0	-1	0.5396750755083471	0.7253877813894531	0.43744245359291467	0.9789842844471036	0.732848296322091	2.4130882969767935	2.087699914252119	0.2983756597226863	0.7427834547462719	0.1986493131934397	0.8958429125595755	0.6107461621180408	1.01904568463723	0.32165142681895653	1.4651367602969567	0.06306752158064666	0.6092283545554427	4.228242419061451	1.7270592727100404	0.7352423146333209	3.2590885176202287
b3138_4-158	-1	-1	-1	-1	-1	-1	-1	-1	-1	-1	-1	-1	-1	-1	-1	-1	-1	-1	-1	-1	-1	-1	-1	-1	-1	-1	-1	-1	-1	-1	-1	-1	-1	-1
SEN3593_2-161	0.0214833954730983	0.2140027798545926	0.23283042032978762	0.45119208645801884	0.7694652210708666	2.0258485042209005	1.7556900517608987	-1	0.7616354917668576	0.4256540340233489	0.33199108310770986	0.5396750755083471	-1	0.0	0.185712705881106	0.10223262191543248	0.43930920893875647	0.19317322081374388	2.9527633724851405	2.627374989760466	0.24129941578566083	0.2031083792379248	0.34102576231490744	0.35616783705122834	0.07107108660969363	0.4793706091288829	0.21802364868939061	2.0048118358053038	0.6027425970889938	0.06955327904709552	4.767917494569798	2.2667343482183875	0.19556723912497376	3.7987635931285757
BN373_11221_1-156	0.1642293104080077	0.3997154857356986	0.4185431262108936	0.26547938057691284	0.5837525151897606	2.2115612101020066	1.9414027576420048	-1	0.5759227858857516	0.6113667399044549	0.14627837722660386	0.7253877813894531	-1	0.185712705881106	0.0	0.2879453277965385	0.25359650305765047	0.007460514932637885	3.1384760783662466	2.8130876956415722	0.42701212166676683	0.017395673356818797	0.5267384681960134	0.17045513117012234	0.11464161927141236	0.2936579032477769	0.4037363545704966	2.19052454168641	0.7884553029700998	0.11615942683401048	4.953630200450904	2.4524470540994936	0.009854533243867758	3.984476299009682
STMMW_37601_2-161	0.12371601738853077	0.11177015793916012	0.13059779841435515	0.5534247083734514	0.871697842986299	1.923615882305468	1.6534574298454663	-1	0.8638681136822901	0.3234214121079164	0.43422370502314234	0.43744245359291467	-1	0.10223262191543248	0.2879453277965385	0.0	0.5415418308541889	0.29540584272917636	2.850530750569708	2.5251423678450338	0.13906679387022836	0.30534100115335727	0.23879314039947497	0.4584004589666608	0.1733037085251261	0.5816032310443153	0.11579102677395814	1.9025792138898714	0.5005099751735613	0.171785900962528	4.665684872654365	2.164501726302955	0.29779986104040623	3.6965309712131433
ETEC_3399_2-157	0.41782581346565817	0.6533119887933491	0.6721396292685441	0.01188287751926237	0.3301560121321101	2.465157713159657	2.1949992606996553	-1	0.32232628282810116	0.8649632429621054	0.1073181258310466	0.9789842844471036	-1	0.43930920893875647	0.25359650305765047	0.5415418308541889	0.0	0.24613598812501258	3.3920725814238972	3.066684198699223	0.6806086247244173	0.23620082970083167	0.7803349712536639	0.08314137188752813	0.36823812232906283	0.04006140019012644	0.6573328576281471	2.4441210447440604	1.0420518060277502	0.36975592989166095	5.207226703508555	2.706043557157144	0.2437419698137827	4.238072802067332
SL1344_0564_1-156	0.17168982534064559	0.4071760006683365	0.4260036411435315	0.25801886564427495	0.5762920002571227	2.2190217250346445	1.9488632725746426	-1	0.5684622709531137	0.6188272548370928	0.13881786229396598	0.732848296322091	-1	0.19317322081374388	0.007460514932637885	0.29540584272917636	0.24613598812501258	0.0	3.1459365932988845	2.82054821057421	0.4344726365994047	0.009935158424180912	0.5341989831286513	0.16299461623748446	0.12210213420405025	0.286197388315139	0.4111968695031345	2.1979850566190478	0.7959158179027377	0.12361994176664837	4.961090715383542	2.4599075690321315	0.002394018311229873	3.9919368139423197
ERS227112_02281_1-157	2.974246767958239	2.7387605926305483	2.719932952155353	3.4039554589431593	3.7222285935560073	0.9269148682642401	1.1970733207242419	-1	3.714398864251998	2.5271093384617918	3.2847544555928505	2.4130882969767935	-1	2.9527633724851405	3.1384760783662466	2.850530750569708	3.3920725814238972	3.1459365932988845	0.0	0.3253883827246744	2.71146395669948	3.1558717517230654	2.611737610170233	3.308931209536369	3.023834459094834	3.4321339816140237	2.73473972379575	0.9479515366798368	2.350020775396147	3.022316651532236	1.8151541220846577	0.686029024266753	3.148330611610114	0.8460002206434352
STM_MW44821_1-154	2.6488583852335648	2.413372209905874	2.3945445694306784	3.078567076218485	3.396840210831333	0.6015264855395657	0.8716849379995675	-1	3.3890104815273236	2.2017209557371173	2.959366072868176	2.087699914252119	-1	2.627374989760466	2.8130876956415722	2.5251423678450338	3.066684198699223	2.82054821057421	0.3253883827246744	0.0	2.3860755739748054	2.830483368998391	2.286349227445559	2.9835428268116946	2.6984460763701597	3.1067455988893493	2.4093513410710754	0.6225631539551624	2.0246323926714727	2.6969282688075618	2.140542504809332	0.36064064154207864	2.8229422288854398	1.1713886033681096
STMMW_44821_1-153	0.26278281125875913	0.027296635931068236	0.008468995455873207	0.6924915022436797	1.0107646368565275	1.7845490884352397	1.514390635975238	-1	1.0029349075525185	0.18435461823768806	0.5732904988933707	0.2983756597226863	-1	0.24129941578566083	0.42701212166676683	0.13906679387022836	0.6806086247244173	0.4344726365994047	2.71146395669948	2.3860755739748054	0.0	0.44440779502358563	0.09972634652924661	0.5974672528368892	0.31237050239535447	0.7206700249145437	0.023275767096270217	1.763512420019643	0.36144318130333297	0.31085269483275635	4.5266180787841375	2.0254349324327268	0.4368666549106346	3.557464177342915
ERS227112_02989_1-157	0.1816249837648265	0.4171111590925174	0.4359387995677124	0.24808370722009404	0.5663568418329418	2.2289568834588254	1.9587984309988236	-1	0.5585271125289328	0.6287624132612737	0.12888270386978506	0.7427834547462719	-1	0.2031083792379248	0.017395673356818797	0.30534100115335727	0.23620082970083167	0.009935158424180912	3.1558717517230654	2.830483368998391	0.44440779502358563	0.0	0.5441341415528322	0.15305945781330355	0.13203729262823116	0.2762622298909581	0.4211320279273154	2.2079202150432287	0.8058509763269186	0.13355510019082928	4.971025873807723	2.4698427274563124	0.007541140112951039	4.001871972366501
STM_MW37601_2-162	0.36250915778800574	0.12702298246031485	0.10819534198511982	0.7922178487729263	1.1104909833857741	1.6848227419059931	1.4146642894459913	-1	1.102661254081765	0.08462827170844145	0.6730168454226173	0.1986493131934397	-1	0.34102576231490744	0.5267384681960134	0.23879314039947497	0.7803349712536639	0.5341989831286513	2.611737610170233	2.286349227445559	0.09972634652924661	0.5441341415528322	0.0	0.6971935993661358	0.4120968489246011	0.8203963714437903	0.12300211362551683	1.6637860734903964	0.26171683477408636	0.41057904136200296	4.426891732254891	1.9257085859034802	0.5365930014398812	3.4577378308136684
NCTC13441_00560_2-158	0.33468444157813004	0.5701706169058209	0.588998257381016	0.0950242494067905	0.4132973840196382	2.382016341272129	2.111857888812127	-1	0.4054676547156293	0.7818218710745772	0.02417675394351848	0.8958429125595755	-1	0.35616783705122834	0.17045513117012234	0.4584004589666608	0.08314137188752813	0.16299461623748446	3.308931209536369	2.9835428268116946	0.5974672528368892	0.15305945781330355	0.6971935993661358	0.0	0.2850967504415347	0.12320277207765457	0.574191485740619	2.360979672856532	0.9589104341402221	0.2866145580041328	5.124085331621027	2.622902185269616	0.16060059792625458	4.154931430179804
SL1344_3736_2-161	0.049587691136595335	0.28507386646428623	0.30390150693948126	0.3801209998483252	0.6983941344611729	2.096919590830594	1.8267611383705924	-1	0.690564405157164	0.4967251206330425	0.2609199964980162	0.6107461621180408	-1	0.07107108660969363	0.11464161927141236	0.1733037085251261	0.36823812232906283	0.12210213420405025	3.023834459094834	2.6984460763701597	0.31237050239535447	0.13203729262823116	0.4120968489246011	0.2850967504415347	0.0	0.4082995225191893	0.28909473529908425	2.0758829224149977	0.6738136836986874	0.0015178075625981169	4.838988581179492	2.3378054348280815	0.12449615251528012	3.8698346797382692
STMMW_06411_1-156	0.4578872136557846	0.6933733889834754	0.7122010294586705	0.02817852267086407	0.2900946119419837	2.5052191133497836	2.235060660889782	-1	0.2822648826379747	0.9050246431522317	0.14737952602117305	1.01904568463723	-1	0.4793706091288829	0.2936579032477769	0.5816032310443153	0.04006140019012644	0.286197388315139	3.4321339816140237	3.1067455988893493	0.7206700249145437	0.2762622298909581	0.8203963714437903	0.12320277207765457	0.4082995225191893	0.0	0.6973942578182735	2.484182444934187	1.0821132062178767	0.4098173300817874	5.247288103698681	2.7461049573472707	0.28380337000390915	4.278134202257458
ENC_45520_1-164	0.2395070441624889	0.004020868834798019	0.01480677164039701	0.6692157351474095	0.9874888697602572	1.80782485553151	1.5376664030715081	-1	0.9796591404562482	0.20763038533395828	0.5500147317971005	0.32165142681895653	-1	0.21802364868939061	0.4037363545704966	0.11579102677395814	0.6573328576281471	0.4111968695031345	2.73473972379575	2.4093513410710754	0.023275767096270217	0.4211320279273154	0.12300211362551683	0.574191485740619	0.28909473529908425	0.6973942578182735	0.0	1.7867881871159133	0.3847189483996032	0.28757692773648613	4.5498938458804075	2.048710699528997	0.41359088781436437	3.580739944439185
NCTC13441_00553_4-159	2.026295231278402	1.7908090559507113	1.7719814154755162	2.4560039222633225	2.7742770568761705	0.021036668415596704	0.2491217840444051	-1	2.7664473275721617	1.579157801781955	2.3368029189130137	1.4651367602969567	-1	2.0048118358053038	2.19052454168641	1.9025792138898714	2.4441210447440604	2.1979850566190478	0.9479515366798368	0.6225631539551624	1.763512420019643	2.2079202150432287	1.6637860734903964	2.360979672856532	2.0758829224149977	2.484182444934187	1.7867881871159133	0.0	1.40206923871631	2.0743651148523994	2.7631056587644944	0.26192251241308373	2.200379074930278	1.793951757323272
ROD_48521_1-153	0.6242259925620921	0.3887398172344012	0.3699121767592062	1.0539346835470127	1.3722078181598605	1.4231059071319068	1.152947454671905	-1	1.3643780888558514	0.1770885630656449	0.9347336801967037	0.06306752158064666	-1	0.6027425970889938	0.7884553029700998	0.5005099751735613	1.0420518060277502	0.7959158179027377	2.350020775396147	2.0246323926714727	0.36144318130333297	0.8058509763269186	0.26171683477408636	0.9589104341402221	0.6738136836986874	1.0821132062178767	0.3847189483996032	1.40206923871631	0.0	0.6722958761360893	4.165174897480805	1.6639917511293938	0.7983098362139676	3.1960209960395822
CS17_03564_2-158	0.04806988357399722	0.2835560589016881	0.30238369937688314	0.3816388074109233	0.699911942023771	2.095401783267996	1.8252433308079943	-1	0.6920822127197621	0.4952073130704444	0.26243780406061434	0.6092283545554427	-1	0.06955327904709552	0.11615942683401048	0.171785900962528	0.36975592989166095	0.12361994176664837	3.022316651532236	2.6969282688075618	0.31085269483275635	0.13355510019082928	0.41057904136200296	0.2866145580041328	0.0015178075625981169	0.4098173300817874	0.28757692773648613	2.0743651148523994	0.6722958761360893	0.0	4.837470773616894	2.336287627265483	0.12601396007787824	3.8683168721756713
Ecoli9000q_36470_1-162	4.789400890042897	4.553914714715206	4.5350870742400105	5.219109581027817	5.537382715640665	2.7420689903488977	3.0122274428088995	-1	5.529552986336656	4.34226346054645	5.099908577677509	4.228242419061451	-1	4.767917494569798	4.953630200450904	4.665684872654365	5.207226703508555	4.961090715383542	1.8151541220846577	2.140542504809332	4.5266180787841375	4.971025873807723	4.426891732254891	5.124085331621027	4.838988581179492	5.247288103698681	4.5498938458804075	2.7631056587644944	4.165174897480805	4.837470773616894	0.0	2.5011831463514107	4.963484733694772	0.9691539014412225
NCTC13441_04469_1-162	2.2882177436914857	2.052731568363795	2.0339039278886	2.7179264346764063	3.0361995692892543	0.24088584399748703	0.5110442964574888	-1	3.0283698399852454	1.8410803141950387	2.5987254313260975	1.7270592727100404	-1	2.2667343482183875	2.4524470540994936	2.164501726302955	2.706043557157144	2.4599075690321315	0.686029024266753	0.36064064154207864	2.0254349324327268	2.4698427274563124	1.9257085859034802	2.622902185269616	2.3378054348280815	2.7461049573472707	2.048710699528997	0.26192251241308373	1.6639917511293938	2.336287627265483	2.5011831463514107	0.0	2.4623015873433616	1.5320292449101882
ROD_38591_1-165	0.17408384365187546	0.40957001897956635	0.4283976594547614	0.2556248473330451	0.5738979819458928	2.221415743345874	1.9512572908858725	-1	0.5660682526418839	0.6212212731483227	0.1364238439827361	0.7352423146333209	-1	0.19556723912497376	0.009854533243867758	0.29779986104040623	0.2437419698137827	0.002394018311229873	3.148330611610114	2.8229422288854398	0.4368666549106346	0.007541140112951039	0.5365930014398812	0.16060059792625458	0.12449615251528012	0.28380337000390915	0.41359088781436437	2.200379074930278	0.7983098362139676	0.12601396007787824	4.963484733694772	2.4623015873433616	0.0	3.9943308322535493
ERS227112_01875_1-162	3.8202469886016743	3.5847608132739834	3.565933172798788	4.249955679586595	4.5682288141994425	1.7729150889076752	2.043073541367677	-1	4.560399084895433	3.373109559105227	4.130754676236286	3.2590885176202287	-1	3.7987635931285757	3.984476299009682	3.6965309712131433	4.238072802067332	3.9919368139423197	0.8460002206434352	1.1713886033681096	3.557464177342915	4.001871972366501	3.4577378308136684	4.154931430179804	3.8698346797382692	4.278134202257458	3.580739944439185	1.793951757323272	3.1960209960395822	3.8683168721756713	0.9691539014412225	1.5320292449101882	3.9943308322535493	0.0
