NCTC13441_03354_1-193	0.0	0.6384400739010878	1.0	0.6103129648021334	0.7820752396585139	0.8332953184167539	-1	1.0	0.8206893434142712	0.13450605888955738	0.38697550986903384	0.7113071251341542	0.5049718365755188
STMMW_07121_1-196	0.6384400739010878	0.0	1.0	0.07217871409212444	0.39726517069298156	0.538929318351391	-1	1.0	0.5040637978870628	0.6870720746130521	0.4102031290435578	0.20153519782812454	0.26961746257479385
BN373_12531_1-196	1.0	1.0	0	1.0	1.0	1.0	-1	0	1.0	1.0	1.0	1.0	1.0
ERS227112_03115_1-196	0.6103129648021334	0.07217871409212444	1.0	0.0	0.44076979561089824	0.572208807258367	-1	1.0	0.5398598352273065	0.6627282321069546	0.36432060795056626	0.2591673604967131	0.21279825272544278
SL1344_0635_1-196	0.7820752396585139	0.39726517069298156	1.0	0.44076979561089824	0.0	0.23503560897797274	-1	1.0	0.17719007099170087	0.8113874403064985	0.6445088836582552	0.2451328754034729	0.5597730059761914
CS17_00647_1-193	0.8332953184167539	0.538929318351391	1.0	0.572208807258367	0.23503560897797274	0.0	-1	1.0	0.0703024306670568	0.8557181081349549	0.7280619546738966	0.4225535297304689	0.6632420256051197
b0641_1-193	-1	-1	-1	-1	-1	-1	-1	-1	-1	-1	-1	-1	-1
Ecoli9000q_47470_1-193	1.0	1.0	0	1.0	1.0	1.0	-1	0	1.0	1.0	1.0	1.0	1.0
SEN0616_1-196	0.8206893434142712	0.5040637978870628	1.0	0.5398598352273065	0.17719007099170087	0.0703024306670568	-1	1.0	0.0	0.8448077131485164	0.7074983797997679	0.37888783480003263	0.6377768582997332
t2220_1-196	0.13450605888955738	0.6870720746130521	1.0	0.6627282321069546	0.8113874403064985	0.8557181081349549	-1	1.0	0.8448077131485164	0.0	0.46943101803933046	0.7501380659618553	0.5715561238770815
ETEC_0669_1-193	0.38697550986903384	0.4102031290435578	1.0	0.36432060795056626	0.6445088836582552	0.7280619546738966	-1	1.0	0.7074983797997679	0.46943101803933046	0.0	0.5290679581101733	0.19248223946367346
STM_MW07121_1-196	0.7113071251341542	0.20153519782812454	1.0	0.2591673604967131	0.2451328754034729	0.4225535297304689	-1	1.0	0.37888783480003263	0.7501380659618553	0.5290679581101733	0.0	0.41681525174499034
ROD_06611_1-199	0.5049718365755188	0.26961746257479385	1.0	0.21279825272544278	0.5597730059761914	0.6632420256051197	-1	1.0	0.6377768582997332	0.5715561238770815	0.19248223946367346	0.41681525174499034	0.0
