ROD_22402_1-35	0.0	0.25294125035920906	0.11909410294801764	0.19650528735268974	0.161127652880931	0.2280534940811088	0.3523893897541696	0.518289769052763	0.2984468705078536	0.032066602007854494	-1
ETEC_2263_1-35	0.25294125035920906	0.0	0.13384714741119141	0.05643596300651932	0.41406890324014006	0.024887756278100248	0.6053306401133787	0.2653485186935539	0.045505620148644566	0.28500785236706355	-1
STM_MW21931_1-35	0.11909410294801764	0.13384714741119141	0.0	0.0774111844046721	0.28022175582894865	0.10895939113309117	0.47148349270218726	0.39919566610474533	0.17935276755983598	0.15116070495587214	-1
CS17_02377_1-35	0.19650528735268974	0.05643596300651932	0.0774111844046721	0.0	0.35763294023362074	0.03154820672841907	0.5488946771068594	0.32178448170007323	0.10194158315516388	0.22857188936054423	-1
SL1344_2139_1-35	0.161127652880931	0.41406890324014006	0.28022175582894865	0.35763294023362074	0.0	0.3891811469620398	0.1912617368732386	0.6794174219336939	0.45957452338878463	0.1290610508730765	-1
SEN2155_1-35	0.2280534940811088	0.024887756278100248	0.10895939113309117	0.03154820672841907	0.3891811469620398	0.0	0.5804428838352784	0.29023627497165416	0.07039337642674481	0.2601200960889633	-1
t0694_1-35	0.3523893897541696	0.6053306401133787	0.47148349270218726	0.5488946771068594	0.1912617368732386	0.5804428838352784	0.0	0.8706791588069326	0.6508362602620232	0.3203227877463151	-1
NCTC13441_01581_1-35	0.518289769052763	0.2653485186935539	0.39919566610474533	0.32178448170007323	0.6794174219336939	0.29023627497165416	0.8706791588069326	0.0	0.21984289854490935	0.5503563710606174	-1
ERS227112_04015_1-35	0.2984468705078536	0.045505620148644566	0.17935276755983598	0.10194158315516388	0.45957452338878463	0.07039337642674481	0.6508362602620232	0.21984289854490935	0.0	0.3305134725157081	-1
BN373_31671_1-35	0.032066602007854494	0.28500785236706355	0.15116070495587214	0.22857188936054423	0.1290610508730765	0.2601200960889633	0.3203227877463151	0.5503563710606174	0.3305134725157081	0.0	-1
b4542_1-35	-1	-1	-1	-1	-1	-1	-1	-1	-1	-1	-1
