ROD_32671_1-126	0.0	0.6062185033636706	0.6261978008932706	0.31092981186157315	-1	0.5573863593924471	0.6301481565190686	0.6679640529015245	0.028333349693979513	0.5906655518438516	0.5381565934324155	0.6460424625555998	0.6113281630472999	0.47337892951172933
SL1344_4335_1-125	0.6062185033636706	0.0	0.05073701456331158	0.4285320952570031	-1	0.11032679405043655	0.060768861309646496	0.15680155127979023	0.5947360172212246	0.037995706420208074	0.1473701019942894	0.10113212411478067	0.012975875523039767	0.25224887741156166
ENC_43140_1-117	0.6261978008932706	0.05073701456331158	0.0	0.45752667066241365	-1	0.15546615645728765	0.01056803741454216	0.11173356418999725	0.6152979018174569	0.08680493227353425	0.19062999754652	0.05308867018372773	0.03825756443418447	0.2901875370080639
t4455_1-125	0.31092981186157315	0.4285320952570031	0.45752667066241365	0.0	-1	0.35766537541943905	0.4632595491032445	0.5181391492273164	0.29083684417757016	0.40596117028078793	0.3297585434434655	0.4863258583270855	0.4359473916543605	0.23575119116533585
b4212_1-126	-1	-1	-1	-1	-1	-1	-1	-1	-1	-1	-1	-1	-1	-1
NCTC13441_04233_1-126	0.5573863593924471	0.11032679405043655	0.15546615645728765	0.35766537541943905	-1	0.0	0.16439122171369414	0.2498289328753924	0.5444799505384337	0.07518790520265914	0.041636982766403416	0.20030133513612264	0.1218710828270218	0.15952158883963383
STM_MW43461_1-125	0.6301481565190686	0.060768861309646496	0.01056803741454216	0.4632595491032445	-1	0.16439122171369414	0.0	0.10224606703739608	0.6193634479845029	0.0964556119160429	0.19918345001465645	0.04297479197869863	0.048421294476396905	0.29768886167427094
CS17_04700_1-126	0.6679640529015245	0.15680155127979023	0.11173356418999725	0.5181391492273164	-1	0.2498289328753924	0.10224606703739608	0.0	0.6582820383987629	0.1888394719913382	0.28106379266911413	0.061932825344531775	0.1457164745927218	0.3694974134046334
Ecoli9000q_38710_1-126	0.028333349693979513	0.5947360172212246	0.6152979018174569	0.29083684417757016	-1	0.5444799505384337	0.6193634479845029	0.6582820383987629	0.0	0.5787295488352605	0.524689453505346	0.635721224626858	0.5999946722157333	0.45802290289327663
ERS227112_02083_1-124	0.5906655518438516	0.037995706420208074	0.08680493227353425	0.40596117028078793	-1	0.07518790520265914	0.0964556119160429	0.1888394719913382	0.5787295488352605	0.0	0.11369429045589746	0.1352852440374715	0.05047855438632926	0.222715399942841
ETEC_4565_1-126	0.5381565934324155	0.1473701019942894	0.19062999754652	0.3297585434434655	-1	0.041636982766403416	0.19918345001465645	0.28106379266911413	0.524689453505346	0.11369429045589746	0.0	0.2335983746633757	0.15843372141803358	0.12300621367205428
STMMW_43461_1-125	0.6460424625555998	0.10113212411478067	0.05308867018372773	0.4863258583270855	-1	0.20030133513612264	0.04297479197869863	0.061932825344531775	0.635721224626858	0.1352852440374715	0.2335983746633757	0.0	0.08931519139763307	0.3278705367481422
BN373_02161_1-123	0.6113281630472999	0.012975875523039767	0.03825756443418447	0.4359473916543605	-1	0.1218710828270218	0.048421294476396905	0.1457164745927218	0.5999946722157333	0.05047855438632926	0.15843372141803358	0.08931519139763307	0.0	0.2619516029004825
SEN4170_1-125	0.47337892951172933	0.25224887741156166	0.2901875370080639	0.23575119116533585	-1	0.15952158883963383	0.29768886167427094	0.3694974134046334	0.45802290289327663	0.222715399942841	0.12300621367205428	0.3278705367481422	0.2619516029004825	0.0
