ETEC_2423_3-147	0.0	0.4824506547269368	0.2040726999838471	0.011955854637719988	0.319410897074737	0.2643706118428404	-1	0.3626452062669452	0.18099942432268024	0.16673770975579294	0.40668902168604004	0.6093750479971844
STM_MW23501_3-147	0.4824506547269368	0.0	0.5880683469916832	0.4886383994668687	0.6477615553810487	0.2964536849600493	-1	0.6701374437968093	0.3680720616770679	0.3788878348000325	0.6929322916302895	0.7978323118436211
ERS227112_03900_1-118	0.2040726999838471	0.5880683469916832	0.0	0.19444156037753235	0.14491046743659777	0.4144924872715374	-1	0.1992298873023704	0.348135083089476	0.3367837951206523	0.2545663676796624	0.5092203119620498
SL1344_2297_3-147	0.011955854637719988	0.4886383994668687	0.19444156037753235	0.0	0.3111754104107205	0.27316568987488227	-1	0.35493287751898994	0.19079127615368727	0.17670007257304632	0.3995096463059206	0.6046482803057474
STMMW_23501_3-147	0.319410897074737	0.6477615553810487	0.14491046743659777	0.3111754104107205	0.0	0.4993386546286587	-1	0.06352483312821397	0.442597132904499	0.432890765381245	0.12823908616251714	0.426048771095721
NCTC13441_01423_3-147	0.2643706118428404	0.2964536849600493	0.4144924872715374	0.27316568987488227	0.4993386546286587	0.0	-1	0.5311430830471202	0.10179625020557713	0.11716947140189657	0.5635430080359758	0.7126448055592489
b2288_3-147	-1	-1	-1	-1	-1	-1	-1	-1	-1	-1	-1	-1
CS17_02534_3-147	0.3626452062669452	0.6701374437968093	0.1992298873023704	0.35493287751898994	0.06352483312821397	0.5311430830471202	-1	0.0	0.4780060570219287	0.46891628487587056	0.06910407806164845	0.3871153777397929
t0536_3-147	0.18099942432268024	0.3680720616770679	0.348135083089476	0.19079127615368727	0.442597132904499	0.10179625020557713	-1	0.4780060570219287	0.0	0.017115516607270898	0.514077967205193	0.6800779394357687
SEN2310_3-147	0.16673770975579294	0.3788878348000325	0.3367837951206523	0.17670007257304632	0.432890765381245	0.11716947140189657	-1	0.46891628487587056	0.017115516607270898	0.0	0.5056163353830787	0.6745069578676005
ROD_26901_1-145	0.40668902168604004	0.6929322916302895	0.2545663676796624	0.3995096463059206	0.12823908616251714	0.5635430080359758	-1	0.06910407806164845	0.514077967205193	0.5056163353830787	0.0	0.34161853348327875
BN373_32891_1-145	0.6093750479971844	0.7978323118436211	0.5092203119620498	0.6046482803057474	0.426048771095721	0.7126448055592489	-1	0.3871153777397929	0.6800779394357687	0.6745069578676005	0.34161853348327875	0.0
