ETEC_1144_5-232	0.0	-1	0.4212839606357577	0.23759139451880984	0.35153429063472774	0.15105786919591213	0.19374073197676367	0.4454634826955267	0.19389923616716398	0.27966136621841786	0.2842597755351052	0.14056311944018363	0.3852774006218084	0.4095077937736976
b1079_5-232	-1	-1	-1	-1	-1	-1	-1	-1	-1	-1	-1	-1	-1	-1
Ecoli9000q_54410_8-235	0.4212839606357577	-1	0.0	0.6588753551545675	0.06974967000102991	0.27022609143984555	0.22754322865899398	0.8667474433312844	0.22738472446859367	0.7009453268541755	0.13702418510065248	0.5618470800759413	0.8065613612575661	0.011776166862060039
ENC_15640_9-235	0.23759139451880984	-1	0.6588753551545675	0.0	0.5891256851535376	0.38864926371472197	0.4313321264955735	0.20787208817671687	0.4314906306859738	0.04206997169960802	0.521851170053915	0.09702827507862621	0.14768600610299853	0.6470991882925075
t1740_6-232	0.35153429063472774	-1	0.06974967000102991	0.5891256851535376	0.0	0.2004764214388156	0.15779355865796407	0.7969977733302545	0.15763505446756376	0.6311956568531456	0.06727451509962257	0.49209741007491137	0.7368116912565361	0.05797350313896987
SEN1868_6-232	0.15105786919591213	-1	0.27022609143984555	0.38864926371472197	0.2004764214388156	0.0	0.04268286278085154	0.5965213518914388	0.04284136697125185	0.43071923541433	0.13320190633919304	0.29162098863609576	0.5363352698177205	0.2584499245777855
ROD_03121_1-221	0.19374073197676367	-1	0.22754322865899398	0.4313321264955735	0.15779355865796407	0.04268286278085154	0.0	0.6392042146722904	0.00015850419040031039	0.47340209819518153	0.0905190435583415	0.3343038514169473	0.579018132598572	0.21576706179693395
ENC_28420_14-237	0.4454634826955267	-1	0.8667474433312844	0.20787208817671687	0.7969977733302545	0.5965213518914388	0.6392042146722904	0.0	0.6393627188626907	0.16580211647710885	0.7297232582306319	0.3049003632553431	0.06018608207371834	0.8549712764692243
NCTC13441_02833_5-232	0.19389923616716398	-1	0.22738472446859367	0.4314906306859738	0.15763505446756376	0.04284136697125185	0.00015850419040031039	0.6393627188626907	0.0	0.47356060238558184	0.0903605393679412	0.3344623556073476	0.5791766367889724	0.21560855760653364
NCTC13441_03721_26-246	0.27966136621841786	-1	0.7009453268541755	0.04206997169960802	0.6311956568531456	0.43071923541433	0.47340209819518153	0.16580211647710885	0.47356060238558184	0.0	0.563921141753523	0.13909824677823424	0.10561603440339051	0.6891691599921155
STMMW_11881_6-232	0.2842597755351052	-1	0.13702418510065248	0.521851170053915	0.06727451509962257	0.13320190633919304	0.0905190435583415	0.7297232582306319	0.0903605393679412	0.563921141753523	0.0	0.4248228949752888	0.6695371761569135	0.12524801823859244
CS17_01217_5-232	0.14056311944018363	-1	0.5618470800759413	0.09702827507862621	0.49209741007491137	0.29162098863609576	0.3343038514169473	0.3049003632553431	0.3344623556073476	0.13909824677823424	0.4248228949752888	0.0	0.24471428118162475	0.5500709132138812
SL1344_1117_6-232	0.3852774006218084	-1	0.8065613612575661	0.14768600610299853	0.7368116912565361	0.5363352698177205	0.579018132598572	0.06018608207371834	0.5791766367889724	0.10561603440339051	0.6695371761569135	0.24471428118162475	0.0	0.794785194395506
STM_MW11881_6-232	0.4095077937736976	-1	0.011776166862060039	0.6470991882925075	0.05797350313896987	0.2584499245777855	0.21576706179693395	0.8549712764692243	0.21560855760653364	0.6891691599921155	0.12524801823859244	0.5500709132138812	0.794785194395506	0.0
