t1302_1-214	0.0	0.17333978056830301	0.07897525310338699	0.23053825554159102	0.360298705041173	0.234337771691001	0.9998087871366821	-1	1.104464981631762	0.286789292698133	0.215603320079079	0.24088847214507403	0.15478680324572303
SEN1613_1-214	0.17333978056830301	0.0	0.25231503367169	0.057198474973288005	0.18695892447287	0.06099799112269799	0.8264690065683791	-1	0.931125201063459	0.11344951212983001	0.042263539510775994	0.06754869157677101	0.01855297732257999
STM_MW14371_1-214	0.07897525310338699	0.25231503367169	0.0	0.309513508644978	0.43927395814456	0.313313024794388	1.078784040240069	-1	1.183440234735149	0.36576454580152	0.294578573182466	0.319863725248461	0.23376205634911001
ERS227112_04683_1-215	0.23053825554159102	0.057198474973288005	0.309513508644978	0.0	0.129760449499582	0.003799516149409987	0.7692705315950911	-1	0.873926726090171	0.056251037156542005	0.014934935462512011	0.010350216603483009	0.075751452295868
SL1344_1366_1-214	0.360298705041173	0.18695892447287	0.43927395814456	0.129760449499582	0.0	0.125960933350172	0.6395100820955091	-1	0.744166276590589	0.07350941234303998	0.144695384962094	0.11941023289609898	0.20551190179544998
CS17_01831_1-214	0.234337771691001	0.06099799112269799	0.313313024794388	0.003799516149409987	0.125960933350172	0.0	0.7654710154456811	-1	0.870127209940761	0.05245152100713202	0.018734451611922	0.006550700454073022	0.07955096844527798
ROD_14171_1-214	0.9998087871366821	0.8264690065683791	1.078784040240069	0.7692705315950911	0.6395100820955091	0.7654710154456811	0.0	-1	0.1046561944950799	0.7130194944385491	0.7842054670576031	0.7589203149916081	0.8450219838909591
b1652_1-214	-1	-1	-1	-1	-1	-1	-1	-1	-1	-1	-1	-1	-1
BN373_25721_1-214	1.104464981631762	0.931125201063459	1.183440234735149	0.873926726090171	0.744166276590589	0.870127209940761	0.1046561944950799	-1	0.0	0.817675688933629	0.888861661552683	0.863576509486688	0.949678178386039
ENC_13260_1-214	0.286789292698133	0.11344951212983001	0.36576454580152	0.056251037156542005	0.07350941234303998	0.05245152100713202	0.7130194944385491	-1	0.817675688933629	0.0	0.07118597261905402	0.045900820553058996	0.13200248945241
STMMW_14371_1-214	0.215603320079079	0.042263539510775994	0.294578573182466	0.014934935462512011	0.144695384962094	0.018734451611922	0.7842054670576031	-1	0.888861661552683	0.07118597261905402	0.0	0.02528515206599502	0.06081651683335598
ETEC_1687_1-214	0.24088847214507403	0.06754869157677101	0.319863725248461	0.010350216603483009	0.11941023289609898	0.006550700454073022	0.7589203149916081	-1	0.863576509486688	0.045900820553058996	0.02528515206599502	0.0	0.086101668899351
NCTC13441_02229_1-214	0.15478680324572303	0.01855297732257999	0.23376205634911001	0.075751452295868	0.20551190179544998	0.07955096844527798	0.8450219838909591	-1	0.949678178386039	0.13200248945241	0.06081651683335598	0.086101668899351	0.0
