BN373_43411_1-177	0	0	1.0	0	-1	1.0	1.0	0	1.0	0	0	0	1.0
t4080_1-177	0	0	1.0	0	-1	1.0	1.0	0	1.0	0	0	0	1.0
ETEC_3557_1-177	1.0	1.0	0.0	1.0	-1	0.38813939801626735	0.21682950862557276	1.0	0.7822114870639159	1.0	1.0	1.0	0.5679631681226166
STM_MW34181_1-177	0	0	1.0	0	-1	1.0	1.0	0	1.0	0	0	0	1.0
b3305_1-177	-1	-1	-1	-1	-1	-1	-1	-1	-1	-1	-1	-1	-1
CS17_03740_1-177	1.0	1.0	0.38813939801626735	1.0	-1	0.0	0.2187389480035871	1.0	0.6440553416415681	1.0	1.0	1.0	0.29389663188532955
ROD_45171_1-177	1.0	1.0	0.21682950862557276	1.0	-1	0.2187389480035871	0.0	1.0	0.7219143017583878	1.0	1.0	1.0	0.44834893980852214
NCTC13441_00390_1-177	0	0	1.0	0	-1	1.0	1.0	0	1.0	0	0	0	1.0
STMMW_34181_1-177	1.0	1.0	0.7822114870639159	1.0	-1	0.6440553416415681	0.7219143017583878	1.0	0.0	1.0	1.0	1.0	0.4959029025611066
SL1344_3392_1-177	0	0	1.0	0	-1	1.0	1.0	0	1.0	0	0	0	1.0
ENC_25190_1-177	0	0	1.0	0	-1	1.0	1.0	0	1.0	0	0	0	1.0
ERS227112_00882_1-177	0	0	1.0	0	-1	1.0	1.0	0	1.0	0	0	0	1.0
SEN3253_1-177	1.0	1.0	0.5679631681226166	1.0	-1	0.29389663188532955	0.44834893980852214	1.0	0.4959029025611066	1.0	1.0	1.0	0.0
