NCTC13441_03252_1-263	0.0	0.10068359578269281	-1	0.014475567088605257	0.055340010699503894	0.37191806595061483	0.1758266703557234	1.0079328879324563	0.3594998829797801	0.005250610729054028	0.5262192564763907	0.057682139704938795	0.2775321990662476
t2126_1-262	0.10068359578269281	0.0	-1	0.08620802869408756	0.04534358508318892	0.271234470167922	0.0751430745730306	0.9072492921497636	0.25881628719708727	0.09543298505363879	0.42553566069369786	0.04300145607775402	0.17684860328355478
b0742_1-263	-1	-1	-1	-1	-1	-1	-1	-1	-1	-1	-1	-1	-1
STMMW_08071_1-262	0.014475567088605257	0.08620802869408756	-1	0.0	0.04086444361089864	0.35744249886200957	0.16135110326711816	0.9934573208438511	0.3450243158911748	0.009224956359551229	0.5117436893877854	0.04320657261633354	0.26305663197764234
ERS227112_03189_1-263	0.055340010699503894	0.04534358508318892	-1	0.04086444361089864	0.0	0.31657805525111093	0.12048665965621952	0.9525928772329525	0.3041598722802762	0.050089399970449866	0.4708792457768868	0.002342129005434901	0.2221921883667437
BN373_13191_1-263	0.37191806595061483	0.271234470167922	-1	0.35744249886200957	0.31657805525111093	0.0	0.19609139559489142	0.6360148219818416	0.012418182970834746	0.3666674552215608	0.15430119052577584	0.31423592624567603	0.09438586688436723
SEN0700_1-262	0.1758266703557234	0.0751430745730306	-1	0.16135110326711816	0.12048665965621952	0.19609139559489142	0.0	0.832106217576733	0.18367321262405667	0.17057605962666939	0.35039258612066726	0.11814453065078462	0.10170552871052418
CS17_00741_1-263	1.0079328879324563	0.9072492921497636	-1	0.9934573208438511	0.9525928772329525	0.6360148219818416	0.832106217576733	0.0	0.6484330049526763	1.0026822772034023	0.4817136314560657	0.9502507482275175	0.7304006888662088
ROD_07361_1-263	0.3594998829797801	0.25881628719708727	-1	0.3450243158911748	0.3041598722802762	0.012418182970834746	0.18367321262405667	0.6484330049526763	0.0	0.35424927225072605	0.1667193734966106	0.3018177432748413	0.08196768391353249
Ecoli9000q_48490_1-263	0.005250610729054028	0.09543298505363879	-1	0.009224956359551229	0.050089399970449866	0.3666674552215608	0.17057605962666939	1.0026822772034023	0.35424927225072605	0.0	0.5209686457473366	0.05243152897588477	0.27228158833719357
ETEC_0753_1-263	0.5262192564763907	0.42553566069369786	-1	0.5117436893877854	0.4708792457768868	0.15430119052577584	0.35039258612066726	0.4817136314560657	0.1667193734966106	0.5209686457473366	0.0	0.4685371167714519	0.24868705741014308
STM_MW08071_1-231	0.057682139704938795	0.04300145607775402	-1	0.04320657261633354	0.002342129005434901	0.31423592624567603	0.11814453065078462	0.9502507482275175	0.3018177432748413	0.05243152897588477	0.4685371167714519	0.0	0.2198500593613088
SL1344_0732_1-262	0.2775321990662476	0.17684860328355478	-1	0.26305663197764234	0.2221921883667437	0.09438586688436723	0.10170552871052418	0.7304006888662088	0.08196768391353249	0.27228158833719357	0.24868705741014308	0.2198500593613088	0.0
