STMMW_23261_1-17	0.0	0.27999999999999997	-1	-1	0.22534223328620642	0.2682440046770843	0.146746314831344	0.5158048499875383	0.535510466557813	0.40761524481385103	0.2333844344649837	0.09838206153338021	0.49910114529632243	0.777188704799175
STMMW_23261_27-111	0.27999999999999997	0.0	-1	-1	0.4422464079660686	0.016065458155526128	0.15617123897017424	0.3275067360938032	0.3548756479969625	0.1772433955747931	0.060806964573545515	0.35083508430403376	0.6393528246133521	0.6905398677766319
b4544_1-15	-1	-1	-1	-1	-1	-1	-1	-1	-1	-1	-1	-1	-1	-1
b4544_27-111	-1	-1	-1	-1	-1	-1	-1	-1	-1	-1	-1	-1	-1	-1
CS17_02506_1-15	0.22534223328620642	0.4422464079660686	-1	-1	0.0	0.433139534883721	0.33902040580693465	0.6249144664376962	0.6401795753617434	0.5411045485122005	0.4061352980746124	0.1408137153623487	0.35339336126640736	0.8273974996611212
CS17_02506_27-112	0.2682440046770843	0.016065458155526128	-1	-1	0.433139534883721	0.0	0.1423933959590515	0.3383106484849614	0.36523986627917815	0.190461357375369	0.045472035501617214	0.3402356680363633	0.6334642600202018	0.6955114865816701
SL1344_2271_1-85	0.146746314831344	0.15617123897017424	-1	-1	0.33902040580693465	0.1423933959590515	0.0	0.4325308423171303	0.4556255173391076	0.3057343138587712	0.10153852381723333	0.23069117138919015	0.572606206327328	0.7388686400378293
NCTC13441_01450_1-15	0.5158048499875383	0.3275067360938032	-1	-1	0.6249144664376962	0.3383106484849614	0.4325308423171303	0.0	0.04069767441860475	0.1826340131587116	0.36839901016809534	0.5634409670302286	0.7574672039056826	0.5398316253372415
NCTC13441_01450_27-112	0.535510466557813	0.3548756479969625	-1	-1	0.6401795753617434	0.36523986627917815	0.4556255173391076	0.04069767441860475	0.0	0.21589890797201994	0.3941037016147427	0.5812079044185333	0.7673377246769629	0.5203093306545791
ETEC_2392_1-15	0.40761524481385103	0.1772433955747931	-1	-1	0.5411045485122005	0.190461357375369	0.3057343138587712	0.1826340131587116	0.21589890797201994	0.0	0.22727272727272724	0.4658952782500111	0.7032751545833394	0.6238740223306227
ETEC_2392_27-111	0.2333844344649837	0.060806964573545515	-1	-1	0.4061352980746124	0.045472035501617214	0.10153852381723333	0.36839901016809534	0.3941037016147427	0.22727272727272724	0.0	0.30880565420589673	0.6160031412254983	0.709357199073663
ENC_26890_1-18	0.09838206153338021	0.35083508430403376	-1	-1	0.1408137153623487	0.3402356680363633	0.23069117138919015	0.5634409670302286	0.5812079044185333	0.4658952782500111	0.30880565420589673	0.0	0.44444444444444453	0.7991093393539547
ENC_26890_23-107	0.49910114529632243	0.6393528246133521	-1	-1	0.35339336126640736	0.6334642600202018	0.572606206327328	0.7574672039056826	0.7673377246769629	0.7032751545833394	0.6160031412254983	0.44444444444444453	0.0	0.8883940774188638
STM_MW23261_1-86	0.777188704799175	0.6905398677766319	-1	-1	0.8273974996611212	0.6955114865816701	0.7388686400378293	0.5398316253372415	0.5203093306545791	0.6238740223306227	0.709357199073663	0.7991093393539547	0.8883940774188638	0.0
