ROD_09485_1-72	0.0	0.030739388064487214	0.01735194922436567	0.07691003936074177	0.054277174000876935	0.054277174000876935	0.054277174000876935	-1	0.008468875794534952	0.005481807730621374	0.054277174000876935	0.08467042581144839	0.054277174000876935	0.04648320823507897
ETEC_0952_1-72	0.030739388064487214	0.0	0.013387438840121543	0.046170651296254556	0.08501656206536415	0.08501656206536415	0.08501656206536415	-1	0.039208263859022166	0.03622119579510859	0.08501656206536415	0.053931037746961175	0.08501656206536415	0.015743820170591755
ENC_17990_1-72	0.01735194922436567	0.013387438840121543	0.0	0.0595580901363761	0.0716291232252426	0.0716291232252426	0.0716291232252426	-1	0.025820825018900623	0.022833756954987044	0.0716291232252426	0.06731847658708272	0.0716291232252426	0.029131259010713298
SEN0857_1-72	0.07691003936074177	0.046170651296254556	0.0595580901363761	0.0	0.1311872133616187	0.1311872133616187	0.1311872133616187	-1	0.08537891515527672	0.08239184709136314	0.1311872133616187	0.007760386450706619	0.1311872133616187	0.0304268311256628
Ecoli9000q_50600_1-72	0.054277174000876935	0.08501656206536415	0.0716291232252426	0.1311872133616187	0.0	0.0	0.0	-1	0.04580829820634198	0.04879536627025556	0.0	0.13894759981232532	0.0	0.1007603822359559
SL1344_0891_1-72	0.054277174000876935	0.08501656206536415	0.0716291232252426	0.1311872133616187	0.0	0.0	0.0	-1	0.04580829820634198	0.04879536627025556	0.0	0.13894759981232532	0.0	0.1007603822359559
ERS227112_03403_1-72	0.054277174000876935	0.08501656206536415	0.0716291232252426	0.1311872133616187	0.0	0.0	0.0	-1	0.04580829820634198	0.04879536627025556	0.0	0.13894759981232532	0.0	0.1007603822359559
b0884_1-72	-1	-1	-1	-1	-1	-1	-1	-1	-1	-1	-1	-1	-1	-1
t1980_1-72	0.008468875794534952	0.039208263859022166	0.025820825018900623	0.08537891515527672	0.04580829820634198	0.04580829820634198	0.04580829820634198	-1	0.0	0.0029870680639135783	0.04580829820634198	0.09313930160598334	0.04580829820634198	0.05495208402961392
STMMW_09651_1-72	0.005481807730621374	0.03622119579510859	0.022833756954987044	0.08239184709136314	0.04879536627025556	0.04879536627025556	0.04879536627025556	-1	0.0029870680639135783	0.0	0.04879536627025556	0.09015223354206976	0.04879536627025556	0.05196501596570034
STM_MW09651_1-72	0.054277174000876935	0.08501656206536415	0.0716291232252426	0.1311872133616187	0.0	0.0	0.0	-1	0.04580829820634198	0.04879536627025556	0.0	0.13894759981232532	0.0	0.1007603822359559
CS17_00946_1-72	0.08467042581144839	0.053931037746961175	0.06731847658708272	0.007760386450706619	0.13894759981232532	0.13894759981232532	0.13894759981232532	-1	0.09313930160598334	0.09015223354206976	0.13894759981232532	0.0	0.13894759981232532	0.03818721757636942
NCTC13441_03109_1-72	0.054277174000876935	0.08501656206536415	0.0716291232252426	0.1311872133616187	0.0	0.0	0.0	-1	0.04580829820634198	0.04879536627025556	0.0	0.13894759981232532	0.0	0.1007603822359559
BN373_15321_1-72	0.04648320823507897	0.015743820170591755	0.029131259010713298	0.0304268311256628	0.1007603822359559	0.1007603822359559	0.1007603822359559	-1	0.05495208402961392	0.05196501596570034	0.1007603822359559	0.03818721757636942	0.1007603822359559	0.0
