NCTC13441_03930_1-783	0.0	0.26521728366102304	0.385459551552911	0.23838292328448152	0.08447547939148847	-1	0.3092618548564332	0.06042542986669841	0.12980313485320483	0.2217326444192248	0.11624716357719278	0.4680975352258282	0.9308824098302354
SEN0099_1-783	0.26521728366102304	0.0	0.12024226789188797	0.02683436037654152	0.18074180426953457	-1	0.044044571195410165	0.20479185379432463	0.39502041851422787	0.48694992808024784	0.3814644472382158	0.20288025156480516	1.1960996934912584
t0100_1-783	0.385459551552911	0.12024226789188797	0.0	0.1470766282684295	0.30098407216142253	-1	0.0761976966964778	0.3250341216862126	0.5152626864061158	0.6071921959721358	0.5017067151301038	0.08263798367291719	1.3163419613831464
ROD_00651_1-783	0.23838292328448152	0.02683436037654152	0.1470766282684295	0.0	0.15390744389299305	-1	0.07087893157195169	0.1779574934177831	0.36818605813768635	0.4601155677037063	0.3546300868616743	0.22971461194134668	1.169265333114717
ERS227112_02395_3-785	0.08447547939148847	0.18074180426953457	0.30098407216142253	0.15390744389299305	0.0	-1	0.22478637546494473	0.024050049524790063	0.2142786142446933	0.3062081238107133	0.20072264296868125	0.3836220558343397	1.0153578892217239
b0060_1-783	-1	-1	-1	-1	-1	-1	-1	-1	-1	-1	-1	-1	-1
STM_MW01021_1-783	0.3092618548564332	0.044044571195410165	0.0761976966964778	0.07087893157195169	0.22478637546494473	-1	0.0	0.2488364249897348	0.43906498970963803	0.530994499275658	0.425509018433626	0.158835680369395	1.2401442646866685
SL1344_0098_1-783	0.06042542986669841	0.20479185379432463	0.3250341216862126	0.1779574934177831	0.024050049524790063	-1	0.2488364249897348	0.0	0.19022856471990324	0.2821580742859232	0.1766725934438912	0.4076721053591298	0.9913078396969338
ETEC_0059_1-783	0.12980313485320483	0.39502041851422787	0.5152626864061158	0.36818605813768635	0.2142786142446933	-1	0.43906498970963803	0.19022856471990324	0.0	0.09192950956601997	0.013555971276012047	0.597900670079033	0.8010792749770306
BN373_05471_3-785	0.2217326444192248	0.48694992808024784	0.6071921959721358	0.4601155677037063	0.3062081238107133	-1	0.530994499275658	0.2821580742859232	0.09192950956601997	0.0	0.10548548084203202	0.689830179645053	0.7091497654110106
STMMW_01021_1-783	0.11624716357719278	0.3814644472382158	0.5017067151301038	0.3546300868616743	0.20072264296868125	-1	0.425509018433626	0.1766725934438912	0.013555971276012047	0.10548548084203202	0.0	0.584344698803021	0.8146352462530426
Ecoli9000q_41130_1-783	0.4680975352258282	0.20288025156480516	0.08263798367291719	0.22971461194134668	0.3836220558343397	-1	0.158835680369395	0.4076721053591298	0.597900670079033	0.689830179645053	0.584344698803021	0.0	1.3989799450560636
CS17_00059_1-783	0.9308824098302354	1.1960996934912584	1.3163419613831464	1.169265333114717	1.0153578892217239	-1	1.2401442646866685	0.9913078396969338	0.8010792749770306	0.7091497654110106	0.8146352462530426	1.3989799450560636	0.0
