CS17_03796_1-244	0.0	0.5468408004239225	0.6467566227118391	0.7800407907900994	-1	0.36780459038761404	-1	0.8634751489799837	0.86705884323726	0.9067212343569031	0.8282778052612976	0.6414278849961619	0.2493562845513524	0.9326208520219296
SL1344_2122_1-248	0.5468408004239225	0.0	0.09991582228791662	0.2331999903661769	-1	0.17903621003630843	-1	0.31663434855606115	0.32021804281333754	0.3598804339329807	0.2814370048373751	0.09458708457223941	0.2974845158725701	0.3857800515980071
CS17_02345_1-248	0.6467566227118391	0.09991582228791662	0.0	0.13328416807826027	-1	0.27895203232422505	-1	0.21671852626814453	0.22030222052542092	0.25996461164506407	0.18152118254945848	0.005328737715677212	0.3974003381604867	0.2858642293100905
STMMW_21761_1-248	0.7800407907900994	0.2331999903661769	0.13328416807826027	0.0	-1	0.4122362004024853	-1	0.08343435818988426	0.08701805244716065	0.1266804435668038	0.048237014471198214	0.13861290579393748	0.530684506238747	0.1525800612318302
b3375_1-243	-1	-1	-1	-1	-1	-1	-1	-1	-1	-1	-1	-1	-1	-1
ROD_42941_1-239	0.36780459038761404	0.17903621003630843	0.27895203232422505	0.4122362004024853	-1	0.0	-1	0.4956705585923696	0.499254252849646	0.5389166439692892	0.46047321487368353	0.27362329460854784	0.11844830583626165	0.5648162616343155
b2101_1-248	-1	-1	-1	-1	-1	-1	-1	-1	-1	-1	-1	-1	-1	-1
NCTC13441_01613_1-248	0.8634751489799837	0.31663434855606115	0.21671852626814453	0.08343435818988426	-1	0.4956705585923696	-1	0.0	0.003583694257276393	0.04324608537691954	0.03519734371868605	0.22204726398382174	0.6141188644286313	0.06914570304194595
t0711_1-248	0.86705884323726	0.32021804281333754	0.22030222052542092	0.08701805244716065	-1	0.499254252849646	-1	0.003583694257276393	0.0	0.03966239111964315	0.03878103797596244	0.22563095824109813	0.6177025586859076	0.06556200878466956
STM_MW21761_1-248	0.9067212343569031	0.3598804339329807	0.25996461164506407	0.1266804435668038	-1	0.5389166439692892	-1	0.04324608537691954	0.03966239111964315	0.0	0.07844342909560559	0.2652933493607413	0.6573649498055507	0.02589961766502641
ROD_22261_1-248	0.8282778052612976	0.2814370048373751	0.18152118254945848	0.048237014471198214	-1	0.46047321487368353	-1	0.03519734371868605	0.03878103797596244	0.07844342909560559	0.0	0.1868499202651357	0.5789215207099452	0.104343046760632
ETEC_2240_1-248	0.6414278849961619	0.09458708457223941	0.005328737715677212	0.13861290579393748	-1	0.27362329460854784	-1	0.22204726398382174	0.22563095824109813	0.2652933493607413	0.1868499202651357	0.0	0.3920716004448095	0.2911929670257677
ETEC_3625_1-243	0.2493562845513524	0.2974845158725701	0.3974003381604867	0.530684506238747	-1	0.11844830583626165	-1	0.6141188644286313	0.6177025586859076	0.6573649498055507	0.5789215207099452	0.3920716004448095	0.0	0.6832645674705772
SEN2141_1-248	0.9326208520219296	0.3857800515980071	0.2858642293100905	0.1525800612318302	-1	0.5648162616343155	-1	0.06914570304194595	0.06556200878466956	0.02589961766502641	0.104343046760632	0.2911929670257677	0.6832645674705772	0.0
