STM_MW41281_1-429	0.0	0.15998813388314415	0.32397837188399037	0.4562463405801378	0.5007241869117478	0.5135828006316009	-1	0.4619660730207207	0.9331241132577923	0.09619512162733534	0.2432992357904753	0.6801474999071933	0.25606490421630657	0.3060444270536514
NCTC13441_04489_1-429	0.15998813388314415	0.0	0.16399023800084622	0.29625820669699365	0.34073605302860366	0.673570934514745	-1	0.6219542069038648	0.7731359793746482	0.0637930122558088	0.08331110190733115	0.5201593660240491	0.4160530380994507	0.46603256093679557
SL1344_4114_1-429	0.32397837188399037	0.16399023800084622	0.0	0.13226796869614743	0.17674581502775744	0.8375611725155913	-1	0.785944444904711	0.609145741373802	0.22778325025665502	0.08067913609351507	0.3561691280232029	0.5800432761002969	0.6300227989376418
STMMW_41281_1-429	0.4562463405801378	0.29625820669699365	0.13226796869614743	0.0	0.044477846331610005	0.9698291412117387	-1	0.9182124136008585	0.4768777726776545	0.36005121895280245	0.2129471047896625	0.22390115932705545	0.7123112447964444	0.7622907676337892
CS17_04471_1-429	0.5007241869117478	0.34073605302860366	0.17674581502775744	0.044477846331610005	0.0	1.0143069875433488	-1	0.9626902599324685	0.4323999263460445	0.40452906528441246	0.2574249511212725	0.17942331299544545	0.7567890911280544	0.8067686139653992
Ecoli9000q_36300_5-433	0.5135828006316009	0.673570934514745	0.8375611725155913	0.9698291412117387	1.0143069875433488	0.0	-1	0.05161672761088021	1.4467069138893933	0.6097779222589362	0.7568820364220762	1.1937303005387943	0.2575178964152943	0.20753837357794946
b4005_1-429	-1	-1	-1	-1	-1	-1	-1	-1	-1	-1	-1	-1	-1	-1
t3456_1-429	0.4619660730207207	0.6219542069038648	0.785944444904711	0.9182124136008585	0.9626902599324685	0.05161672761088021	-1	0.0	1.395090186278513	0.558161194648056	0.705265308811196	1.142113572927914	0.20590116880441411	0.15592164596706926
ENC_01210_1-429	0.9331241132577923	0.7731359793746482	0.609145741373802	0.4768777726776545	0.4323999263460445	1.4467069138893933	-1	1.395090186278513	0.0	0.836928991630457	0.689824877467317	0.25297661335059907	1.1891890174740989	1.2391685403114439
ETEC_4264_1-429	0.09619512162733534	0.0637930122558088	0.22778325025665502	0.36005121895280245	0.40452906528441246	0.6097779222589362	-1	0.558161194648056	0.836928991630457	0.0	0.14710411416313995	0.5839523782798579	0.3522600258436419	0.40223954868098677
ERS227112_01858_1-429	0.2432992357904753	0.08331110190733115	0.08067913609351507	0.2129471047896625	0.2574249511212725	0.7568820364220762	-1	0.705265308811196	0.689824877467317	0.14710411416313995	0.0	0.43684826411671795	0.49936414000678186	0.5493436628441267
BN373_50021_1-429	0.6801474999071933	0.5201593660240491	0.3561691280232029	0.22390115932705545	0.17942331299544545	1.1937303005387943	-1	1.142113572927914	0.25297661335059907	0.5839523782798579	0.43684826411671795	0.0	0.9362124041234998	0.9861919269608447
ROD_37471_1-429	0.25606490421630657	0.4160530380994507	0.5800432761002969	0.7123112447964444	0.7567890911280544	0.2575178964152943	-1	0.20590116880441411	1.1891890174740989	0.3522600258436419	0.49936414000678186	0.9362124041234998	0.0	0.04997952283734486
SEN3961_1-429	0.3060444270536514	0.46603256093679557	0.6300227989376418	0.7622907676337892	0.8067686139653992	0.20753837357794946	-1	0.15592164596706926	1.2391685403114439	0.40223954868098677	0.5493436628441267	0.9861919269608447	0.04997952283734486	0.0
