ROD_35741_1-422	0.0	0.7632005547756111	0.06646721997529448	1.2878921912153398	0.856797934662045	1.6001037747456919	0.8873480223447886	0.22094019904312479	1.825003992931046	1.0134895038503817	1.2254868099907976	0.7831621823356493	0.8778863597808315	1.1490761023791412	0.7102205878367669	1.134481674877481	0.4726528179614884	0.25327794077719346	0.404846999571185	-1	1.4961795246881104
BN373_02231_1-410	0.7632005547756111	0.0	0.6967333348003166	2.051092745990951	1.619998489437656	0.8369032199700808	1.6505485771203996	0.9841407538187359	1.0618034381554349	1.7766900586259928	1.9886873647664087	1.5463627371112603	0.11468580500522041	1.9122766571547523	1.473421142612378	1.8976822296530922	1.2358533727370995	0.5099226139984177	1.168047554346796	-1	0.7329789699124993
ETEC_0399_1-417	0.06646721997529448	0.6967333348003166	0.0	1.3543594111906343	0.9232651546373395	1.5336365547703974	0.9538152423200831	0.28740741901841926	1.7585367729557515	1.079956723825676	1.2919540299660919	0.8496294023109437	0.811419139805537	1.2155433223544359	0.7766878078120614	1.2009488948527753	0.5391200379367829	0.18681072080189898	0.47131421954647945	-1	1.429712304712816
CS17_00383_1-417	1.2878921912153398	2.051092745990951	1.3543594111906343	0.0	0.43109425655329486	2.8879959659610317	0.4005441688705513	1.066951992172215	3.112896184146386	0.27440268736495826	0.06240538122454237	0.5047300088796907	2.1657785509961713	0.13881608883619861	0.5776716033785729	0.1534105163378589	0.8152393732538514	1.5411701319925333	0.8830451916441548	-1	2.7840717159034503
ERS227112_05071_1-421	0.856797934662045	1.619998489437656	0.9232651546373395	0.43109425655329486	0.0	2.456901709407737	0.030550087682743587	0.6358577356189202	2.681801927593091	0.1566915691883366	0.3686888753287525	0.07363575232639574	1.7346842944428764	0.29227816771709625	0.14657734682527812	0.27768374021543596	0.3841451167005566	1.1100758754392386	0.45195093509086004	-1	2.3529774593501553
Ecoli9000q_44480_1-407	1.6001037747456919	0.8369032199700808	1.5336365547703974	2.8879959659610317	2.456901709407737	0.0	2.4874517970904804	1.8210439737888167	0.2249002181853541	2.6135932785960736	2.8255905847364895	2.383265957081341	0.7222174149648604	2.749179877124833	2.3103243625824588	2.734585449623173	2.0727565927071803	1.3468258339684984	2.004950774316877	-1	0.10392425005758144
BN373_21761_1-421	0.8873480223447886	1.6505485771203996	0.9538152423200831	0.4005441688705513	0.030550087682743587	2.4874517970904804	0.0	0.6664078233016638	2.7123520152758345	0.126141481505593	0.3381387876460089	0.10418584000913933	1.76523438212562	0.26172808003435266	0.1771274345080217	0.24713365253269237	0.4146952043833002	1.1406259631219822	0.4825010227736036	-1	2.383527547032899
ENC_00560_1-425	0.22094019904312479	0.9841407538187359	0.28740741901841926	1.066951992172215	0.6358577356189202	1.8210439737888167	0.6664078233016638	0.0	2.0459441919741708	0.7925493048072568	1.0045466109476728	0.5622219832925245	1.0988265588239563	0.9281359033360165	0.4892803887936421	0.9135414758343562	0.2517126189183636	0.47421813982031824	0.1839068005280602	-1	1.7171197237312352
ERS227112_05605_1-417	1.825003992931046	1.0618034381554349	1.7585367729557515	3.112896184146386	2.681801927593091	0.2249002181853541	2.7123520152758345	2.0459441919741708	0.0	2.8384934967814277	3.0504908029218436	2.608166175266695	0.9471176331502145	2.974080095310187	2.535224580767813	2.959485667808527	2.2976568108925344	1.5717260521538525	2.229850992502231	-1	0.32882446824293554
ERS227112_01404_1-413	1.0134895038503817	1.7766900586259928	1.079956723825676	0.27440268736495826	0.1566915691883366	2.6135932785960736	0.126141481505593	0.7925493048072568	2.8384934967814277	0.0	0.2119973061404159	0.23032732151473234	1.8913758636312132	0.13558659852875965	0.3032689160136147	0.12099217102709936	0.5408366858888932	1.266767444627575	0.6086425042791966	-1	2.509669028538492
CS17_02650_2-416	1.2254868099907976	1.9886873647664087	1.2919540299660919	0.06240538122454237	0.3686888753287525	2.8255905847364895	0.3381387876460089	1.0045466109476728	3.0504908029218436	0.2119973061404159	0.0	0.44232462765514824	2.103373169771629	0.07641070761165625	0.5152662221540306	0.09100513511331654	0.7528339920293091	1.4787647507679909	0.8206398104196125	-1	2.721666334678908
BN373_38931_1-413	0.7831621823356493	1.5463627371112603	0.8496294023109437	0.5047300088796907	0.07363575232639574	2.383265957081341	0.10418584000913933	0.5622219832925245	2.608166175266695	0.23032732151473234	0.44232462765514824	0.0	1.6610485421164807	0.365913920043492	0.07294159449888238	0.3513194925418317	0.3105093643741609	1.0364401231128428	0.3783151827644643	-1	2.2793417070237596
NCTC13441_03625_1-417	0.8778863597808315	0.11468580500522041	0.811419139805537	2.1657785509961713	1.7346842944428764	0.7222174149648604	1.76523438212562	1.0988265588239563	0.9471176331502145	1.8913758636312132	2.103373169771629	1.6610485421164807	0.0	2.0269624621599727	1.5881069476175984	2.0123680346583126	1.35053917774232	0.6246084190036381	1.2827333593520165	-1	0.6182931649072789
ERS227112_03305_1-414	1.1490761023791412	1.9122766571547523	1.2155433223544359	0.13881608883619861	0.29227816771709625	2.749179877124833	0.26172808003435266	0.9281359033360165	2.974080095310187	0.13558659852875965	0.07641070761165625	0.365913920043492	2.0269624621599727	0.0	0.43885551454237437	0.01459442750166029	0.6764232844176529	1.4023540431563348	0.7442291028079563	-1	2.6452556270672516
ROD_03981_1-417	0.7102205878367669	1.473421142612378	0.7766878078120614	0.5776716033785729	0.14657734682527812	2.3103243625824588	0.1771274345080217	0.4892803887936421	2.535224580767813	0.3032689160136147	0.5152662221540306	0.07294159449888238	1.5881069476175984	0.43885551454237437	0.0	0.4242610870407141	0.2375677698752785	0.9634985286139603	0.3053735882655819	-1	2.2064001125248773
BN373_14331_1-413	1.134481674877481	1.8976822296530922	1.2009488948527753	0.1534105163378589	0.27768374021543596	2.734585449623173	0.24713365253269237	0.9135414758343562	2.959485667808527	0.12099217102709936	0.09100513511331654	0.3513194925418317	2.0123680346583126	0.01459442750166029	0.4242610870407141	0.0	0.6618288569159926	1.3877596156546743	0.729634675306296	-1	2.6306611995655915
ERS227112_00378_1-422	0.4726528179614884	1.2358533727370995	0.5391200379367829	0.8152393732538514	0.3841451167005566	2.0727565927071803	0.4146952043833002	0.2517126189183636	2.2976568108925344	0.5408366858888932	0.7528339920293091	0.3105093643741609	1.35053917774232	0.6764232844176529	0.2375677698752785	0.6618288569159926	0.0	0.7259307587386818	0.06780581839030342	-1	1.9688323426495988
ENC_36510_1-417	0.25327794077719346	0.5099226139984177	0.18681072080189898	1.5411701319925333	1.1100758754392386	1.3468258339684984	1.1406259631219822	0.47421813982031824	1.5717260521538525	1.266767444627575	1.4787647507679909	1.0364401231128428	0.6246084190036381	1.4023540431563348	0.9634985286139603	1.3877596156546743	0.7259307587386818	0.0	0.6581249403483784	-1	1.242901583910917
BN373_48371_1-421	0.404846999571185	1.168047554346796	0.47131421954647945	0.8830451916441548	0.45195093509086004	2.004950774316877	0.4825010227736036	0.1839068005280602	2.229850992502231	0.6086425042791966	0.8206398104196125	0.3783151827644643	1.2827333593520165	0.7442291028079563	0.3053735882655819	0.729634675306296	0.06780581839030342	0.6581249403483784	0.0	-1	1.9010265242592954
b0343_1-417	-1	-1	-1	-1	-1	-1	-1	-1	-1	-1	-1	-1	-1	-1	-1	-1	-1	-1	-1	-1	-1
ENC_32630_1-421	1.4961795246881104	0.7329789699124993	1.429712304712816	2.7840717159034503	2.3529774593501553	0.10392425005758144	2.383527547032899	1.7171197237312352	0.32882446824293554	2.509669028538492	2.721666334678908	2.2793417070237596	0.6182931649072789	2.6452556270672516	2.2064001125248773	2.6306611995655915	1.9688323426495988	1.242901583910917	1.9010265242592954	-1	0.0
