ERS227112_01832_1-165	0.0	0.0133852979062787	0.102786893452273	0.0511657339217045	0.129140105604156	0.0250089035544313	0.0365661980089727	0.0	0.0	0.0510908382692764	0.0	0.0292854200351003	0.038328334066674
SEN3935_1-165	0.0133852979062787	0.0	0.0894015955459943	0.0377804360154258	0.11575480769787731	0.011623605648152598	0.023180900102693996	0.0133852979062787	0.0133852979062787	0.0377055403629977	0.0133852979062787	0.015900122128821602	0.024943036160395296
t3476_1-165	0.102786893452273	0.0894015955459943	0.0	0.0516211595305685	0.026353212151883007	0.07777798989784171	0.06622069544330031	0.102786893452273	0.102786893452273	0.0516960551829966	0.102786893452273	0.0735014734171727	0.064458559385599
ROD_37671_1-165	0.0511657339217045	0.0377804360154258	0.0516211595305685	0.0	0.0779743716824515	0.026156830367273204	0.014599535912731804	0.0511657339217045	0.0511657339217045	7.489565242810303e-05	0.0511657339217045	0.0218803138866042	0.012837399855030504
CS17_04446_1-165	0.129140105604156	0.11575480769787731	0.026353212151883007	0.0779743716824515	0.0	0.1041312020497247	0.0925739075951833	0.129140105604156	0.129140105604156	0.0780492673348796	0.129140105604156	0.0998546855690557	0.09081177153748202
ENC_01410_1-165	0.0250089035544313	0.011623605648152598	0.07777798989784171	0.026156830367273204	0.1041312020497247	0.0	0.0115572944545414	0.0250089035544313	0.0250089035544313	0.0260819347148451	0.0250089035544313	0.004276516480669002	0.0133194305122427
BN373_49781_1-165	0.0365661980089727	0.023180900102693996	0.06622069544330031	0.014599535912731804	0.0925739075951833	0.0115572944545414	0.0	0.0365661980089727	0.0365661980089727	0.0145246402603037	0.0365661980089727	0.007280777973872398	0.0017621360577012996
STM_MW41041_1-165	0.0	0.0133852979062787	0.102786893452273	0.0511657339217045	0.129140105604156	0.0250089035544313	0.0365661980089727	0.0	0.0	0.0510908382692764	0.0	0.0292854200351003	0.038328334066674
b3985_1-165	0.0	0.0133852979062787	0.102786893452273	0.0511657339217045	0.129140105604156	0.0250089035544313	0.0365661980089727	0.0	0.0	0.0510908382692764	0.0	0.0292854200351003	0.038328334066674
STMMW_41041_1-165	0.0510908382692764	0.0377055403629977	0.0516960551829966	7.489565242810303e-05	0.0780492673348796	0.0260819347148451	0.0145246402603037	0.0510908382692764	0.0510908382692764	0.0	0.0510908382692764	0.0218054182341761	0.012762504202602401
NCTC13441_04511_1-165	0.0	0.0133852979062787	0.102786893452273	0.0511657339217045	0.129140105604156	0.0250089035544313	0.0365661980089727	0.0	0.0	0.0510908382692764	0.0	0.0292854200351003	0.038328334066674
SL1344_4090_1-165	0.0292854200351003	0.015900122128821602	0.0735014734171727	0.0218803138866042	0.0998546855690557	0.004276516480669002	0.007280777973872398	0.0292854200351003	0.0292854200351003	0.0218054182341761	0.0292854200351003	0.0	0.009042914031573698
ETEC_4244_1-165	0.038328334066674	0.024943036160395296	0.064458559385599	0.012837399855030504	0.09081177153748202	0.0133194305122427	0.0017621360577012996	0.038328334066674	0.038328334066674	0.012762504202602401	0.038328334066674	0.009042914031573698	0.0
