b3643_1-238	-1	-1	-1	-1	-1	-1	-1	-1	-1	-1	-1	-1	-1
NCTC13441_00040_1-238	-1	0.0	0.13943382284949832	0.2700991748653728	0.2232742048355832	0.1556414067250893	0.24268621786960848	0.11236814039292915	0.0038352035371798507	0.008543118718434268	0.05291842206160476	0.05437642645433985	0.2788125416972637
SEN3556_1-238	-1	0.13943382284949832	0.0	0.15183649495560272	0.3315760517611742	0.2733735532412348	0.11998193487222385	0.030492013286398233	0.14273426929608327	0.1320185543136012	0.09134947062978467	0.08994847291743348	0.16196165100198903
ROD_41721_1-238	-1	0.2700991748653728	0.15183649495560272	0.0	0.4330672012061427	0.3837019660591296	0.03619762064629172	0.17769870782045458	0.2728984930917196	0.26380981471312087	0.22931578214891113	0.22812750701864415	0.011937740761265473
CS17_04091_1-238	-1	0.2232742048355832	0.3315760517611742	0.4330672012061427	0.0	0.08009961484275871	0.41177485038579975	0.31055343803342794	0.220283834640199	0.22990986551534306	0.2643773082902294	0.26550977791152974	0.4398350979872025
STMMW_37231_1-238	-1	0.1556414067250893	0.2733735532412348	0.3837019660591296	0.08009961484275871	0.0	0.3605556002526804	0.2505204116761806	0.15239065235686164	0.16285486242836703	0.2003235311353539	0.20155460967339234	0.3910591722199933
ERS227112_00594_1-238	-1	0.24268621786960848	0.11998193487222385	0.03619762064629172	0.41177485038579975	0.3605556002526804	0.0	0.14681545740637048	0.24559067036559	0.2361606476002454	0.20037111926629358	0.19913821597022183	0.04770324359610713
SL1344_3700_1-238	-1	0.11236814039292915	0.030492013286398233	0.17769870782045458	0.31055343803342794	0.2505204116761806	0.14681545740637048	0.0	0.11577238924060772	0.10471965411172472	0.06277148633883724	0.0613264258220072	0.1875151274741476
ETEC_3884_1-238	-1	0.0038352035371798507	0.14273426929608327	0.2728984930917196	0.220283834640199	0.15239065235686164	0.24559067036559	0.11577238924060772	0.0	0.012345557656486632	0.05655067267931197	0.05800308532844282	0.28157844238831614
BN373_46271_1-238	-1	0.008543118718434268	0.1320185543136012	0.26380981471312087	0.22990986551534306	0.16285486242836703	0.2361606476002454	0.10471965411172472	0.012345557656486632	0.0	0.04475767346110967	0.04622824108766188	0.27259826229606365
STM_MW37231_1-238	-1	0.05291842206160476	0.09134947062978467	0.22931578214891113	0.2643773082902294	0.2003235311353539	0.20037111926629358	0.06277148633883724	0.05655067267931197	0.04475767346110967	0.0	0.0015394707559499416	0.23851601055041607
ENC_02620_1-238	-1	0.05437642645433985	0.08994847291743348	0.22812750701864415	0.26550977791152974	0.20155460967339234	0.19913821597022183	0.0613264258220072	0.05800308532844282	0.04622824108766188	0.0015394707559499416	0.0	0.23734192074060728
t3784_1-238	-1	0.2788125416972637	0.16196165100198903	0.011937740761265473	0.4398350979872025	0.3910591722199933	0.04770324359610713	0.1875151274741476	0.28157844238831614	0.27259826229606365	0.23851601055041607	0.23734192074060728	0.0
