STM_MW08781_1-740	0.0	0.010366934668030958	0.308830529525459	0.17571830606087502	0.015508954793912011	0.08147341376782602	0.06642273625595307	0.07441981295613298	0.0057430884769660295	-1	0.20802402705087497	0.14394156525675894
NCTC13441_03186_1-741	0.010366934668030958	0.0	0.31919746419348993	0.16535137139284406	0.005142020125881053	0.09184034843585698	0.07678967092398403	0.06405287828810202	0.004623846191064929	-1	0.197657092382844	0.13357463058872798
t2061_1-740	0.308830529525459	0.31919746419348993	0.0	0.484548835586334	0.324339484319371	0.22735711575763295	0.2424077932695059	0.38325034248159195	0.314573618002425	-1	0.516854556576334	0.4527720947822179
ERS227112_03273_1-732	0.17571830606087502	0.16535137139284406	0.484548835586334	0.0	0.160209351266963	0.25719171982870104	0.2421410423168281	0.10129849310474204	0.169975217583909	-1	0.03230572098999995	0.03177674080411608
ETEC_0875_1-741	0.015508954793912011	0.005142020125881053	0.324339484319371	0.160209351266963	0.0	0.09698236856173803	0.08193169104986509	0.05891085816222097	0.009765866316945981	-1	0.19251507225696296	0.12843261046284693
SEN0772_1-740	0.08147341376782602	0.09184034843585698	0.22735711575763295	0.25719171982870104	0.09698236856173803	0.0	0.015050677511872945	0.155893226723959	0.08721650224479205	-1	0.289497440818701	0.22541497902458496
ROD_08091_1-746	0.06642273625595307	0.07678967092398403	0.2424077932695059	0.2421410423168281	0.08193169104986509	0.015050677511872945	0.0	0.14084254921208605	0.0721658247329191	-1	0.27444676330682805	0.21036430151271202
BN373_14011_1-731	0.07441981295613298	0.06405287828810202	0.38325034248159195	0.10129849310474204	0.05891085816222097	0.155893226723959	0.14084254921208605	0.0	0.06867672447916695	-1	0.133604214094742	0.06952175230062596
CS17_00867_1-741	0.0057430884769660295	0.004623846191064929	0.314573618002425	0.169975217583909	0.009765866316945981	0.08721650224479205	0.0721658247329191	0.06867672447916695	0.0	-1	0.20228093857390894	0.1381984767797929
b0808_1-741	-1	-1	-1	-1	-1	-1	-1	-1	-1	-1	-1	-1
STMMW_08781_1-740	0.20802402705087497	0.197657092382844	0.516854556576334	0.03230572098999995	0.19251507225696296	0.289497440818701	0.27444676330682805	0.133604214094742	0.20228093857390894	-1	0.0	0.06408246179411603
SL1344_0802_1-740	0.14394156525675894	0.13357463058872798	0.4527720947822179	0.03177674080411608	0.12843261046284693	0.22541497902458496	0.21036430151271202	0.06952175230062596	0.1381984767797929	-1	0.06408246179411603	0.0
