Ecoli9000q_44540_1-555	0.0	-1	0.09741947840713022	0.6323346225106425	0.04545605035757361	0.13611742280720746	0.48037160284484776	0.15067750803549135	0.44101114698090943	0.31285040847599926	0.10572588026773361
b0347_1-554	-1	-1	-1	-1	-1	-1	-1	-1	-1	-1	-1
ERS227112_04555_1-555	0.09741947840713022	-1	0.0	0.5349151441035123	0.14287552876470383	0.03869794440007723	0.38295212443771753	0.24809698644262157	0.3435916685737792	0.4102698868831295	0.008306401860603385
CS17_00387_1-555	0.6323346225106425	-1	0.5349151441035123	0.0	0.6777906728682161	0.49621719970343503	0.15196301966579473	0.7830121305461338	0.19132347552973306	0.9451850309866417	0.5266087422429089
SEN1506_1-502	0.04545605035757361	-1	0.14287552876470383	0.6777906728682161	0.0	0.18157347316478106	0.5258276532024213	0.10522145767791774	0.48646719733848304	0.26739435811842566	0.15118193062530721
SL1344_1475_1-502	0.13611742280720746	-1	0.03869794440007723	0.49621719970343503	0.18157347316478106	0.0	0.3442541800376403	0.2867949308426988	0.304893724173702	0.4489678312832067	0.030391542539473848
ETEC_0403_1-554	0.48037160284484776	-1	0.38295212443771753	0.15196301966579473	0.5258276532024213	0.3442541800376403	0.0	0.6310491108803391	0.039360455863938326	0.793222011320847	0.37464572257711415
STMMW_15451_1-501	0.15067750803549135	-1	0.24809698644262157	0.7830121305461338	0.10522145767791774	0.2867949308426988	0.6310491108803391	0.0	0.5916886550164008	0.16217290044050792	0.25640338830322496
NCTC13441_03621_1-555	0.44101114698090943	-1	0.3435916685737792	0.19132347552973306	0.48646719733848304	0.304893724173702	0.039360455863938326	0.5916886550164008	0.0	0.7538615554569087	0.3352852667131758
STM_MW15451_1-502	0.31285040847599926	-1	0.4102698868831295	0.9451850309866417	0.26739435811842566	0.4489678312832067	0.793222011320847	0.16217290044050792	0.7538615554569087	0.0	0.41857628874373287
BN373_27071_1-554	0.10572588026773361	-1	0.008306401860603385	0.5266087422429089	0.15118193062530721	0.030391542539473848	0.37464572257711415	0.25640338830322496	0.3352852667131758	0.41857628874373287	0.0
