SL1344_3092_1-441	0.0	0.607897799431727	0.33705534755278455	-1	-1	0.4872265776625868	0.5997644766988134	0.53409202815714	0.5298143714131106	0.34583768839649764
STM_MW30781_1-441	0.607897799431727	0.0	0.40854459098379603	-1	-1	0.23533049201160924	0.8430667705680105	0.8173164589781136	0.815639180355504	0.7435015180914385
STMMW_30781_1-441	0.33705534755278455	0.40854459098379603	0.0	-1	-1	0.22652151964037318	0.7346660001080655	0.691128801534248	0.6882929518707891	0.5663265936899491
b2920_6-179	-1	-1	-1	-1	-1	-1	-1	-1	-1	-1
b2920_180-463	-1	-1	-1	-1	-1	-1	-1	-1	-1	-1
SEN2961_1-441	0.4872265776625868	0.23533049201160924	0.22652151964037318	-1	-1	0.0	0.7947698609758451	0.7610947747838535	0.7589013060956329	0.6645629527149188
CS17_03279_6-179	0.5997644766988134	0.8430667705680105	0.7346660001080655	-1	-1	0.7947698609758451	0.0	0.1409558378705384	0.14877125337908162	0.3881709230234968
CS17_03279_180-463	0.53409202815714	0.8173164589781136	0.691128801534248	-1	-1	0.7610947747838535	0.1409558378705384	0.0	0.009097804109592926	0.28777925053369036
ETEC_3112_6-179	0.5298143714131106	0.815639180355504	0.6882929518707891	-1	-1	0.7589013060956329	0.14877125337908162	0.009097804109592926	0.0	0.2812401138880101
ETEC_3112_180-463	0.34583768839649764	0.7435015180914385	0.5663265936899491	-1	-1	0.6645629527149188	0.3881709230234968	0.28777925053369036	0.2812401138880101	0.0
