b1629_1-740	-1	-1	-1	-1	-1	-1	-1	-1	-1	-1	-1	-1	-1
BN373_25481_1-719	-1	0.0	0.788479244325653	0.26635900735850393	0.690360652325045	0.30073039810522495	0.6138818142089969	0.46089901766820585	0.43076420206099786	0.38999526950902186	0.0276494034735999	0.26078274912549193	0.6433486611413002
STM_MW14601_1-689	-1	0.788479244325653	0.0	0.5221202369671489	0.09811859200060802	0.48774884622042797	0.17459743011665602	0.32758022665744707	0.35771504226465506	0.39848397481663106	0.7608298408520531	0.527696495200161	1.4318279054669532
ENC_12990_1-673	-1	0.26635900735850393	0.5221202369671489	0.0	0.42400164496654097	0.03437139074672102	0.34752280685049297	0.19454001030970192	0.16440519470249393	0.12363626215051793	0.23870960388490403	0.005576258233011999	0.9097076684998041
t1325_1-673	-1	0.690360652325045	0.09811859200060802	0.42400164496654097	0.0	0.38963025421981995	0.076478838116048	0.22946163465683905	0.25959645026404704	0.30036538281602304	0.6627112488514451	0.42957790319955297	1.3337093134663451
ERS227112_04708_1-753	-1	0.30073039810522495	0.48774884622042797	0.03437139074672102	0.38963025421981995	0.0	0.31315141610377195	0.1601686195629809	0.1300338039557729	0.08926487140379691	0.27308099463162505	0.03994764897973302	0.9440790592465251
SEN1590_1-704	-1	0.6138818142089969	0.17459743011665602	0.34752280685049297	0.076478838116048	0.31315141610377195	0.0	0.15298279654079106	0.18311761214799904	0.22388654469997504	0.586232410735397	0.35309906508350497	1.2572304753502972
STMMW_14601_1-735	-1	0.46089901766820585	0.32758022665744707	0.19454001030970192	0.22946163465683905	0.1601686195629809	0.15298279654079106	0.0	0.030134815607207988	0.07090374815918399	0.43324961419460595	0.20011626854271392	1.104247678809506
ETEC_1664_1-740	-1	0.43076420206099786	0.35771504226465506	0.16440519470249393	0.25959645026404704	0.1300338039557729	0.18311761214799904	0.030134815607207988	0.0	0.040768932551976	0.40311479858739796	0.16998145293550593	1.074112863202298
NCTC13441_02252_1-806	-1	0.38999526950902186	0.39848397481663106	0.12363626215051793	0.30036538281602304	0.08926487140379691	0.22388654469997504	0.07090374815918399	0.040768932551976	0.0	0.36234586603542196	0.12921252038352993	1.033343930650322
CS17_01807_1-740	-1	0.0276494034735999	0.7608298408520531	0.23870960388490403	0.6627112488514451	0.27308099463162505	0.586232410735397	0.43324961419460595	0.40311479858739796	0.36234586603542196	0.0	0.23313334565189203	0.6709980646149001
SL1344_1389_1-735	-1	0.26078274912549193	0.527696495200161	0.005576258233011999	0.42957790319955297	0.03994764897973302	0.35309906508350497	0.20011626854271392	0.16998145293550593	0.12921252038352993	0.23313334565189203	0.0	0.9041314102667921
ROD_14381_1-678	-1	0.6433486611413002	1.4318279054669532	0.9097076684998041	1.3337093134663451	0.9440790592465251	1.2572304753502972	1.104247678809506	1.074112863202298	1.033343930650322	0.6709980646149001	0.9041314102667921	0.0
