b2279_1-100	-1	-1	-1	-1	-1	-1	-1	-1	-1	-1	-1
CS17_02525_1-100	-1	0.0	0.09698038383756896	0.24870628039214568	0.5604261532816242	0.3355989736718708	0.11216568088635152	0.7777270912223384	0.5014469169021437	0.3724744046599417	0.1538013454021005
ENC_39320_1-100	-1	0.09698038383756896	0.0	0.1680205987101004	0.6030561936613289	0.40003284022724755	0.19826819393815984	0.799283203232289	0.5497967862643772	0.4333320777639195	0.06292328599239513
ROD_26811_1-100	-1	0.24870628039214568	0.1680205987101004	0.0	0.6697509296566186	0.5008396816186639	0.3329756519976003	0.8330077595963733	0.6254401997774478	0.5285439613278344	0.11215443852855396
t0545_1-100	-1	0.5604261532816242	0.6030561936613289	0.6697509296566186	0.0	0.3383907771068334	0.5048920308045587	0.4943445556712879	0.11830081565838786	0.29951248206829034	0.6280332023104871
SEN2301_1-100	-1	0.3355989736718708	0.40003284022724755	0.5008396816186639	0.3383907771068334	0.0	0.25166102275543867	0.665453694425982	0.24962023937086036	0.05550176704552402	0.4377847454076735
SL1344_2288_1-100	-1	0.11216568088635152	0.19826819393815984	0.3329756519976003	0.5048920308045587	0.25166102275543867	0.0	0.7496459598457927	0.4384615773857709	0.293195158341552	0.24871579366018848
NCTC13441_01432_1-100	-1	0.7777270912223384	0.799283203232289	0.8330077595963733	0.4943445556712879	0.665453694425982	0.7496459598457927	0.0	0.554164007177479	0.6457946728735245	0.8119129636387811
ETEC_2414_1-100	-1	0.5014469169021437	0.5497967862643772	0.6254401997774478	0.11830081565838786	0.24962023937086036	0.4384615773857709	0.554164007177479	0.0	0.20552550079222084	0.5781250518369592
ERS227112_03909_1-100	-1	0.3724744046599417	0.4333320777639195	0.5285439613278344	0.29951248206829034	0.05550176704552402	0.293195158341552	0.6457946728735245	0.20552550079222084	0.0	0.4689886854974967
BN373_32801_1-100	-1	0.1538013454021005	0.06292328599239513	0.11215443852855396	0.6280332023104871	0.4377847454076735	0.24871579366018848	0.8119129636387811	0.5781250518369592	0.4689886854974967	0.0
