SL1344_4394_1-467	0.0	0.3311571173172372	0.8935350995053539	0.4333048369810567	0.4378420685630482	0.4445250913391007	0.5391890386865527	0.006633827937431835	-1	0.732310054415057	0.8024607111531523	0.3195729963389984	0.6222814592749988	0.3426416571542741	0.5823111017781359	0.104234340057761	0.553692238280699	0.47218661415365293
STM_MW44091_1-468	0.3311571173172372	0.0	0.5623779821881167	0.10214771966381953	0.7689991858802854	0.1133679740218635	0.20803192136931548	0.337790945254669	-1	0.40115293709781985	0.4713035938359151	0.011584120978238799	0.2911243419577616	0.0114845398370369	0.9134682190953731	0.22692277725947618	0.22253512096346184	0.14102949683641575
STM_MW23611_1-506	0.8935350995053539	0.5623779821881167	0.0	0.4602302625242972	1.3313771680684021	0.44901000816625325	0.35434606081880127	0.9001689274427858	-1	0.1612250450902969	0.09107438835220166	0.5739621031663555	0.27125364023035514	0.5508934423510798	1.4758462012834899	0.7893007594475929	0.3398428612246549	0.421348485351701
ETEC_2433_1-506	0.4333048369810567	0.10214771966381953	0.4602302625242972	0.0	0.8711469055441049	0.011220254358043968	0.10588420170549595	0.43993866491848854	-1	0.2990052174340003	0.36915587417209555	0.11373184064205832	0.18897662229394208	0.09066317982678262	1.0156159387591925	0.3290704969232957	0.12038740129964232	0.03888177717259622
ERS227112_02139_1-472	0.4378420685630482	0.7689991858802854	1.3313771680684021	0.8711469055441049	0.0	0.8823671599021489	0.9770311072496008	0.43120824062561636	-1	1.1701521229781053	1.2403027797162005	0.7574150649020466	1.060123527838047	0.7804837257173223	0.14446903321508775	0.5420764086208092	0.9915343068437472	0.9100286827167011
SL1344_2308_1-506	0.4445250913391007	0.1133679740218635	0.44901000816625325	0.011220254358043968	0.8823671599021489	0.0	0.09466394734745198	0.4511589192765325	-1	0.28778496307595636	0.3579356198140516	0.12495209500010229	0.1777563679358981	0.1018834341848266	1.0268361931172367	0.3402907512813397	0.10916714694159835	0.027661522814552253
STMMW_23611_1-506	0.5391890386865527	0.20803192136931548	0.35434606081880127	0.10588420170549595	0.9770311072496008	0.09466394734745198	0.0	0.5458228666239845	-1	0.19312101572850437	0.2632716724665996	0.21961604234755427	0.08309242058844613	0.19654738153227858	1.1215001404646885	0.43495469862879166	0.014503199594146365	0.06700242453289973
STMMW_44091_1-467	0.006633827937431835	0.337790945254669	0.9001689274427858	0.43993866491848854	0.43120824062561636	0.4511589192765325	0.5458228666239845	0.0	-1	0.7389438823524889	0.8090945390905842	0.3262068242764302	0.6289152872124306	0.3492754850917059	0.5756772738407041	0.11086816799519283	0.5603260662181309	0.47882044209108476
b2298_1-506	-1	-1	-1	-1	-1	-1	-1	-1	-1	-1	-1	-1	-1	-1	-1	-1	-1	-1
t4498_1-467	0.732310054415057	0.40115293709781985	0.1612250450902969	0.2990052174340003	1.1701521229781053	0.28778496307595636	0.19312101572850437	0.7389438823524889	-1	0.0	0.07015065673809523	0.41273705807605865	0.11002859514005825	0.38966839726078295	1.3146211561931929	0.628075714357296	0.178617816134358	0.2601234402614041
t0525_1-506	0.8024607111531523	0.4713035938359151	0.09107438835220166	0.36915587417209555	1.2403027797162005	0.3579356198140516	0.2632716724665996	0.8090945390905842	-1	0.07015065673809523	0.0	0.4828877148141539	0.18017925187815348	0.4598190539988782	1.3847718129312883	0.6982263710953913	0.24876847287245324	0.33027409699949933
SEN4214_1-467	0.3195729963389984	0.011584120978238799	0.5739621031663555	0.11373184064205832	0.7574150649020466	0.12495209500010229	0.21961604234755427	0.3262068242764302	-1	0.41273705807605865	0.4828877148141539	0.0	0.3027084629360004	0.0230686608152757	0.9018840981171343	0.21533865628123738	0.23411924194170064	0.15261361781465455
SEN2321_1-506	0.6222814592749988	0.2911243419577616	0.27125364023035514	0.18897662229394208	1.060123527838047	0.1777563679358981	0.08309242058844613	0.6289152872124306	-1	0.11002859514005825	0.18017925187815348	0.3027084629360004	0.0	0.2796398021207247	1.2045925610531347	0.5180471192172378	0.06858922099429976	0.15009484512134585
ROD_27001_1-508	0.3426416571542741	0.0114845398370369	0.5508934423510798	0.09066317982678262	0.7804837257173223	0.1018834341848266	0.19654738153227858	0.3492754850917059	-1	0.38966839726078295	0.4598190539988782	0.0230686608152757	0.2796398021207247	0.0	0.92495275893241	0.23840731709651308	0.21105058112642494	0.12954495699937885
BN373_02741_1-463	0.5823111017781359	0.9134682190953731	1.4758462012834899	1.0156159387591925	0.14446903321508775	1.0268361931172367	1.1215001404646885	0.5756772738407041	-1	1.3146211561931929	1.3847718129312883	0.9018840981171343	1.2045925610531347	0.92495275893241	0.0	0.6865454418358969	1.136003340058835	1.054497715931789
ENC_43750_1-467	0.104234340057761	0.22692277725947618	0.7893007594475929	0.3290704969232957	0.5420764086208092	0.3402907512813397	0.43495469862879166	0.11086816799519283	-1	0.628075714357296	0.6982263710953913	0.21533865628123738	0.5180471192172378	0.23840731709651308	0.6865454418358969	0.0	0.449457898222938	0.36795227409589193
CS17_02545_1-492	0.553692238280699	0.22253512096346184	0.3398428612246549	0.12038740129964232	0.9915343068437472	0.10916714694159835	0.014503199594146365	0.5603260662181309	-1	0.178617816134358	0.24876847287245324	0.23411924194170064	0.06858922099429976	0.21105058112642494	1.136003340058835	0.449457898222938	0.0	0.0815056241270461
NCTC13441_01412_1-492	0.47218661415365293	0.14102949683641575	0.421348485351701	0.03888177717259622	0.9100286827167011	0.027661522814552253	0.06700242453289973	0.47882044209108476	-1	0.2601234402614041	0.33027409699949933	0.15261361781465455	0.15009484512134585	0.12954495699937885	1.054497715931789	0.36795227409589193	0.0815056241270461	0.0
