ETEC_0004_1-428	0.0	0.32124058006466005	0.13948677182284008	0.128345873729535	0.6247421729199849	0.22404214571852998	0.24252440893710703	0.5147701495906509	0.2912180428115201	0.04606256071879011	0.16388638538311007	-1	0.3373390571200001
CS17_00004_1-428	0.32124058006466005	0.0	0.18175380824181997	0.44958645379419504	0.945982752984645	0.09719843434613007	0.5637649890017671	0.836010729655311	0.03002253725313997	0.27517801934586994	0.15735419468154999	-1	0.016098477055340066
SL1344_0004_1-428	0.13948677182284008	0.18175380824181997	0.0	0.26783264555237507	0.764228944742825	0.0845553738956899	0.3820111807599471	0.654256921413491	0.15173127098868	0.09342421110404997	0.024399613560269984	-1	0.19785228529716004
SEN0003_1-428	0.128345873729535	0.44958645379419504	0.26783264555237507	0.0	0.49639629919045	0.35238801944806497	0.11417853520757204	0.38642427586111594	0.41956391654105507	0.1744084344483251	0.29223225911264505	-1	0.4656849308495351
STM_MW00031_1-428	0.6247421729199849	0.945982752984645	0.764228944742825	0.49639629919045	0.0	0.8487843186385149	0.38221776398287793	0.10997202332933403	0.915960215731505	0.670804733638775	0.788628558303095	-1	0.962081230039985
ROD_00031_1-428	0.22404214571852998	0.09719843434613007	0.0845553738956899	0.35238801944806497	0.8487843186385149	0.0	0.466566554655637	0.7388122953091809	0.0671758970929901	0.17797958499973987	0.06015576033541992	-1	0.11329691140147014
NCTC13441_03988_1-428	0.24252440893710703	0.5637649890017671	0.3820111807599471	0.11417853520757204	0.38221776398287793	0.466566554655637	0.0	0.2722457406535439	0.5337424517486271	0.28858696965589714	0.4064107943202171	-1	0.5798634660571071
t0004_1-428	0.5147701495906509	0.836010729655311	0.654256921413491	0.38642427586111594	0.10997202332933403	0.7388122953091809	0.2722457406535439	0.0	0.805988192402171	0.560832710309441	0.678656534973761	-1	0.852109206710651
ERS227112_02339_1-427	0.2912180428115201	0.03002253725313997	0.15173127098868	0.41956391654105507	0.915960215731505	0.0671758970929901	0.5337424517486271	0.805988192402171	0.0	0.24515548209272997	0.12733165742841002	-1	0.046121014308480035
STMMW_00031_1-428	0.04606256071879011	0.27517801934586994	0.09342421110404997	0.1744084344483251	0.670804733638775	0.17797958499973987	0.28858696965589714	0.560832710309441	0.24515548209272997	0.0	0.11782382466431995	-1	0.29127649640121
BN373_04861_1-426	0.16388638538311007	0.15735419468154999	0.024399613560269984	0.29223225911264505	0.788628558303095	0.06015576033541992	0.4064107943202171	0.678656534973761	0.12733165742841002	0.11782382466431995	0.0	-1	0.17345267173689005
b0004_1-428	-1	-1	-1	-1	-1	-1	-1	-1	-1	-1	-1	-1	-1
ENC_45280_1-428	0.3373390571200001	0.016098477055340066	0.19785228529716004	0.4656849308495351	0.962081230039985	0.11329691140147014	0.5798634660571071	0.852109206710651	0.046121014308480035	0.29127649640121	0.17345267173689005	-1	0.0
