STMMW_17141_1-196	0.0	0.4020334070404274	0.07682484189745215	0.2897849923753539	0.15863051446976567	0.5116488387146272	0.012632836722953955	0.37145803833061647	0.1959962347595045	0.2684122307468105	-1	0.045507029290007994	0.4031959232165346	0.08683600816719345	0.054691783344427425
ETEC_1372_1-196	0.4020334070404274	0.0	0.32520856514297525	0.11224841466507351	0.5606639215101931	0.10961543167419985	0.38940057031747344	0.030575368709810924	0.2060371722809229	0.13362117629361692	-1	0.4475404363304354	0.0011625161761071867	0.31519739887323395	0.34734162369599997
t1631_1-196	0.07682484189745215	0.32520856514297525	0.0	0.21296015047790173	0.23545535636721782	0.4348239968171751	0.06419200517449819	0.2946331964331643	0.11917139286205236	0.19158738884935833	-1	0.12233187118746014	0.32637108131908243	0.0100111662697413	0.02213305855302472
ENC_08290_1-196	0.2897849923753539	0.11224841466507351	0.21296015047790173	0.0	0.44841550684511955	0.22186384633927336	0.2771521556523999	0.08167304595526259	0.09378875761584937	0.021372761628543402	-1	0.3352920216653619	0.1134109308411807	0.20294898420816043	0.23509320903092645
STM_MW17141_1-196	0.15863051446976567	0.5606639215101931	0.23545535636721782	0.44841550684511955	0.0	0.6702793531843929	0.17126335119271963	0.5300885528003821	0.3546267492292702	0.42704274521657615	-1	0.11312348517975768	0.5618264376863003	0.24546652263695912	0.2133222978141931
CS17_01452_1-196	0.5116488387146272	0.10961543167419985	0.4348239968171751	0.22186384633927336	0.6702793531843929	0.0	0.4990160019916733	0.14019080038401077	0.31565260395512273	0.24323660796781676	-1	0.5571558680046352	0.10845291549809266	0.4248128305474338	0.4569570553701998
Ecoli9000q_48280_5-200	0.012632836722953955	0.38940057031747344	0.06419200517449819	0.2771521556523999	0.17126335119271963	0.4990160019916733	0.0	0.3588252016076625	0.18336339803655055	0.2557793940238565	-1	0.05813986601296195	0.3905630864935806	0.07420317144423949	0.04205894662147347
NCTC13441_02496_1-196	0.37145803833061647	0.030575368709810924	0.2946331964331643	0.08167304595526259	0.5300885528003821	0.14019080038401077	0.3588252016076625	0.0	0.17546180357111196	0.10304580758380599	-1	0.41696506762062446	0.03173788488591811	0.284622030163423	0.31676625498618904
SEN1315_1-196	0.1959962347595045	0.2060371722809229	0.11917139286205236	0.09378875761584937	0.3546267492292702	0.31565260395512273	0.18336339803655055	0.17546180357111196	0.0	0.07241599598730597	-1	0.2415032640495125	0.20719968845703007	0.10916022659231106	0.14130445141507708
SL1344_1650_1-196	0.2684122307468105	0.13362117629361692	0.19158738884935833	0.021372761628543402	0.42704274521657615	0.24323660796781676	0.2557793940238565	0.10304580758380599	0.07241599598730597	0.0	-1	0.31391926003681847	0.1347836924697241	0.18157622257961703	0.21372044740238305
b1270_1-196	-1	-1	-1	-1	-1	-1	-1	-1	-1	-1	-1	-1	-1	-1	-1
Ecoli9000q_2940_1-196	0.045507029290007994	0.4475404363304354	0.12233187118746014	0.3352920216653619	0.11312348517975768	0.5571558680046352	0.05813986601296195	0.41696506762062446	0.2415032640495125	0.31391926003681847	-1	0.0	0.4487029525065426	0.13234303745720144	0.10019881263443542
ROD_17341_1-196	0.4031959232165346	0.0011625161761071867	0.32637108131908243	0.1134109308411807	0.5618264376863003	0.10845291549809266	0.3905630864935806	0.03173788488591811	0.20719968845703007	0.1347836924697241	-1	0.4487029525065426	0.0	0.31635991504934113	0.34850413987210715
BN373_18891_1-196	0.08683600816719345	0.31519739887323395	0.0100111662697413	0.20294898420816043	0.24546652263695912	0.4248128305474338	0.07420317144423949	0.284622030163423	0.10916022659231106	0.18157622257961703	-1	0.13234303745720144	0.31635991504934113	0.0	0.03214422482276602
ERS227112_05463_1-196	0.054691783344427425	0.34734162369599997	0.02213305855302472	0.23509320903092645	0.2133222978141931	0.4569570553701998	0.04205894662147347	0.31676625498618904	0.14130445141507708	0.21372044740238305	-1	0.10019881263443542	0.34850413987210715	0.03214422482276602	0.0
