t1966_1-382	0.0	0.3688556328886401	0.4033812152243601	0.777496848837873	0.3116619849712401	0.40745367945921007	0.008687865978040055	0.0481178458904199	0.3179474498268	0.45273896540479996	0.01785240310930991	5.4902674960533	0.755218326255101
ETEC_0966_1-382	0.3688556328886401	0.0	0.034525582335720006	0.40864121594923286	0.0571936479174	0.03859804657056998	0.36016776691060004	0.3207377869982202	0.050908183061840084	0.08388333251615987	0.3510032297793302	5.85912312894194	0.3863626933664609
STM_MW09791_1-382	0.4033812152243601	0.034525582335720006	0.0	0.37411563361351285	0.09171923025312001	0.004072464234849971	0.39469334924632005	0.3552633693339402	0.08543376539756009	0.04935775018043986	0.3855288121150502	5.89364871127766	0.3518371110307409
NCTC13441_03041_1-383	0.777496848837873	0.40864121594923286	0.37411563361351285	0.0	0.46583486386663286	0.3700431693786629	0.7688089828598329	0.7293790029474531	0.45954939901107295	0.324757883433073	0.759644445728563	6.267764344891173	0.022278522582771965
BN373_15451_1-382	0.3116619849712401	0.0571936479174	0.09171923025312001	0.46583486386663286	0.0	0.09579169448796998	0.30297411899320004	0.2635441390808202	0.006285464855559919	0.14107698043355987	0.2938095818619302	5.8019294810245405	0.4435563412838609
STMMW_09791_1-382	0.40745367945921007	0.03859804657056998	0.004072464234849971	0.3700431693786629	0.09579169448796998	0.0	0.39876581348117	0.3593358335687902	0.08950622963241006	0.04528528594558989	0.38960127634990016	5.89772117551251	0.3477646467958909
ROD_09621_1-381	0.008687865978040055	0.36016776691060004	0.39469334924632005	0.7688089828598329	0.30297411899320004	0.39876581348117	0.0	0.03942997991237984	0.30925958384875996	0.4440510994267599	0.009164537131269856	5.4989553620313405	0.7465304602770609
CS17_00961_1-383	0.0481178458904199	0.3207377869982202	0.3552633693339402	0.7293790029474531	0.2635441390808202	0.3593358335687902	0.03942997991237984	0.0	0.2698296039363801	0.40462111951438007	0.030265442781109986	5.5383853419437195	0.7071004803646811
SEN0872_1-382	0.3179474498268	0.050908183061840084	0.08543376539756009	0.45954939901107295	0.006285464855559919	0.08950622963241006	0.30925958384875996	0.2698296039363801	0.0	0.13479151557799995	0.3000950467174901	5.8082149458801	0.437270876428301
SL1344_0905_1-382	0.45273896540479996	0.08388333251615987	0.04935775018043986	0.324757883433073	0.14107698043355987	0.04528528594558989	0.4440510994267599	0.40462111951438007	0.13479151557799995	0.0	0.43488656229549005	5.9430064614581	0.302479360850301
ENC_17840_1-382	0.01785240310930991	0.3510032297793302	0.3855288121150502	0.759644445728563	0.2938095818619302	0.38960127634990016	0.009164537131269856	0.030265442781109986	0.3000950467174901	0.43488656229549005	0.0	5.50811989916261	0.7373659231457911
b0898_1-382	5.4902674960533	5.85912312894194	5.89364871127766	6.267764344891173	5.8019294810245405	5.89772117551251	5.4989553620313405	5.5383853419437195	5.8082149458801	5.9430064614581	5.50811989916261	0.0	6.245485822308401
ERS227112_03417_1-383	0.755218326255101	0.3863626933664609	0.3518371110307409	0.022278522582771965	0.4435563412838609	0.3477646467958909	0.7465304602770609	0.7071004803646811	0.437270876428301	0.302479360850301	0.7373659231457911	6.245485822308401	0.0
