ENC_23050_1-784	0.0	0.798237595463686	0.27317316718661	0.890596724222658	0.28992733368714896	0.07583837088046497	0.252841910402268	0.4353428171090651	0.20211441021118004	0.45716404401380806	0.04115407018969497	0.45829329229263105	-1
STM_MW05211_1-784	0.798237595463686	0.0	0.525064428277076	0.09235912875897201	0.508310261776537	0.722399224583221	0.545395685061418	1.233580412572751	0.596123185252506	0.34107355144987794	0.839391665653381	0.33994430317105495	-1
STMMW_05211_1-784	0.27317316718661	0.525064428277076	0.0	0.617423557036048	0.01675416650053896	0.19733479630614503	0.020331256784342	0.7085159842956751	0.07105875697542996	0.18399087682719806	0.31432723737630497	0.18512012510602105	-1
t2410_1-784	0.890596724222658	0.09235912875897201	0.617423557036048	0.0	0.600669390535509	0.814758353342193	0.63775481382039	1.325939541331723	0.688482314011478	0.43343268020884995	0.931750794412353	0.43230343193002696	-1
ERS227112_02753_1-784	0.28992733368714896	0.508310261776537	0.01675416650053896	0.600669390535509	0.0	0.214088962806684	0.03708542328488096	0.725270150796214	0.08781292347596892	0.1672367103266591	0.3310814038768439	0.1683659586054821	-1
ETEC_0492_1-784	0.07583837088046497	0.722399224583221	0.19733479630614503	0.814758353342193	0.214088962806684	0.0	0.17700353952180303	0.51118118798953	0.12627603933071507	0.3813256731333431	0.11699244107015994	0.3824549214121661	-1
SEN0432_1-784	0.252841910402268	0.545395685061418	0.020331256784342	0.63775481382039	0.03708542328488096	0.17700353952180303	0.0	0.6881847275113331	0.05072750019108796	0.20432213361154006	0.29399598059196297	0.20545138189036305	-1
CS17_00471_1-784	0.4353428171090651	1.233580412572751	0.7085159842956751	1.325939541331723	0.725270150796214	0.51118118798953	0.6881847275113331	0.0	0.6374572273202451	0.8925068611228731	0.3941887469193701	0.8936361094016961	-1
ROD_04941_1-803	0.20211441021118004	0.596123185252506	0.07105875697542996	0.688482314011478	0.08781292347596892	0.12627603933071507	0.05072750019108796	0.6374572273202451	0.0	0.255049633802628	0.243268480400875	0.256178882081451	-1
NCTC13441_03539_1-784	0.45716404401380806	0.34107355144987794	0.18399087682719806	0.43343268020884995	0.1672367103266591	0.3813256731333431	0.20432213361154006	0.8925068611228731	0.255049633802628	0.0	0.498318114203503	0.0011292482788229918	-1
BN373_08901_1-784	0.04115407018969497	0.839391665653381	0.31432723737630497	0.931750794412353	0.3310814038768439	0.11699244107015994	0.29399598059196297	0.3941887469193701	0.243268480400875	0.498318114203503	0.0	0.499447362482326	-1
SL1344_0444_1-784	0.45829329229263105	0.33994430317105495	0.18512012510602105	0.43230343193002696	0.1683659586054821	0.3824549214121661	0.20545138189036305	0.8936361094016961	0.256178882081451	0.0011292482788229918	0.499447362482326	0.0	-1
b0439_1-784	-1	-1	-1	-1	-1	-1	-1	-1	-1	-1	-1	-1	-1
