ETEC_1876_1-218	0.0	0.10373681565095347	0.2961762130483161	0.2811814648985235	0.19413481689947384	-1	0.12192920736349763	0.023692178613544605	0.07760159227070229	0.47779395285139914	0.156747388383902
ROD_18821_1-231	0.10373681565095347	0.0	0.21471304496026003	0.35574941076083383	0.10086100023641627	-1	0.21301747530771706	0.12497124309929533	0.02833398579317718	0.5319659452962667	0.05914621247267896
SL1344_1811_1-218	0.2961762130483161	0.21471304496026003	0.0	0.49407841649381695	0.12662340834262512	-1	0.38199288951491017	0.31285133192123676	0.23696335438792338	0.6324589623268021	0.16534644867235934
STM_MW18581_1-218	0.2811814648985235	0.35574941076083383	0.49407841649381695	0.0	0.4207291695943967	-1	0.18136607989983794	0.2637378095766131	0.3369629277760918	0.2735217281578856	0.39385439299762215
CS17_02031_1-218	0.19413481689947384	0.10086100023641627	0.12662340834262512	0.4207291695943967	0.0	-1	0.2923933199167609	0.21322751875592835	0.1263371918818092	0.5791723281983907	0.04433716302866663
b1843_1-218	-1	-1	-1	-1	-1	-1	-1	-1	-1	-1	-1
t1000_1-218	0.12192920736349763	0.21301747530771706	0.38199288951491017	0.18136607989983794	0.2923933199167609	-1	0.0	0.10062095847029735	0.19006889899848786	0.4052802444542987	0.25956451092545213
ENC_06510_1-216	0.023692178613544605	0.12497124309929533	0.31285133192123676	0.2637378095766131	0.21322751875592835	-1	0.10062095847029735	0.0	0.09945522009947395	0.46512151627852816	0.17672587987464855
STMMW_18581_1-218	0.07760159227070229	0.02833398579317718	0.23696335438792338	0.3369629277760918	0.1263371918818092	-1	0.19006889899848786	0.09945522009947395	0.0	0.51831797360352	0.08580435032193502
NCTC13441_02042_1-218	0.47779395285139914	0.5319659452962667	0.6324589623268021	0.2735217281578856	0.5791723281983907	-1	0.4052802444542987	0.46512151627852816	0.51831797360352	0.0	0.5596483869402231
SEN1126_1-218	0.156747388383902	0.05914621247267896	0.16534644867235934	0.39385439299762215	0.04433716302866663	-1	0.25956451092545213	0.17672587987464855	0.08580435032193502	0.5596483869402231	0.0
