BN373_28071_1-511	0.0	0.2318386821661015	0.32731684433259856	0.06460337323749298	0.526493652820868	-1	0.24705812041131436	0.13659831959277047	0.09020637856180394	0.018128432262896347	0.45620478466349457	0.26758381245973306	0.5921789738914425	0.18970269175090212	0.28307351495837857	0.20788007082057447	0.5692179829744197	0.310625594753866	0.6869838882434599	0.03317975537478908	0.29724476617067214	0.5655699053806571	0.1277508024997618	0.1062122063538685	-1	0.4669656358870065	0.305470133258783	0.3093480292134931
t1672_1-511	0.2318386821661015	0.0	0.4832708206578634	0.28146449448872934	0.6362707403481624	-1	0.42161917352282274	0.3367682273583801	0.30113173279916033	0.21765601217656008	0.5822775507553414	0.4373862161761888	0.46909455521848903	0.3775609518581123	0.06669801199668803	0.39152411131903814	0.4392037101785834	0.47044924838516966	0.7595531310898533	0.20547658977530286	0.0851462869661364	0.6662876060105003	0.11933273193560177	0.3134267905689351	-1	0.5905436204122089	0.46648902228906486	0.4694678719560577
ENC_09750_1-514	0.32731684433259856	0.4832708206578634	0.0	0.28085783461116476	0.2960930518479484	-1	0.10659351816786664	0.2208920008701794	0.2606200573224199	0.3395115353545064	0.19160274676867753	0.08155613282315867	0.7256656652097778	0.1698316792870201	0.517735629660664	0.1507811748099196	0.7102201933824644	0.024212168963211173	0.5346752640981746	0.3496363068823841	0.5272683916459051	0.3541831827373113	0.4132526572971813	0.2473793439008072	-1	0.20759965576342648	0.031455394677729016	0.026017177795992927
ERS227112_04455_1-511	0.06460337323749298	0.28146449448872934	0.28085783461116476	0.0	0.493790833073687	-1	0.1950560243148555	0.07696729311977375	0.027371282503899225	0.08156064762469882	0.41864744881684013	0.21699932778758663	0.618525587855231	0.1337393303912045	0.32938938425536635	0.1531721341341322	0.5970479544043233	0.2630138002185002	0.6653653618145733	0.09563960449187585	0.34264512483634985	0.5355658955891843	0.18410104296197344	0.04448255630382962	-1	0.43015150059085205	0.2575022756442386	0.2616479993338053
CS17_01408_1-512	0.526493652820868	0.6362707403481624	0.2960930518479484	0.493790833073687	0.0	-1	0.3711249699142816	0.4515804660516767	0.4795453210249857	0.5350775805617564	0.1292561357199107	0.35350098040658134	0.8068941556244915	0.41563875091441266	0.6605307588719672	0.40222896844717987	0.7960219806877589	0.31313616581098414	0.3389399875602447	0.5422044775886815	0.6672409362684583	0.08252529832510598	0.5869844686617329	0.4702250908490224	-1	0.11167763457975215	0.31823472271846687	0.31440672406985504
b1467_1-514	-1	-1	-1	-1	-1	-1	-1	-1	-1	-1	-1	-1	-1	-1	-1	-1	-1	-1	-1	-1	-1	-1	-1	-1	-1	-1	-1	-1
STMMW_15731_1-514	0.24705812041131436	0.42161917352282274	0.10659351816786664	0.1950560243148555	0.3711249699142816	-1	0.0	0.1279355870218422	0.17240365084288034	0.2607077762733357	0.27777265406784396	0.02726065929501944	0.6929344700660363	0.07078319041235208	0.4601960248258518	0.04945974485369316	0.6756461784077545	0.08442547302226967	0.5842758647884835	0.27204054778750086	0.4708661533497596	0.4230230693813155	0.343247049764448	0.15758317025440335	-1	0.29206439625303143	0.07757838211812285	0.08272870787345002
CS17_01629_1-514	0.13659831959277047	0.3367682273583801	0.2208920008701794	0.07696729311977375	0.4515804660516767	-1	0.1279355870218422	0.0	0.05099171937216973	0.1522504384717038	0.37017123353290143	0.1517086378673509	0.6478866407524709	0.06150598656825014	0.38100446808661553	0.08255919909048993	0.6280620826108982	0.2015600375934111	0.6374617760659166	0.16524577613886415	0.3932399501967828	0.4968389516980776	0.24689857714443691	0.033997010761295354	-1	0.38263455329206214	0.1955889332834782	0.20008034908994388
ETEC_1538_1-514	0.09020637856180394	0.30113173279916033	0.2606200573224199	0.027371282503899225	0.4795453210249857	-1	0.17240365084288034	0.05099171937216973	0.0	0.10669951060126144	0.4022872852451116	0.19496447295105454	0.6289670317580545	0.10936140993362323	0.3477448568690265	0.12934108295104632	0.6080772686798467	0.24227386409197363	0.6559482234424482	0.12039310836266674	0.3606377708297695	0.5224959986720961	0.206433243809698	0.017592811616729785	-1	0.4141150789006675	0.2366072366573548	0.24086962744943344
t1489_1-514	0.018128432262896347	0.21765601217656008	0.3395115353545064	0.08156064762469882	0.5350775805617564	-1	0.2607077762733357	0.1522504384717038	0.10669951060126144	0.0	0.4660629393896095	0.2808613697038056	0.5846493171724556	0.20439211161630313	0.2698368008619446	0.22223996330079396	0.5612643942645233	0.32312287196314493	0.6926583796226335	0.015329217798394107	0.2842696978700062	0.5734454419239274	0.11164634341078801	0.12241517782838597	-1	0.47662871325062495	0.31806087090255963	0.3218684666831322
ROD_17811_1-511	0.45620478466349457	0.5822775507553414	0.19160274676867753	0.41864744881684013	0.1292561357199107	-1	0.27777265406784396	0.37017123353290143	0.4022872852451116	0.4660629393896095	0.0	0.25753250052708787	0.7782288772885423	0.32889420981596745	0.6101388076863475	0.3134938343240084	0.7657428002884805	0.2111757976533101	0.4243860502471636	0.47424777688234054	0.6178450662909244	0.20111453288438066	0.5256750598182639	0.3915835288842568	-1	0.019788425716201014	0.2170312014254608	0.21263496183578914
NCTC13441_02360_1-514	0.26758381245973306	0.4373862161761888	0.08155613282315867	0.21699932778758663	0.35350098040658134	-1	0.02726065929501944	0.1517086378673509	0.19496447295105454	0.2808613697038056	0.25753250052708787	0.0	0.7013052788588106	0.09611425326972589	0.4749114370791714	0.07537209889543747	0.6844882774292183	0.05876683643309909	0.572625350065285	0.29188520239485477	0.48529069086475485	0.40685350486541677	0.36115056818181823	0.18054800843448846	-1	0.2722247634871011	0.0517278583455217	0.05702252007020792
STM_MW17551_1-511	0.5921789738914425	0.46909455521848903	0.7256656652097778	0.618525587855231	0.8068941556244915	-1	0.6929344700660363	0.6478866407524709	0.6289670317580545	0.5846493171724556	0.7782288772885423	0.7013052788588106	0.0	0.6695437202968507	0.4311536334372118	0.6769568376810088	0.053300718250871876	0.718858622679545	0.8723454481149369	0.5781831955053343	0.4196826911037969	0.8228302730399019	0.5324489523437526	0.635494544871931	-1	0.7826173786763165	0.7167561170825572	0.7183376045899492
ETEC_1332_1-512	0.18970269175090212	0.3775609518581123	0.1698316792870201	0.1337393303912045	0.41563875091441266	-1	0.07078319041235208	0.06150598656825014	0.10936140993362323	0.20439211161630313	0.32889420981596745	0.09611425326972589	0.6695437202968507	0.0	0.419076398958287	0.022432974766941168	0.6509384911620554	0.14923275910203354	0.6137021454101707	0.21658815821945726	0.4305593256701303	0.4638633373248323	0.29321882314312125	0.09341197764230061	-1	0.3421743368927366	0.1428703271371256	0.14765609640382782
SEN1276_1-512	0.28307351495837857	0.06669801199668803	0.517735629660664	0.32938938425536635	0.6605307588719672	-1	0.4601960248258518	0.38100446808661553	0.3477448568690265	0.2698368008619446	0.6101388076863475	0.4749114370791714	0.4311536334372118	0.419076398958287	0.0	0.43210824344197635	0.39912665243414597	0.5057692307692307	0.7755904592369882	0.2584697217221192	0.019766672745352494	0.6885455592682554	0.17807148794605146	0.35921985872817286	-1	0.6178535469300758	0.5020731438807936	0.504853310196961
ENC_07870_1-511	0.20788007082057447	0.39152411131903814	0.1507811748099196	0.1531721341341322	0.40222896844717987	-1	0.04945974485369316	0.08255919909048993	0.12934108295104632	0.22223996330079396	0.3134938343240084	0.07537209889543747	0.6769568376810088	0.022432974766941168	0.43210824344197635	0.0	0.6587689791819273	0.12970955552112903	0.6048374744455673	0.23416241629824308	0.4433335739486422	0.4515602011561827	0.30907402744930057	0.11374944387186198	-1	0.3270787105872017	0.12320111998609133	0.1280967119436466
Ecoli9000q_4650_1-514	0.5692179829744197	0.4392037101785834	0.7102201933824644	0.5970479544043233	0.7960219806877589	-1	0.6756461784077545	0.6280620826108982	0.6080772686798467	0.5612643942645233	0.7657428002884805	0.6844882774292183	0.053300718250871876	0.6509384911620554	0.39912665243414597	0.6587689791819273	0.0	0.7030299032222607	0.8651582880160131	0.5544342193697305	0.3870098772822508	0.8128553275832658	0.5061250635023226	0.6149722914602763	-1	0.7703783814834572	0.7008090231207111	0.7024795509618965
SEN1477_1-514	0.310625594753866	0.47044924838516966	0.024212168963211173	0.2630138002185002	0.31313616581098414	-1	0.08442547302226967	0.2015600375934111	0.24227386409197363	0.32312287196314493	0.2111757976533101	0.05876683643309909	0.718858622679545	0.14923275910203354	0.5057692307692307	0.12970955552112903	0.7030299032222607	0.0	0.5459417852265912	0.33349886888157343	0.5155385286452993	0.3698198086361588	0.3986937282468556	0.22870460958759617	-1	0.2267853867845891	0.007422951469708133	0.001849796416157295
ROD_15701_1-514	0.6869838882434599	0.7595531310898533	0.5346752640981746	0.6653653618145733	0.3389399875602447	-1	0.5842758647884835	0.6374617760659166	0.6559482234424482	0.6926583796226335	0.4243860502471636	0.572625350065285	0.8723454481149369	0.6137021454101707	0.7755904592369882	0.6048374744455673	0.8651582880160131	0.5459417852265912	0.0	0.6973696862599096	0.7800262891901857	0.27947875703498026	0.726971947715713	0.6497869919663846	-1	0.41276560606477813	0.5493122373192765	0.5467817004850059
STM_MW15731_1-514	0.03317975537478908	0.20547658977530286	0.3496363068823841	0.09563960449187585	0.5422044775886815	-1	0.27204054778750086	0.16524577613886415	0.12039310836266674	0.015329217798394107	0.47424777688234054	0.29188520239485477	0.5781831955053343	0.21658815821945726	0.2584697217221192	0.23416241629824308	0.5544342193697305	0.33349886888157343	0.6973696862599096	0.0	0.27312730806360824	0.5799841896475734	0.09781657722903116	0.1358678667040196	-1	0.4846515856946319	0.3285144643377415	0.3322636926533054
Ecoli9000q_1870_1-512	0.29724476617067214	0.0851462869661364	0.5272683916459051	0.34264512483634985	0.6672409362684583	-1	0.4708661533497596	0.3932399501967828	0.3606377708297695	0.2842696978700062	0.6178450662909244	0.48529069086475485	0.4196826911037969	0.4305593256701303	0.019766672745352494	0.4433335739486422	0.3870098772822508	0.5155385286452993	0.7800262891901857	0.27312730806360824	0.0	0.6947019772732866	0.19431827986389638	0.3718859500824138	-1	0.6254073108087062	0.5119155010968242	0.5146407127752423
SL1344_1509_1-514	0.5655699053806571	0.6662876060105003	0.3541831827373113	0.5355658955891843	0.08252529832510598	-1	0.4230230693813155	0.4968389516980776	0.5224959986720961	0.5734454419239274	0.20111453288438066	0.40685350486541677	0.8228302730399019	0.4638633373248323	0.6885455592682554	0.4515602011561827	0.8128553275832658	0.3698198086361588	0.27947875703498026	0.5799841896475734	0.6947019772732866	0.0	0.6210686985983256	0.5139449232718628	-1	0.1849867027949219	0.374497605613824	0.37098551369567695
NCTC13441_02614_1-512	0.1277508024997618	0.11933273193560177	0.4132526572971813	0.18410104296197344	0.5869844686617329	-1	0.343247049764448	0.24689857714443691	0.206433243809698	0.11164634341078801	0.5256750598182639	0.36115056818181823	0.5324489523437526	0.29321882314312125	0.17807148794605146	0.30907402744930057	0.5061250635023226	0.3986937282468556	0.726971947715713	0.09781657722903116	0.19431827986389638	0.6210686985983256	0.0	0.22039431425665332	-1	0.5350612036623917	0.39419688109502615	0.39757937272951144
STMMW_17551_1-511	0.1062122063538685	0.3134267905689351	0.2473793439008072	0.04448255630382962	0.4702250908490224	-1	0.15758317025440335	0.033997010761295354	0.017592811616729785	0.12241517782838597	0.3915835288842568	0.18054800843448846	0.635494544871931	0.09341197764230061	0.35921985872817286	0.11374944387186198	0.6149722914602763	0.22870460958759617	0.6497869919663846	0.1358678667040196	0.3718859500824138	0.5139449232718628	0.22039431425665332	0.0	-1	0.40362313302744385	0.2229365049751449	0.2272752260701047
b1225_1-512	-1	-1	-1	-1	-1	-1	-1	-1	-1	-1	-1	-1	-1	-1	-1	-1	-1	-1	-1	-1	-1	-1	-1	-1	-1	-1	-1	-1
SL1344_1691_1-511	0.4669656358870065	0.5905436204122089	0.20759965576342648	0.43015150059085205	0.11167763457975215	-1	0.29206439625303143	0.38263455329206214	0.4141150789006675	0.47662871325062495	0.019788425716201014	0.2722247634871011	0.7826173786763165	0.3421743368927366	0.6178535469300758	0.3270787105872017	0.7703783814834572	0.2267853867845891	0.41276560606477813	0.4846515856946319	0.6254073108087062	0.1849867027949219	0.5350612036623917	0.40362313302744385	-1	0.0	0.23252492133415623	0.22821567640503543
BN373_24621_1-514	0.305470133258783	0.46648902228906486	0.031455394677729016	0.2575022756442386	0.31823472271846687	-1	0.07757838211812285	0.1955889332834782	0.2366072366573548	0.31806087090255963	0.2170312014254608	0.0517278583455217	0.7167561170825572	0.1428703271371256	0.5020731438807936	0.12320111998609133	0.7008090231207111	0.007422951469708133	0.5493122373192765	0.3285144643377415	0.5119155010968242	0.374497605613824	0.39419688109502615	0.2229365049751449	-1	0.23252492133415623	0.0	0.005583483361061804
ERS227112_04795_1-514	0.3093480292134931	0.4694678719560577	0.026017177795992927	0.2616479993338053	0.31440672406985504	-1	0.08272870787345002	0.20008034908994388	0.24086962744943344	0.3218684666831322	0.21263496183578914	0.05702252007020792	0.7183376045899492	0.14765609640382782	0.504853310196961	0.1280967119436466	0.7024795509618965	0.001849796416157295	0.5467817004850059	0.3322636926533054	0.5146407127752423	0.37098551369567695	0.39757937272951144	0.2272752260701047	-1	0.22821567640503543	0.005583483361061804	0.0
