ETEC_3869_1-331	0.0	0.6365233792578453	0.2207005499321668	0.1778083858783659	0.8063528939105968	0.4555559457585363	2.1681030755236925	1.405790523865547	0.505366610185233	0.30802519336877054	0.9945425894357065	0.32205433107685133	1.9652531921628007	0.267542321832853	0.682901587426989	0.3222385973538162	1.8554742102742317	-1	0.4107823162069977	1.6790634783549305	-1	1.5226293506571862
ROD_41901_1-340	0.6365233792578453	0.0	0.4158228293256785	0.4587149933794794	0.16982951465275153	1.0920793250163816	1.5315796962658472	2.042313903123392	1.1418899894430783	0.32849818588907476	1.6310659686935518	0.31446904818099397	1.3287298129049554	0.3689810574249923	1.3194249666848343	0.9587619766116615	1.2189508310163863	-1	1.047305695464843	2.315586857612776	-1	2.1591527299150313
NCTC13441_00058_1-338	0.2207005499321668	0.4158228293256785	0.0	0.04289216405380092	0.58565234397843	0.6762564956907031	1.9474025255915257	1.6264910737977138	0.7260671601173998	0.08732464343660373	1.2152431393678733	0.10135378114468452	1.7445526422306339	0.04684177190068617	0.9036021373591558	0.542939147285983	1.6347736603420648	-1	0.6314828661391645	1.8997640282870973	-1	1.743329900589353
SEN3539_1-337	0.1778083858783659	0.4587149933794794	0.04289216405380092	0.0	0.6285445080322309	0.6333643316369022	1.9902946896453266	1.583598909743913	0.6831749960635989	0.13021680749040465	1.1723509753140724	0.14424594519848544	1.7874448062844348	0.08973393595448709	0.8607099733053549	0.5000469832321821	1.6776658243958658	-1	0.5885907020853636	1.8568718642332964	-1	1.700437736535552
CS17_04074_1-332	0.8063528939105968	0.16982951465275153	0.58565234397843	0.6285445080322309	0.0	1.2619088396691331	1.3617501816130957	2.2121434177761437	1.3117195040958298	0.4983277005418263	1.8008954833463033	0.4842985628337455	1.1589002982522039	0.5388105720777439	1.4892544813375859	1.128591491264413	1.0491213163636348	-1	1.2171352101175945	2.4854163722655276	-1	2.328982244567783
ETEC_3867_3-338	0.4555559457585363	1.0920793250163816	0.6762564956907031	0.6333643316369022	1.2619088396691331	0.0	2.623659021282229	0.9502345781070107	0.04981066442669668	0.7635811391273069	0.5389866436771702	0.7776102768353876	2.420809137921337	0.7230982675913893	0.22734564166845272	0.1333173484047201	2.3110301560327677	-1	0.04477362955153863	1.2235075325963942	-1	1.0670734048986499
CS17_04075_1-339	2.1681030755236925	1.5315796962658472	1.9474025255915257	1.9902946896453266	1.3617501816130957	2.623659021282229	0.0	3.5738935993892396	2.6734696857089255	1.860077882154922	3.162645664959399	1.8460487444468412	0.20284988336089188	1.9005607536908395	2.8510046629506816	2.4903416728775087	0.31262886524946093	-1	2.57888539173069	3.847166553878623	-1	3.6907324261808787
STMMW_37071_1-337	1.405790523865547	2.042313903123392	1.6264910737977138	1.583598909743913	2.2121434177761437	0.9502345781070107	3.5738935993892396	0.0	0.900423913680314	1.7138157172343176	0.41124793442984053	1.7278448549423984	3.371043716028348	1.6733328456984	0.722888936438558	1.0835519265117308	3.261264734139779	-1	0.9950082076585494	0.2732729544893835	-1	0.11683882679163915
STM_MW37061_1-336	0.505366610185233	1.1418899894430783	0.7260671601173998	0.6831749960635989	1.3117195040958298	0.04981066442669668	2.6734696857089255	0.900423913680314	0.0	0.8133918035540035	0.4891759792504735	0.8274209412620843	2.4706198023480335	0.772908932018086	0.17753497724175604	0.18312801283141678	2.3608408204594644	-1	0.09458429397823531	1.1736968681696975	-1	1.0172627404719532
STMMW_37061_1-336	0.30802519336877054	0.32849818588907476	0.08732464343660373	0.13021680749040465	0.4983277005418263	0.7635811391273069	1.860077882154922	1.7138157172343176	0.8133918035540035	0.0	1.302567782804477	0.014029137708080786	1.6572279987940302	0.040482871535917564	0.9909267807957596	0.6302637907225868	1.547449016905461	-1	0.7188075095757682	1.987088671723701	-1	1.8306545440259567
t3802_1-336	0.9945425894357065	1.6310659686935518	1.2152431393678733	1.1723509753140724	1.8008954833463033	0.5389866436771702	3.162645664959399	0.41124793442984053	0.4891759792504735	1.302567782804477	0.0	1.3165969205125578	2.9597957815985074	1.2620849112685595	0.31164100200871747	0.6723039920818903	2.8500167997099384	-1	0.5837602732287088	0.684520888919224	-1	0.5280867612214797
NCTC13441_00057_1-340	0.32205433107685133	0.31446904818099397	0.10135378114468452	0.14424594519848544	0.4842985628337455	0.7776102768353876	1.8460487444468412	1.7278448549423984	0.8274209412620843	0.014029137708080786	1.3165969205125578	0.0	1.6431988610859494	0.05451200924399835	1.0049559185038404	0.6442929284306675	1.5334198791973803	-1	0.732836647283849	2.001117809431782	-1	1.8446836817340375
SL1344_3683_1-336	1.9652531921628007	1.3287298129049554	1.7445526422306339	1.7874448062844348	1.1589002982522039	2.420809137921337	0.20284988336089188	3.371043716028348	2.4706198023480335	1.6572279987940302	2.9597957815985074	1.6431988610859494	0.0	1.6977108703299477	2.64815477958979	2.2874917895166167	0.10977898188856905	-1	2.3760355083697986	3.644316670517731	-1	3.487882542819987
CS17_04072_3-338	0.267542321832853	0.3689810574249923	0.04684177190068617	0.08973393595448709	0.5388105720777439	0.7230982675913893	1.9005607536908395	1.6733328456984	0.772908932018086	0.040482871535917564	1.2620849112685595	0.05451200924399835	1.6977108703299477	0.0	0.950443909259842	0.5897809191866692	1.5879318884413787	-1	0.6783246380398507	1.9466058001877835	-1	1.7901716724900392
ETEC_3870_1-338	0.682901587426989	1.3194249666848343	0.9036021373591558	0.8607099733053549	1.4892544813375859	0.22734564166845272	2.8510046629506816	0.722888936438558	0.17753497724175604	0.9909267807957596	0.31164100200871747	1.0049559185038404	2.64815477958979	0.950443909259842	0.0	0.3606629900731728	2.538375797701221	-1	0.27211927121999135	0.9961618909279415	-1	0.8397277632301972
ROD_41911_1-338	0.3222385973538162	0.9587619766116615	0.542939147285983	0.5000469832321821	1.128591491264413	0.1333173484047201	2.4903416728775087	1.0835519265117308	0.18312801283141678	0.6302637907225868	0.6723039920818903	0.6442929284306675	2.2874917895166167	0.5897809191866692	0.3606629900731728	0.0	2.1777128076280476	-1	0.08854371885318146	1.3568248810011143	-1	1.20039075330337
SL1344_3684_1-337	1.8554742102742317	1.2189508310163863	1.6347736603420648	1.6776658243958658	1.0491213163636348	2.3110301560327677	0.31262886524946093	3.261264734139779	2.3608408204594644	1.547449016905461	2.8500167997099384	1.5334198791973803	0.10977898188856905	1.5879318884413787	2.538375797701221	2.1777128076280476	0.0	-1	2.2662565264812295	3.534537688629162	-1	3.378103560931418
b3627_1-339	-1	-1	-1	-1	-1	-1	-1	-1	-1	-1	-1	-1	-1	-1	-1	-1	-1	-1	-1	-1	-1	-1
SEN3540_1-337	0.4107823162069977	1.047305695464843	0.6314828661391645	0.5885907020853636	1.2171352101175945	0.04477362955153863	2.57888539173069	0.9950082076585494	0.09458429397823531	0.7188075095757682	0.5837602732287088	0.732836647283849	2.3760355083697986	0.6783246380398507	0.27211927121999135	0.08854371885318146	2.2662565264812295	-1	0.0	1.2682811621479329	-1	1.1118470344501885
STM_MW37071_1-338	1.6790634783549305	2.315586857612776	1.8997640282870973	1.8568718642332964	2.4854163722655276	1.2235075325963942	3.847166553878623	0.2732729544893835	1.1736968681696975	1.987088671723701	0.684520888919224	2.001117809431782	3.644316670517731	1.9466058001877835	0.9961618909279415	1.3568248810011143	3.534537688629162	-1	1.2682811621479329	0.0	-1	0.15643412769774434
b3626_1-338	-1	-1	-1	-1	-1	-1	-1	-1	-1	-1	-1	-1	-1	-1	-1	-1	-1	-1	-1	-1	-1	-1
t3801_1-337	1.5226293506571862	2.1591527299150313	1.743329900589353	1.700437736535552	2.328982244567783	1.0670734048986499	3.6907324261808787	0.11683882679163915	1.0172627404719532	1.8306545440259567	0.5280867612214797	1.8446836817340375	3.487882542819987	1.7901716724900392	0.8397277632301972	1.20039075330337	3.378103560931418	-1	1.1118470344501885	0.15643412769774434	-1	0.0
