ENC_17570_1-607	0.0	0.4400363962047321	0.8031804622669111	-1	0.2014676649129601	0.6737652323788991	0.28028327054713986	0.008036916005540018	0.16101655445349006	0.3221978954170701	0.22809253632136994	0.4419883128474861	0.5119824093813681
STM_MW10061_1-613	0.4400363962047321	0.0	0.36314406606217897	-1	0.23856873129177203	0.23372883617416695	0.720319666751872	0.4319994801991921	0.27901984175124206	0.117838500787662	0.6681289325261021	0.0019519166427539592	0.07194601317663596
t1939_1-615	0.8031804622669111	0.36314406606217897	0.0	-1	0.601712797353951	0.12941522988801202	1.0834637328140508	0.7951435462613711	0.642163907813421	0.480982566849841	1.031272998588281	0.361192149419425	0.291198052885543
b0925_1-615	-1	-1	-1	-1	-1	-1	-1	-1	-1	-1	-1	-1	-1
ERS227112_03440_1-577	0.2014676649129601	0.23856873129177203	0.601712797353951	-1	0.0	0.472297567465939	0.48175093546009995	0.19343074890742007	0.04045111045947003	0.12073023050411003	0.42956020123433003	0.240520647934526	0.310514744468408
ROD_09941_1-624	0.6737652323788991	0.23372883617416695	0.12941522988801202	-1	0.472297567465939	0.0	0.9540485029260389	0.665728316373359	0.512748677925409	0.35156733696182896	0.901857768700269	0.231776919531413	0.161782822997531
CS17_00988_1-615	0.28028327054713986	0.720319666751872	1.0834637328140508	-1	0.48175093546009995	0.9540485029260389	0.0	0.2883201865526799	0.4412998250006299	0.60248116596421	0.05219073422576992	0.7222715833946259	0.7922656799285079
STMMW_10061_1-613	0.008036916005540018	0.4319994801991921	0.7951435462613711	-1	0.19343074890742007	0.665728316373359	0.2883201865526799	0.0	0.15297963844795004	0.3141609794115301	0.23612945232690996	0.43395139684194606	0.5039454933758281
ETEC_0993_1-615	0.16101655445349006	0.27901984175124206	0.642163907813421	-1	0.04045111045947003	0.512748677925409	0.4412998250006299	0.15297963844795004	0.0	0.16118134096358006	0.38910909077486	0.280971758393996	0.350965854927878
BN373_15681_1-596	0.3221978954170701	0.117838500787662	0.480982566849841	-1	0.12073023050411003	0.35156733696182896	0.60248116596421	0.3141609794115301	0.16118134096358006	0.0	0.5502904317384401	0.11979041743041596	0.18978451396429796
SL1344_0932_1-613	0.22809253632136994	0.6681289325261021	1.031272998588281	-1	0.42956020123433003	0.901857768700269	0.05219073422576992	0.23612945232690996	0.38910909077486	0.5502904317384401	0.0	0.670080849168856	0.740074945702738
SEN0899_1-616	0.4419883128474861	0.0019519166427539592	0.361192149419425	-1	0.240520647934526	0.231776919531413	0.7222715833946259	0.43395139684194606	0.280971758393996	0.11979041743041596	0.670080849168856	0.0	0.069994096533882
NCTC13441_02964_1-615	0.5119824093813681	0.07194601317663596	0.291198052885543	-1	0.310514744468408	0.161782822997531	0.7922656799285079	0.5039454933758281	0.350965854927878	0.18978451396429796	0.740074945702738	0.069994096533882	0.0
