ETEC_3359_1-414	0.0	0.2738957433928402	0.41643005411543	0.8209649697149461	0.2823230917022401	0.5551754898912541	0.35920899007298	0.3987720806004702	-1	-1	0.14374735339341016	0.12385917232880006	0.4067950858173601	0.015358348253710075	0.26350807655294983	0.1914271835728898	0.6310622646306511
NCTC13441_00600_1-414	0.2738957433928402	0.0	0.14253431072258982	0.547069226322106	0.008427348309399951	0.2812797464984139	0.08531324668013984	0.12487633720763003	-1	-1	0.13014838999943001	0.15003657106404011	0.13289934242451995	0.2585373951391301	0.53740381994579	0.46532292696572997	0.3571665212378109
STM_MW32261_1-414	0.41643005411543	0.14253431072258982	0.0	0.40453491559951615	0.13410696241318987	0.1387454357758241	0.057221064042449976	0.01765797351495979	-1	-1	0.27268270072201983	0.29257088178662993	0.009634968298069868	0.4010717058617199	0.6799381306683798	0.6078572376883198	0.21463221051522108
NCTC13441_00161_1-421	0.8209649697149461	0.547069226322106	0.40453491559951615	0.0	0.538641878012706	0.26578947982369205	0.46175597964196613	0.42219288911447594	-1	-1	0.677217616321536	0.6971057973861461	0.414169883897586	0.8056066214612361	1.084473046267896	1.012392153287836	0.18990270508429508
SEN3067_1-414	0.2823230917022401	0.008427348309399951	0.13410696241318987	0.538641878012706	0.0	0.27285239818901397	0.07688589837073989	0.11644898889823008	-1	-1	0.13857573830882997	0.15846391937344007	0.12447199411512	0.26696474344853005	0.54583116825519	0.4737502752751299	0.34873917292841095
ETEC_3774_1-421	0.5551754898912541	0.2812797464984139	0.1387454357758241	0.26578947982369205	0.27285239818901397	0.0	0.19596649981827408	0.1564034092907839	-1	-1	0.41142813649784393	0.43131631756245403	0.14838040407389397	0.539817141637544	0.8186835664442039	0.7466026734641439	0.07588677473939698
ERS227112_01087_1-415	0.35920899007298	0.08531324668013984	0.057221064042449976	0.46175597964196613	0.07688589837073989	0.19596649981827408	0.0	0.039563090527490186	-1	-1	0.21546163667956986	0.23534981774417996	0.04758609574438011	0.34385064181926994	0.6227170666259298	0.5506361736458698	0.27185327455767105
t3145_1-414	0.3987720806004702	0.12487633720763003	0.01765797351495979	0.42219288911447594	0.11644898889823008	0.1564034092907839	0.039563090527490186	0.0	-1	-1	0.25502472720706004	0.27491290827167014	0.008023005216889922	0.3834137323467601	0.66228015715342	0.59019926417336	0.23229018403018087
b3089_1-414	-1	-1	-1	-1	-1	-1	-1	-1	-1	-1	-1	-1	-1	-1	-1	-1	-1
b3528_1-421	-1	-1	-1	-1	-1	-1	-1	-1	-1	-1	-1	-1	-1	-1	-1	-1	-1
SL1344_3198_1-414	0.14374735339341016	0.13014838999943001	0.27268270072201983	0.677217616321536	0.13857573830882997	0.41142813649784393	0.21546163667956986	0.25502472720706004	-1	-1	0.0	0.0198881810646101	0.26304773242394996	0.12838900513970009	0.40725542994636	0.33517453696629995	0.4873149112372409
STMMW_32261_1-414	0.12385917232880006	0.15003657106404011	0.29257088178662993	0.6971057973861461	0.15846391937344007	0.43131631756245403	0.23534981774417996	0.27491290827167014	-1	-1	0.0198881810646101	0.0	0.28293591348856006	0.10850082407508999	0.3873672488817499	0.31528635590168985	0.507203092301851
ROD_47981_1-414	0.4067950858173601	0.13289934242451995	0.009634968298069868	0.414169883897586	0.12447199411512	0.14838040407389397	0.04758609574438011	0.008023005216889922	-1	-1	0.26304773242394996	0.28293591348856006	0.0	0.39143673756365005	0.67030316237031	0.5982222693902499	0.22426717881329095
BN373_41791_1-415	0.015358348253710075	0.2585373951391301	0.4010717058617199	0.8056066214612361	0.26696474344853005	0.539817141637544	0.34385064181926994	0.3834137323467601	-1	-1	0.12838900513970009	0.10850082407508999	0.39143673756365005	0.0	0.2788664248066599	0.20678553182659987	0.615703916376941
CS17_03519_1-414	0.26350807655294983	0.53740381994579	0.6799381306683798	1.084473046267896	0.54583116825519	0.8186835664442039	0.6227170666259298	0.66228015715342	-1	-1	0.40725542994636	0.3873672488817499	0.67030316237031	0.2788664248066599	0.0	0.07208089298006004	0.8945703411836009
ENC_33470_1-413	0.1914271835728898	0.46532292696572997	0.6078572376883198	1.012392153287836	0.4737502752751299	0.7466026734641439	0.5506361736458698	0.59019926417336	-1	-1	0.33517453696629995	0.31528635590168985	0.5982222693902499	0.20678553182659987	0.07208089298006004	0.0	0.8224894482035409
CS17_03966_1-421	0.6310622646306511	0.3571665212378109	0.21463221051522108	0.18990270508429508	0.34873917292841095	0.07588677473939698	0.27185327455767105	0.23229018403018087	-1	-1	0.4873149112372409	0.507203092301851	0.22426717881329095	0.615703916376941	0.8945703411836009	0.8224894482035409	0.0
