BN373_18551_1-115	0.0	0.13346448144180872	0.17685096844899384	0.030610295854201792	0.5336591659726292	0.6747826086956521	0.7693907632541699	0.5572755634978503	0.5445134575569358	0.7481750911639148	0.37379027655636127	0.20289855072463772	0.295605309981112	-1	0.4432281086326085	0.21500349020096357	0.37581766587461984	0.3610939828769774	0.013544365751118836	0.34406408388134113	0.6387387025736876	0.9300159329171102	0.8792066270050587	0.5255743541320128	0.3902173913043478
SEN1729_1-115	0.13346448144180872	0.0	0.05006890782662307	0.15998939003304913	0.46183298429208686	0.6246923705499462	0.7338721474111811	0.4890867979205413	0.47435906239488274	0.7093888208355372	0.2773409629122014	0.08012835919104476	0.3896169820148465	-1	0.35747366444506323	0.09409771095687543	0.2796806123262634	0.26268917610430587	0.1452011554414963	0.4316082307851757	0.5830969536858605	0.9393563201395168	0.8606019367839339	0.4525029433792013	0.2962981947811492
ERS227112_05501_1-116	0.17685096844899384	0.05006890782662307	0.0	0.20204780383686982	0.4334673113218938	0.6049106797932302	0.7198450974165539	0.46215761723250426	0.4466536131557848	0.6940713052148189	0.23925109616698145	0.03164382302262339	0.4201781930812812	-1	0.32360742705570283	0.046349470496346724	0.2417140636741393	0.22382704390822944	0.18799999999999992	0.46006698588740397	0.5611228543322084	0.9423926829567185	0.8532545524990314	0.42364550320364486	0.25920752461230684
ENC_14360_1-115	0.030610295854201792	0.15998939003304913	0.20204780383686982	0.0	0.5479339968711022	0.6847376092604099	0.7764497802176714	0.5708274894810659	0.5584560353787255	0.755883526126845	0.39295874145774895	0.22729806191276958	0.2733627281098649	-1	0.46027106095066783	0.2390324656104279	0.39492407178916394	0.38065108508414286	0.01730025103062795	0.32335167857321834	0.6497970177685797	0.9278060548986766	0.8829041478896608	0.5400966635128527	0.4088830173632687
NCTC13441_02144_1-116	0.5336591659726292	0.46183298429208686	0.4334673113218938	0.5479339968711022	0.0	0.30261866949172206	0.5054920780703174	0.05064192496562503	0.023275447467397955	0.45999815915475917	0.25529608281570665	0.4149542264020257	0.6715119927721405	-1	0.16242029948374118	0.40593260198474423	0.25287723068801815	0.2700947846331271	0.5399754567933778	0.6941102978087171	0.22532776230119037	0.9673635717879376	0.7409762041385988	0.017041262231566	0.23523428287846507
BN373_49831_1-102	0.6747826086956521	0.6246923705499462	0.6049106797932302	0.6847376092604099	0.30261866949172206	0.0	0.29090742711843676	0.2654180241917396	0.2859999999999999	0.2256720717607008	0.4806573913992911	0.592	0.7709185964634225	-1	0.4158875540472465	0.5857084875605303	0.4789705290841809	0.490977729762519	0.6791874719921029	0.7866782324970623	0.09977239847929366	0.9772399642704341	0.6285765268872124	0.31450292762031207	0.4666666666666667
ROD_41151_1-100	0.7693907632541699	0.7338721474111811	0.7198450974165539	0.7764497802176714	0.5054920780703174	0.29090742711843676	0.0	0.4791133767816984	0.49370790296256384	0.08424771079363103	0.6317380134603007	0.7106902302643222	0.8375600781669286	-1	0.585810202847219	0.7062289655213023	0.6305418719211823	0.6390560887432902	0.7725142191022417	0.8487351190296993	0.36165529385868367	0.9838610277056459	0.4761988951549422	0.5139191172435079	0.6218172944631662
ENC_01370_1-102	0.5572755634978503	0.4890867979205413	0.46215761723250426	0.5708274894810659	0.05064192496562503	0.2654180241917396	0.4791133767816984	0.0	0.02801862349755317	0.43119266055045874	0.2930093227113607	0.4445820705700304	0.6881472577862814	-1	0.20483694783001624	0.43601731857955695	0.2907129659116255	0.30705858978175465	0.5632719851927934	0.7096011411548454	0.18400416231698477	0.9690163433365989	0.7271590112592422	0.06682018487394052	0.27396349094121625
BN373_46991_1-100	0.5445134575569358	0.47435906239488274	0.4466536131557848	0.5584560353787255	0.023275447467397955	0.2859999999999999	0.49370790296256384	0.02801862349755317	0.0	0.4471298592371403	0.27262939971889516	0.4285714285714286	0.6791576981280427	-1	0.18191534180286628	0.41975978649934215	0.27026684745683605	0.2870836551295785	0.5506827338824972	0.7012300175028883	0.20686724246859567	0.9681231992583109	0.7348036401974697	0.03992006669511499	0.25303454715219426
ENC_03480_1-102	0.7481750911639148	0.7093888208355372	0.6940713052148189	0.755883526126845	0.45999815915475917	0.2256720717607008	0.08424771079363103	0.43119266055045874	0.4471298592371403	0.0	0.5978585138358199	0.6840742052783659	0.822615871401371	-1	0.5477054198666147	0.6792025114856196	0.5965523292341356	0.6058498400593467	0.7515858998344329	0.8348189977211048	0.30292862637063805	0.9823762686868728	0.520327939149313	0.46920047213013133	0.5870251049390405
ETEC_1768_1-116	0.37379027655636127	0.2773409629122014	0.23925109616698145	0.39295874145774895	0.25529608281570665	0.4806573913992911	0.6317380134603007	0.2930093227113607	0.27262939971889516	0.5978585138358199	0.0	0.21439143786161682	0.5589011959681045	-1	0.11088590527530652	0.20227706030953946	0.0032375564325472536	0.019871926917443827	0.3822718900875889	0.5892465513705848	0.42309855005177444	0.9561752967065623	0.8071039645780697	0.2423853732914971	0.02623260887367082
BN373_37081_1-100	0.20289855072463772	0.08012835919104476	0.03164382302262339	0.22729806191276958	0.4149542264020257	0.592	0.7106902302643222	0.4445820705700304	0.4285714285714286	0.6840742052783659	0.21439143786161682	0.0	0.4385259717240748	-1	0.30150435446636337	0.01518619679757245	0.21693488991543214	0.19846336033657166	0.2136947842943701	0.4771525306300546	0.5467812814106261	0.9442155987020443	0.8484592229699827	0.4048114624565251	0.23499999999999996
STMMW_13211_1-115	0.295605309981112	0.3896169820148465	0.4201781930812812	0.2733627281098649	0.6715119927721405	0.7709185964634225	0.8375600781669286	0.6881472577862814	0.6791576981280427	0.822615871401371	0.5589011959681045	0.4385259717240748	0.0	-1	0.6078128361690363	0.4470526268141988	0.5603292782384869	0.5499579941174262	0.2859337353217749	0.06879491652461169	0.7455294603835713	0.90064651526403	0.9149137894728924	0.6658170942418085	0.5704723683689172
b1736_1-116	-1	-1	-1	-1	-1	-1	-1	-1	-1	-1	-1	-1	-1	-1	-1	-1	-1	-1	-1	-1	-1	-1	-1	-1	-1
ERS227112_01838_1-102	0.4432281086326085	0.35747366444506323	0.32360742705570283	0.46027106095066783	0.16242029948374118	0.4158875540472465	0.585810202847219	0.20483694783001624	0.18191534180286628	0.5477054198666147	0.11088590527530652	0.30150435446636337	0.6078128361690363	-1	0.0	0.29073329063599496	0.10799799845736714	0.12855431558694486	0.45076923076923064	0.6347933193668116	0.35115025914997094	0.9610348386046769	0.783046926635823	0.1478994302265653	0.08693379668805672
CS17_01923_1-116	0.21500349020096357	0.09409771095687543	0.046349470496346724	0.2390324656104279	0.40593260198474423	0.5857084875605303	0.7062289655213023	0.43601731857955695	0.41975978649934215	0.6792025114856196	0.20227706030953946	0.01518619679757245	0.4470526268141988	-1	0.29073329063599496	0.0	0.20485973334432483	0.18610336587791182	0.22563577004303348	0.4850925951950193	0.5397924794356124	0.9450627515983898	0.8461224075685826	0.39563343282960217	0.2232034141759942
ROD_13201_1-116	0.37581766587461984	0.2796806123262634	0.2417140636741393	0.39492407178916394	0.25287723068801815	0.4789705290841809	0.6305418719211823	0.2907129659116255	0.27026684745683605	0.5965523292341356	0.0032375564325472536	0.21693488991543214	0.5603292782384869	-1	0.10799799845736714	0.20485973334432483	0.0	0.0230451468651724	0.3842718197034011	0.590576388840386	0.42122473246135544	0.9563171816566145	0.8064774243183283	0.23992458624647836	0.02306974203283919
SL1344_1249_1-115	0.3610939828769774	0.26268917610430587	0.22382704390822944	0.38065108508414286	0.2700947846331271	0.490977729762519	0.6390560887432902	0.30705858978175465	0.2870836551295785	0.6058498400593467	0.019871926917443827	0.19846336033657166	0.5499579941174262	-1	0.12855431558694486	0.18610336587791182	0.0230451468651724	0.0	0.36974755965348227	0.5809185963446867	0.43456269350371296	0.9552867584380003	0.8109371804966389	0.25744063578503495	0.04558324330472317
ERS227112_01585_1-100	0.013544365751118836	0.1452011554414963	0.18799999999999992	0.01730025103062795	0.5399754567933778	0.6791874719921029	0.7725142191022417	0.5632719851927934	0.5506827338824972	0.7515858998344329	0.3822718900875889	0.2136947842943701	0.2859337353217749	-1	0.45076923076923064	0.22563577004303348	0.3842718197034011	0.36974755965348227	0.0	0.33505786439335467	0.6436317577177532	0.9290550282718208	0.8808426966292134	0.5320001486013596	0.3984765099851931
STM_MW13211_1-116	0.34406408388134113	0.4316082307851757	0.46006698588740397	0.32335167857321834	0.6941102978087171	0.7866782324970623	0.8487351190296993	0.7096011411548454	0.7012300175028883	0.8348189977211048	0.5892465513705848	0.4771525306300546	0.06879491652461169	-1	0.6347933193668116	0.4850925951950193	0.590576388840386	0.5809185963446867	0.33505786439335467	0.0	0.7630357399144564	0.8933065481503076	0.9207672882235003	0.6888071793473954	0.6000216859319917
ROD_37191_1-118	0.6387387025736876	0.5830969536858605	0.5611228543322084	0.6497970177685797	0.22532776230119037	0.09977239847929366	0.36165529385868367	0.18400416231698477	0.20686724246859567	0.30292862637063805	0.42309855005177444	0.5467812814106261	0.7455294603835713	-1	0.35115025914997094	0.5397924794356124	0.42122473246135544	0.43456269350371296	0.6436317577177532	0.7630357399144564	0.0	0.9747174651264651	0.6656343376511847	0.2385291550473298	0.4075572306021257
CS17_01700_1-103	0.9300159329171102	0.9393563201395168	0.9423926829567185	0.9278060548986766	0.9673635717879376	0.9772399642704341	0.9838610277056459	0.9690163433365989	0.9681231992583109	0.9823762686868728	0.9561752967065623	0.9442155987020443	0.90064651526403	-1	0.9610348386046769	0.9450627515983898	0.9563171816566145	0.9552867584380003	0.9290550282718208	0.8933065481503076	0.9747174651264651	0.0	0.9915463884811535	0.9667977637737314	0.9573249330070638
ERS227112_00522_1-101	0.8792066270050587	0.8606019367839339	0.8532545524990314	0.8829041478896608	0.7409762041385988	0.6285765268872124	0.4761988951549422	0.7271590112592422	0.7348036401974697	0.520327939149313	0.8071039645780697	0.8484592229699827	0.9149137894728924	-1	0.783046926635823	0.8461224075685826	0.8064774243183283	0.8109371804966389	0.8808426966292134	0.9207672882235003	0.6656343376511847	0.9915463884811535	0.0	0.7453902965680884	0.8019074810065133
t1193_1-115	0.5255743541320128	0.4525029433792013	0.42364550320364486	0.5400966635128527	0.017041262231566	0.31450292762031207	0.5139191172435079	0.06682018487394052	0.03992006669511499	0.46920047213013133	0.2423853732914971	0.4048114624565251	0.6658170942418085	-1	0.1478994302265653	0.39563343282960217	0.23992458624647836	0.25744063578503495	0.5320001486013596	0.6888071793473954	0.2385291550473298	0.9667977637737314	0.7453902965680884	0.0	0.22197576791702633
BN373_24021_1-102	0.3902173913043478	0.2962981947811492	0.25920752461230684	0.4088830173632687	0.23523428287846507	0.4666666666666667	0.6218172944631662	0.27396349094121625	0.25303454715219426	0.5870251049390405	0.02623260887367082	0.23499999999999996	0.5704723683689172	-1	0.08693379668805672	0.2232034141759942	0.02306974203283919	0.04558324330472317	0.3984765099851931	0.6000216859319917	0.4075572306021257	0.9573249330070638	0.8019074810065133	0.22197576791702633	0.0
