NCTC13441_03434_1-111	0.0	1.1176013281652601	1.113508500506554	1.720853737881419	0.6379054724894755	1.3411053998385154	-1	1.684039298926752	1.812639037171285	1.2734567266194694	2.5467376017425067
ENC_35500_1-117	1.1176013281652601	0.0	0.004092827658706222	0.603252409716159	0.47969585567578465	0.22350407167325526	-1	0.5664379707614919	2.9302403653365454	2.3910580547847298	1.4291362735772466
BN373_03631_1-114	1.113508500506554	0.004092827658706222	0.0	0.6073452373748652	0.47560302801707843	0.22759689933196148	-1	0.5705307984201982	2.926147537677839	2.3869652271260233	1.4332291012359528
ENC_20940_1-97	1.720853737881419	0.603252409716159	0.6073452373748652	0.0	1.0829482653919436	0.37974833804290375	-1	0.03681443895466707	3.533492775052704	2.9943104645008884	0.8258838638610876
ETEC_0220_1-117	0.6379054724894755	0.47969585567578465	0.47560302801707843	1.0829482653919436	0.0	0.7031999273490399	-1	1.0461338264372766	2.4505445096607605	1.911362199108945	1.9088321292530313
ETEC_0601_1-110	1.3411053998385154	0.22350407167325526	0.22759689933196148	0.37974833804290375	0.7031999273490399	0.0	-1	0.3429338990882367	3.1537444370098004	2.614562126457985	1.2056322019039913
b0573_1-110	-1	-1	-1	-1	-1	-1	-1	-1	-1	-1	-1
ERS227112_02209_1-115	1.684039298926752	0.5664379707614919	0.5705307984201982	0.03681443895466707	1.0461338264372766	0.3429338990882367	-1	0.0	3.496678336098037	2.9574960255462215	0.8626983028157547
Ecoli9000q_46740_1-111	1.812639037171285	2.9302403653365454	2.926147537677839	3.533492775052704	2.4505445096607605	3.1537444370098004	-1	3.496678336098037	0.0	0.5391823105518156	4.359376638913792
ERS227112_00219_1-118	1.2734567266194694	2.3910580547847298	2.3869652271260233	2.9943104645008884	1.911362199108945	2.614562126457985	-1	2.9574960255462215	0.5391823105518156	0.0	3.820194328361976
CS17_00577_1-111	2.5467376017425067	1.4291362735772466	1.4332291012359528	0.8258838638610876	1.9088321292530313	1.2056322019039913	-1	0.8626983028157547	4.359376638913792	3.820194328361976	0.0
