NCTC13441_00049_1-159	0.0	-1	0.0978429804263103	0.0152661439028037	0.0401767208908619	0.04969849162362029	0.0011768529450114987	0.0152661439028037	0.021391039350219698	0.0833007422830488	0.053485448495044	0.0152661439028037	0.021889494087059497
b3634_1-159	-1	-1	-1	-1	-1	-1	-1	-1	-1	-1	-1	-1	-1
CS17_04081_1-159	0.0978429804263103	-1	0.0	0.113109124329114	0.057666259535448405	0.04814448880269001	0.09901983337132181	0.113109124329114	0.0764519410760906	0.014542238143261499	0.044357531931266306	0.113109124329114	0.07595348633925081
STM_MW37141_1-159	0.0152661439028037	-1	0.113109124329114	0.0	0.0554428647936656	0.064964635526424	0.0140892909577922	0.0	0.0366571832530234	0.0985668861858525	0.0687515923978477	0.0	0.0371556379898632
ENC_02530_1-159	0.0401767208908619	-1	0.057666259535448405	0.0554428647936656	0.0	0.009521770732758394	0.0413535738358734	0.0554428647936656	0.018785681540642203	0.043124021392186906	0.0133087276041821	0.0554428647936656	0.018287226803802403
SEN3547_1-159	0.04969849162362029	-1	0.04814448880269001	0.064964635526424	0.009521770732758394	0.0	0.0508753445686318	0.064964635526424	0.028307452273400598	0.03360225065942851	0.003786956871423705	0.064964635526424	0.027808997536560798
SL1344_3691_1-159	0.0011768529450114987	-1	0.09901983337132181	0.0140892909577922	0.0413535738358734	0.0508753445686318	0.0	0.0140892909577922	0.022567892295231196	0.08447759522806031	0.0546623014400555	0.0140892909577922	0.023066347032070996
ROD_41821_1-159	0.0152661439028037	-1	0.113109124329114	0.0	0.0554428647936656	0.064964635526424	0.0140892909577922	0.0	0.0366571832530234	0.0985668861858525	0.0687515923978477	0.0	0.0371556379898632
ERS227112_00603_1-159	0.021391039350219698	-1	0.0764519410760906	0.0366571832530234	0.018785681540642203	0.028307452273400598	0.022567892295231196	0.0366571832530234	0.0	0.06190970293282911	0.0320944091448243	0.0366571832530234	0.0004984547368397999
STMMW_37141_1-159	0.0833007422830488	-1	0.014542238143261499	0.0985668861858525	0.043124021392186906	0.03360225065942851	0.08447759522806031	0.0985668861858525	0.06190970293282911	0.0	0.029815293788004807	0.0985668861858525	0.06141124819598931
ETEC_3875_1-159	0.053485448495044	-1	0.044357531931266306	0.0687515923978477	0.0133087276041821	0.003786956871423705	0.0546623014400555	0.0687515923978477	0.0320944091448243	0.029815293788004807	0.0	0.0687515923978477	0.0315959544079845
t3793_1-159	0.0152661439028037	-1	0.113109124329114	0.0	0.0554428647936656	0.064964635526424	0.0140892909577922	0.0	0.0366571832530234	0.0985668861858525	0.0687515923978477	0.0	0.0371556379898632
BN373_46171_1-159	0.021889494087059497	-1	0.07595348633925081	0.0371556379898632	0.018287226803802403	0.027808997536560798	0.023066347032070996	0.0371556379898632	0.0004984547368397999	0.06141124819598931	0.0315959544079845	0.0371556379898632	0.0
