BN373_07721_1-289	0.0	0.5160567392095731	0.49366102558005587	1.6736221351599863	0.04869350395581595	0.66620892687169	0.054601106483676	0.3400410654383771	0.23722287311637202	0.31767455889974594	0.077255793872965	0.04257997789868806	0.2745586537834831	0.19192496380203106	0.02991819483134095	0.39926987431555594	0.32129404244084603	0.32887913444217587	0.18779632613140207	0.03326517059315692
ERS227112_05466_1-303	0.5160567392095731	0.0	1.009717764789629	2.189678874369559	0.564750243165389	0.15015218766211696	0.46145563272589707	0.17601567377119598	0.27883386609320104	0.833731298109319	0.4388009453366081	0.473476761310885	0.24149808542608997	0.324131775407542	0.545974934040914	0.915326613525129	0.8373507816504191	0.8449358736517489	0.328260413078171	0.54932190980273
SEN1174_1-304	0.49366102558005587	1.009717764789629	0.0	1.1799611095799303	0.4449675216242399	1.159869952451746	0.5482621320637319	0.833702091018433	0.7308838986964279	0.17598646668030993	0.5709168194530209	0.5362410034787439	0.768219679363539	0.6855859893820869	0.4637428307487149	0.09439115126449993	0.17236698313920984	0.16478189113788	0.6814573517114579	0.46039585498689894
ROD_16021_1-297	1.6736221351599863	2.189678874369559	1.1799611095799303	0.0	1.6249286312041702	2.339831062031676	1.7282232416436623	2.013663200598363	1.9108450082763582	1.3559475762602402	1.750877929032951	1.7162021130586742	1.9481807889434692	1.865547098962017	1.643703940328645	1.2743522608444302	1.3523280927191401	1.3447430007178103	1.8614184612913882	1.6403569645668292
BN373_18861_1-302	0.04869350395581595	0.564750243165389	0.4449675216242399	1.6249286312041702	0.0	0.714902430827506	0.10329461043949195	0.38873456939419304	0.285916377072188	0.26898105494393	0.12594929782878095	0.09127348185450401	0.32325215773929905	0.240618467757847	0.018775309124475004	0.35057637035974	0.2726005384850301	0.2801856304863599	0.23648983008721802	0.01542833336265903
SL1344_1793_1-304	0.66620892687169	0.15015218766211696	1.159869952451746	2.339831062031676	0.714902430827506	0.0	0.611607820388014	0.32616786143331294	0.428986053755318	0.983883485771436	0.588953132998725	0.623628948973002	0.39165027308820693	0.474283963069659	0.6961271217030309	1.065478801187246	0.9875029693125361	0.995088061313866	0.47841260074028796	0.699474097464847
ERS227112_04458_1-299	0.054601106483676	0.46145563272589707	0.5482621320637319	1.7282232416436623	0.10329461043949195	0.611607820388014	0.0	0.2854399589547011	0.18262176663269603	0.37227566538342194	0.022654687389288997	0.012021128584987939	0.2199575472998071	0.13732385731835506	0.08451930131501695	0.45387098079923194	0.375895148924522	0.38348024092585187	0.13319521964772607	0.08786627707683292
BN373_11421_1-307	0.3400410654383771	0.17601567377119598	0.833702091018433	2.013663200598363	0.38873456939419304	0.32616786143331294	0.2854399589547011	0.0	0.10281819232200506	0.657715624338123	0.2627852715654121	0.29746108753968903	0.06548241165489399	0.14811610163634603	0.36995926026971804	0.739310939753933	0.6613351078792231	0.668920199880553	0.15224473930697502	0.373306236031534
ERS227112_01382_1-299	0.23722287311637202	0.27883386609320104	0.7308838986964279	1.9108450082763582	0.285916377072188	0.428986053755318	0.18262176663269603	0.10281819232200506	0.0	0.554897432016118	0.15996707924340703	0.19464289521768396	0.037335780667111074	0.04529790931434097	0.267141067947713	0.636492747431928	0.558516915557218	0.5661020075585479	0.049426546984969955	0.27048804370952895
BN373_25191_1-298	0.31767455889974594	0.833731298109319	0.17598646668030993	1.3559475762602402	0.26898105494393	0.983883485771436	0.37227566538342194	0.657715624338123	0.554897432016118	0.0	0.39493035277271094	0.360254536798434	0.592233212683229	0.509599522701777	0.287756364068405	0.08159531541581	0.003619483541100088	0.011204575542429929	0.505470885031148	0.284409388306589
ERS227112_03005_1-308	0.077255793872965	0.4388009453366081	0.5709168194530209	1.750877929032951	0.12594929782878095	0.588953132998725	0.022654687389288997	0.2627852715654121	0.15996707924340703	0.39493035277271094	0.0	0.034675815974276936	0.1973028599105181	0.11466916992906606	0.10717398870430594	0.47652566818852093	0.398549836313811	0.40613492831514086	0.11054053225843707	0.11052096446612192
BN373_39131_1-298	0.04257997789868806	0.473476761310885	0.5362410034787439	1.7162021130586742	0.09127348185450401	0.623628948973002	0.012021128584987939	0.29746108753968903	0.19464289521768396	0.360254536798434	0.034675815974276936	0.0	0.23197867588479504	0.149344985903343	0.07249817273002901	0.441849852214244	0.3638740203395341	0.37145911234086393	0.145216348232714	0.07584514849184498
BN373_28041_1-298	0.2745586537834831	0.24149808542608997	0.768219679363539	1.9481807889434692	0.32325215773929905	0.39165027308820693	0.2199575472998071	0.06548241165489399	0.037335780667111074	0.592233212683229	0.1973028599105181	0.23197867588479504	0.0	0.08263368998145204	0.30447684861482405	0.673828528099039	0.5958526962243291	0.603437788225659	0.08676232765208103	0.30782382437664
ERS227112_04736_1-299	0.19192496380203106	0.324131775407542	0.6855859893820869	1.865547098962017	0.240618467757847	0.474283963069659	0.13732385731835506	0.14811610163634603	0.04529790931434097	0.509599522701777	0.11466916992906606	0.149344985903343	0.08263368998145204	0.0	0.221843158633372	0.591194838117587	0.5132190062428771	0.5208040982442069	0.004128637670628987	0.22519013439518798
BN373_16451_1-312	0.02991819483134095	0.545974934040914	0.4637428307487149	1.643703940328645	0.018775309124475004	0.6961271217030309	0.08451930131501695	0.36995926026971804	0.267141067947713	0.287756364068405	0.10717398870430594	0.07249817273002901	0.30447684861482405	0.221843158633372	0.0	0.369351679484215	0.2913758476095051	0.2989609396108349	0.21771452096274302	0.0033469757618159734
t1016_1-304	0.39926987431555594	0.915326613525129	0.09439115126449993	1.2743522608444302	0.35057637035974	1.065478801187246	0.45387098079923194	0.739310939753933	0.636492747431928	0.08159531541581	0.47652566818852093	0.441849852214244	0.673828528099039	0.591194838117587	0.369351679484215	0.0	0.07797583187470991	0.07039073987338007	0.587066200446958	0.366004703722399
ENC_16380_1-301	0.32129404244084603	0.8373507816504191	0.17236698313920984	1.3523280927191401	0.2726005384850301	0.9875029693125361	0.375895148924522	0.6613351078792231	0.558516915557218	0.003619483541100088	0.398549836313811	0.3638740203395341	0.5958526962243291	0.5132190062428771	0.2913758476095051	0.07797583187470991	0.0	0.007585092001329841	0.5090903685722481	0.2880288718476891
BN373_07551_1-306	0.32887913444217587	0.8449358736517489	0.16478189113788	1.3447430007178103	0.2801856304863599	0.995088061313866	0.38348024092585187	0.668920199880553	0.5661020075585479	0.011204575542429929	0.40613492831514086	0.37145911234086393	0.603437788225659	0.5208040982442069	0.2989609396108349	0.07039073987338007	0.007585092001329841	0.0	0.5166754605735779	0.29561396384901895
ERS227112_03509_1-313	0.18779632613140207	0.328260413078171	0.6814573517114579	1.8614184612913882	0.23648983008721802	0.47841260074028796	0.13319521964772607	0.15224473930697502	0.049426546984969955	0.505470885031148	0.11054053225843707	0.145216348232714	0.08676232765208103	0.004128637670628987	0.21771452096274302	0.587066200446958	0.5090903685722481	0.5166754605735779	0.0	0.221061496724559
ERS227112_02633_1-290	0.03326517059315692	0.54932190980273	0.46039585498689894	1.6403569645668292	0.01542833336265903	0.699474097464847	0.08786627707683292	0.373306236031534	0.27048804370952895	0.284409388306589	0.11052096446612192	0.07584514849184498	0.30782382437664	0.22519013439518798	0.0033469757618159734	0.366004703722399	0.2880288718476891	0.29561396384901895	0.221061496724559	0.0
