NCTC13441_00417_1-85	0.0	2.3832593359350205	2.4715319287569684	2.589228719186232	0.22073181718365525	0.13243909031019313	2.3832593359350205	0.1765854537469242	0.13243909031019313	2.5009561263642843	0.1765854537469242	2.2361383478984407	0.08829272687346207	2.2361383478984407
CS17_03713_1-85	2.3832593359350205	0.0	0.08827259282194788	0.20596938325121172	2.1625275187513653	2.2508202456248276	0.0	2.2066738821880962	2.2508202456248276	0.11769679042926384	2.2066738821880962	0.1471209880365798	2.2949666090615586	0.1471209880365798
CS17_04212_1-85	2.4715319287569684	0.08827259282194788	0.0	0.11769679042926384	2.250800111573313	2.3390928384467755	0.08827259282194788	2.294946475010044	2.3390928384467755	0.02942419760731596	2.294946475010044	0.23539358085852768	2.3832392018835065	0.23539358085852768
CS17_04302_1-85	2.589228719186232	0.20596938325121172	0.11769679042926384	0.0	2.368496902002577	2.4567896288760394	0.20596938325121172	2.412643265439308	2.4567896288760394	0.08827259282194788	2.412643265439308	0.3530903712877915	2.5009359923127703	0.3530903712877915
NCTC13441_04527_1-85	0.22073181718365525	2.1625275187513653	2.250800111573313	2.368496902002577	0.0	0.08829272687346212	2.1625275187513653	0.04414636343673106	0.08829272687346212	2.280224309180629	0.04414636343673106	2.0154065307147855	0.13243909031019319	2.0154065307147855
NCTC13441_01149_1-85	0.13243909031019313	2.2508202456248276	2.3390928384467755	2.4567896288760394	0.08829272687346212	0.0	2.2508202456248276	0.04414636343673106	0.0	2.3685170360540915	0.04414636343673106	2.103699257588248	0.04414636343673106	2.103699257588248
CS17_02879_1-85	2.3832593359350205	0.0	0.08827259282194788	0.20596938325121172	2.1625275187513653	2.2508202456248276	0.0	2.2066738821880962	2.2508202456248276	0.11769679042926384	2.2066738821880962	0.1471209880365798	2.2949666090615586	0.1471209880365798
NCTC13441_04760_1-85	0.1765854537469242	2.2066738821880962	2.294946475010044	2.412643265439308	0.04414636343673106	0.04414636343673106	2.2066738821880962	0.0	0.04414636343673106	2.32437067261736	0.0	2.0595528941515164	0.08829272687346212	2.0595528941515164
NCTC13441_03774_1-85	0.13243909031019313	2.2508202456248276	2.3390928384467755	2.4567896288760394	0.08829272687346212	0.0	2.2508202456248276	0.04414636343673106	0.0	2.3685170360540915	0.04414636343673106	2.103699257588248	0.04414636343673106	2.103699257588248
CS17_04431_1-85	2.5009561263642843	0.11769679042926384	0.02942419760731596	0.08827259282194788	2.280224309180629	2.3685170360540915	0.11769679042926384	2.32437067261736	2.3685170360540915	0.0	2.32437067261736	0.26481777846584365	2.4126633994908224	0.26481777846584365
NCTC13441_04650_1-85	0.1765854537469242	2.2066738821880962	2.294946475010044	2.412643265439308	0.04414636343673106	0.04414636343673106	2.2066738821880962	0.0	0.04414636343673106	2.32437067261736	0.0	2.0595528941515164	0.08829272687346212	2.0595528941515164
CS17_04473_1-85	2.2361383478984407	0.1471209880365798	0.23539358085852768	0.3530903712877915	2.0154065307147855	2.103699257588248	0.1471209880365798	2.0595528941515164	2.103699257588248	0.26481777846584365	2.0595528941515164	0.0	2.147845621024979	0.0
NCTC13441_04487_1-85	0.08829272687346207	2.2949666090615586	2.3832392018835065	2.5009359923127703	0.13243909031019319	0.04414636343673106	2.2949666090615586	0.08829272687346212	0.04414636343673106	2.4126633994908224	0.08829272687346212	2.147845621024979	0.0	2.147845621024979
CS17_00212_1-85	2.2361383478984407	0.1471209880365798	0.23539358085852768	0.3530903712877915	2.0154065307147855	2.103699257588248	0.1471209880365798	2.0595528941515164	2.103699257588248	0.26481777846584365	2.0595528941515164	0.0	2.147845621024979	0.0
