STM_MW11551_1-177	0.0	0.480989558690758	0.4454946920626104	0.5716779944629032	0.17565864879137894	-1	0.11422703410836182	0.5276808678827499	0.7073057050156124	0.03749738520757376	0.23260115685213179	0.4965505047550476	0.31840928989183126	0.38682453347981627
NCTC13441_02866_1-177	0.480989558690758	0.0	0.0354948666281476	0.09068843577214525	0.30533090989937905	-1	0.36676252458239617	0.046691309191991937	0.22631614632485442	0.5184869438983317	0.2483884018386262	0.015560946064289594	0.16258026879892673	0.09416502521094172
CS17_01184_1-177	0.4454946920626104	0.0354948666281476	0.0	0.12618330240029285	0.26983604327123145	-1	0.33126765795424856	0.08218617582013954	0.261811012953002	0.4829920772701841	0.2128935352104786	0.0510558126924372	0.12708540217077913	0.05867015858279412
SL1344_1084_1-177	0.5716779944629032	0.09068843577214525	0.12618330240029285	0.0	0.3960193456715243	-1	0.4574509603545414	0.04399712658015331	0.13562771055270917	0.609175379670477	0.33907683761077145	0.07512748970785565	0.253268704571072	0.18485346098308697
STMMW_11551_1-177	0.17565864879137894	0.30533090989937905	0.26983604327123145	0.3960193456715243	0.0	-1	0.06143161468301711	0.352022219091371	0.5316470562242335	0.2131560339989527	0.05694250806075285	0.32089185596366865	0.14275064110045232	0.21116588468843733
b1045_1-177	-1	-1	-1	-1	-1	-1	-1	-1	-1	-1	-1	-1	-1	-1
BN373_16741_1-174	0.11422703410836182	0.36676252458239617	0.33126765795424856	0.4574509603545414	0.06143161468301711	-1	0.0	0.4134538337743881	0.5930786709072506	0.15172441931593558	0.11837412274376996	0.38232347064668576	0.20418225578346944	0.27259749937145444
t1773_1-184	0.5276808678827499	0.046691309191991937	0.08218617582013954	0.04399712658015331	0.352022219091371	-1	0.4134538337743881	0.0	0.17962483713286248	0.5651782530903237	0.29507971103061814	0.031130363127702343	0.20927157799091867	0.14085633440293366
ETEC_1110_1-177	0.7073057050156124	0.22631614632485442	0.261811012953002	0.13562771055270917	0.5316470562242335	-1	0.5930786709072506	0.17962483713286248	0.0	0.7448030902231861	0.4747045481634806	0.21075520026056482	0.38889641512378115	0.32048117153579614
ERS227112_03537_1-175	0.03749738520757376	0.5184869438983317	0.4829920772701841	0.609175379670477	0.2131560339989527	-1	0.15172441931593558	0.5651782530903237	0.7448030902231861	0.0	0.2700985420597055	0.5340478899626213	0.355906675099405	0.42432191868739
SEN1901_1-177	0.23260115685213179	0.2483884018386262	0.2128935352104786	0.33907683761077145	0.05694250806075285	-1	0.11837412274376996	0.29507971103061814	0.4747045481634806	0.2700985420597055	0.0	0.2639493479029158	0.08580813303969947	0.15422337662768448
ENC_15950_1-177	0.4965505047550476	0.015560946064289594	0.0510558126924372	0.07512748970785565	0.32089185596366865	-1	0.38232347064668576	0.031130363127702343	0.21075520026056482	0.5340478899626213	0.2639493479029158	0.0	0.17814121486321632	0.10972597127523132
Ecoli9000q_54080_1-177	0.31840928989183126	0.16258026879892673	0.12708540217077913	0.253268704571072	0.14275064110045232	-1	0.20418225578346944	0.20927157799091867	0.38889641512378115	0.355906675099405	0.08580813303969947	0.17814121486321632	0.0	0.06841524358798501
ROD_11041_1-187	0.38682453347981627	0.09416502521094172	0.05867015858279412	0.18485346098308697	0.21116588468843733	-1	0.27259749937145444	0.14085633440293366	0.32048117153579614	0.42432191868739	0.15422337662768448	0.10972597127523132	0.06841524358798501	0.0
