ENC_31550_3-242	0.0	0.05192097625886544	0.28788221011133047	0.07965237950529544	0.03031230492971881	0.20585732345052926	-1	0.33436668732441777	0.2727623688498368	0.5712747226151518	0.08067822302064734	0.35016457510685306	0.06949066137112168
ERS227112_01314_1-248	0.05192097625886544	0.0	0.24888350859336425	0.029250096829483107	0.08065943672397682	0.2470899865058062	-1	0.36892701874895667	0.31052125663133795	0.593534557563826	0.1284103071774503	0.31457672976574647	0.018531878326899367
STM_MW30261_1-248	0.28788221011133047	0.24888350859336425	0.0	0.22625128372050063	0.30946814170431325	0.43447687231931836	-1	0.5259906765011907	0.4821211453814743	0.6946971029992951	0.34533460798093907	0.08746076264329758	0.23470108216432578
ROD_50771_1-247	0.07965237950529544	0.029250096829483107	0.22625128372050063	0.0	0.10755023721907205	0.2691126773043988	-1	0.38738596455702023	0.33068857663674167	0.6054237111129228	0.15390439008808932	0.29392393654057813	0.010920597690236218
SL1344_3041_1-248	0.03031230492971881	0.08065943672397682	0.30946814170431325	0.10755023721907205	0.0	0.18103253182777293	-1	0.313559080867435	0.2500290198098736	0.557872828989776	0.05194034981260447	0.3698625846603475	0.09769654418359122
BN373_40151_1-248	0.20585732345052926	0.2470899865058062	0.43447687231931836	0.2691126773043988	0.18103253182777293	0.0	-1	0.1618215059695046	0.08424814252523015	0.4601407403923331	0.13616462001062044	0.48393795635869374	0.26104282326698475
b2922_1-246	-1	-1	-1	-1	-1	-1	-1	-1	-1	-1	-1	-1	-1
NCTC13441_00834_1-247	0.33436668732441777	0.36892701874895667	0.5259906765011907	0.38738596455702023	0.313559080867435	0.1618215059695046	-1	0.0	0.08471002576853817	0.3559137302465491	0.2759517621102411	0.5674478934344301	0.38062198645289463
ETEC_3114_1-246	0.2727623688498368	0.31052125663133795	0.4821211453814743	0.33068857663674167	0.2500290198098736	0.08424814252523015	-1	0.08471002576853817	0.0	0.41047429475452557	0.20894114622230203	0.527415224963248	0.3232985928124295
CS17_03281_1-247	0.5712747226151518	0.593534557563826	0.6946971029992951	0.6054237111129228	0.557872828989776	0.4601407403923331	-1	0.3559137302465491	0.41047429475452557	0.0	0.5336504713360259	0.721399127208185	0.6010671256871425
STMMW_30261_1-248	0.08067822302064734	0.1284103071774503	0.34533460798093907	0.15390439008808932	0.05194034981260447	0.13616462001062044	-1	0.2759517621102411	0.20894114622230203	0.5336504713360259	0.0	0.4025921424430995	0.14456250131581738
t2983_1-248	0.35016457510685306	0.31457672976574647	0.08746076264329758	0.29392393654057813	0.3698625846603475	0.48393795635869374	-1	0.5674478934344301	0.527415224963248	0.721399127208185	0.4025921424430995	0.0	0.3016347091683242
SEN2908_1-248	0.06949066137112168	0.018531878326899367	0.23470108216432578	0.010920597690236218	0.09769654418359122	0.26104282326698475	-1	0.38062198645289463	0.3232985928124295	0.6010671256871425	0.14456250131581738	0.3016347091683242	0.0
