SL1344_0161_1-120	0.0	0.35341676765673635	0.5544380282961027	0.2630156021676504	0.37243493353046786	0.32861977078307403	1.1060428533597462	0.10273167451074494	0.6168218566165948	0.9213672793314187	-1	0.5958168802143946	0.5061818780204372	0.34370557363293264
STM_MW01661_1-120	0.35341676765673635	0.0	0.907854795952839	0.6164323698243868	0.7258517011872042	0.024796996873662325	0.7526260857030098	0.2506850931459914	0.9702386242733312	0.5679505116746824	-1	0.24240011255765825	0.15276511036370088	0.009711194023803715
t0165_1-120	0.5544380282961027	0.907854795952839	0.0	0.29142242612845226	0.1820030947656348	0.8830577990791767	1.660480881655849	0.6571697028068476	0.06238382832049216	1.4758053076275215	-1	1.1502549085104974	1.06061990631654	0.8981436019290353
ERS227112_02463_1-120	0.2630156021676504	0.6164323698243868	0.29142242612845226	0.0	0.10941933136281745	0.5916353729507244	1.3690584555273966	0.36574727667839535	0.3538062544489444	1.1843828814990691	-1	0.858832482382045	0.7691974801880876	0.606721175800583
ROD_01261_1-120	0.37243493353046786	0.7258517011872042	0.1820030947656348	0.10941933136281745	0.0	0.7010547043135419	1.4784777868902141	0.4751666080412128	0.24438692308612697	1.2938022128618867	-1	0.9682518137448625	0.8786168115509051	0.7161405071634005
SEN0165_1-120	0.32861977078307403	0.024796996873662325	0.8830577990791767	0.5916353729507244	0.7010547043135419	0.0	0.7774230825766721	0.2258880962723291	0.9454416273996689	0.5927475085483447	-1	0.2671971094313206	0.1775621072373632	0.01508580284985861
CS17_00129_1-120	1.1060428533597462	0.7526260857030098	1.660480881655849	1.3690584555273966	1.4784777868902141	0.7774230825766721	0.0	1.0033111788490012	1.722864709976341	0.18467557402832746	-1	0.5102259731453516	0.5998609753393089	0.7623372797268135
ENC_46350_1-120	0.10273167451074494	0.2506850931459914	0.6571697028068476	0.36574727667839535	0.4751666080412128	0.2258880962723291	1.0033111788490012	0.0	0.7195535311273398	0.8186356048206738	-1	0.49308520570364966	0.4034502035096923	0.2409738991221877
Ecoli9000q_41700_1-120	0.6168218566165948	0.9702386242733312	0.06238382832049216	0.3538062544489444	0.24438692308612697	0.9454416273996689	1.722864709976341	0.7195535311273398	0.0	1.5381891359480135	-1	1.2126387368309894	1.123003734637032	0.9605274302495275
STMMW_01661_1-120	0.9213672793314187	0.5679505116746824	1.4758053076275215	1.1843828814990691	1.2938022128618867	0.5927475085483447	0.18467557402832746	0.8186356048206738	1.5381891359480135	0.0	-1	0.3255503991170241	0.4151854013109815	0.5776617056984861
b0119_1-120	-1	-1	-1	-1	-1	-1	-1	-1	-1	-1	-1	-1	-1	-1
NCTC13441_03862_1-120	0.5958168802143946	0.24240011255765825	1.1502549085104974	0.858832482382045	0.9682518137448625	0.2671971094313206	0.5102259731453516	0.49308520570364966	1.2126387368309894	0.3255503991170241	-1	0.0	0.08963500219395737	0.25211130658146197
BN373_06151_1-120	0.5061818780204372	0.15276511036370088	1.06061990631654	0.7691974801880876	0.8786168115509051	0.1775621072373632	0.5998609753393089	0.4034502035096923	1.123003734637032	0.4151854013109815	-1	0.08963500219395737	0.0	0.1624763043875046
ETEC_0115_1-120	0.34370557363293264	0.009711194023803715	0.8981436019290353	0.606721175800583	0.7161405071634005	0.01508580284985861	0.7623372797268135	0.2409738991221877	0.9605274302495275	0.5776617056984861	-1	0.25211130658146197	0.1624763043875046	0.0
