STM_MW17021_1-245	0.0	0.012095493631445131	-1	0.26181439145264573	0.01914865802243465	0.38763414864112666	0.403236531294636	0.20176680598002744	0.04014904775561823	0.009993383207569317	0.24916970312674402	0.17745110767033828	0.2615017475803044	0.5969188841426429
SEN1326_1-245	0.012095493631445131	0.0	-1	0.2497188978212006	0.007053164390989519	0.37553865500968153	0.39114103766319086	0.1896713123485823	0.028053554124173097	0.0021021104238758137	0.2370742094952989	0.16535561403889315	0.2494062539488593	0.5848233905111978
b1281_1-245	-1	-1	-1	-1	-1	-1	-1	-1	-1	-1	-1	-1	-1	-1
Ecoli9000q_3080_21-265	0.26181439145264573	0.2497188978212006	-1	0.0	0.24266573343021108	0.12581975718848093	0.14142213984199026	0.06004758547261829	0.2216653436970275	0.2518210082450764	0.01264468832590171	0.08436328378230745	0.00031264387234131163	0.3351044926899972
STMMW_17021_1-245	0.01914865802243465	0.007053164390989519	-1	0.24266573343021108	0.0	0.368485490618692	0.38408787327220134	0.1826181479575928	0.021000389733183578	0.009155274814865333	0.23002104510430937	0.15830244964790363	0.24235308955786977	0.5777702261202082
CS17_01466_21-265	0.38763414864112666	0.37553865500968153	-1	0.12581975718848093	0.368485490618692	0.0	0.015602382653509328	0.18586734266109922	0.34748510088550844	0.37764076543355735	0.13846444551438264	0.21018304097078838	0.12613240106082224	0.20928473550151627
ETEC_1385_1-245	0.403236531294636	0.39114103766319086	-1	0.14142213984199026	0.38408787327220134	0.015602382653509328	0.0	0.20146972531460855	0.36308748353901776	0.3932431480870667	0.15406682816789197	0.2257854236242977	0.14173478371433157	0.19368235284800694
t1620_1-245	0.20176680598002744	0.1896713123485823	-1	0.06004758547261829	0.1826181479575928	0.18586734266109922	0.20146972531460855	0.0	0.1616177582244092	0.19177342277245812	0.04740289714671658	0.02431569830968916	0.05973494160027698	0.3951520781626155
SL1344_1639_1-245	0.04014904775561823	0.028053554124173097	-1	0.2216653436970275	0.021000389733183578	0.34748510088550844	0.36308748353901776	0.1616177582244092	0.0	0.03015566454804891	0.2090206553711258	0.13730205991472005	0.2213526998246862	0.5567698363870247
NCTC13441_02482_21-265	0.009993383207569317	0.0021021104238758137	-1	0.2518210082450764	0.009155274814865333	0.37764076543355735	0.3932431480870667	0.19177342277245812	0.03015566454804891	0.0	0.2391763199191747	0.16745772446276896	0.2515083643727351	0.5869255009350736
ERS227112_05451_1-245	0.24916970312674402	0.2370742094952989	-1	0.01264468832590171	0.23002104510430937	0.13846444551438264	0.15406682816789197	0.04740289714671658	0.2090206553711258	0.2391763199191747	0.0	0.07171859545640574	0.012332044453560398	0.3477491810158989
BN373_19031_1-245	0.17745110767033828	0.16535561403889315	-1	0.08436328378230745	0.15830244964790363	0.21018304097078838	0.2257854236242977	0.02431569830968916	0.13730205991472005	0.16745772446276896	0.07171859545640574	0.0	0.08405063990996614	0.41946777647230465
ENC_08420_1-245	0.2615017475803044	0.2494062539488593	-1	0.00031264387234131163	0.24235308955786977	0.12613240106082224	0.14173478371433157	0.05973494160027698	0.2213526998246862	0.2515083643727351	0.012332044453560398	0.08405063990996614	0.0	0.3354171365623385
ROD_17191_1-245	0.5969188841426429	0.5848233905111978	-1	0.3351044926899972	0.5777702261202082	0.20928473550151627	0.19368235284800694	0.3951520781626155	0.5567698363870247	0.5869255009350736	0.3477491810158989	0.41946777647230465	0.3354171365623385	0.0
