ERS227112_00726_1-498	0.0	0.20841322744238433	0.39458299586368384	0.15814483407163238	1.320867758992569	0.1810133314639334	0.7272878197398344	0.13572694622747739	0.4008980104517893	0.6705886683003369	0.8891883662544736	0.4321711215850538	0.1276400851431354	-1	0.39100328442887144	0.6931587166421135	-1
NCTC13441_00205_1-499	0.20841322744238433	0.0	0.1861697684212995	0.05026839337075195	1.1124545315501846	0.02739989597845094	0.51887459229745	0.3441401736698617	0.19248478300940497	0.4621754408579526	0.6807751388120893	0.22375789414266944	0.33605331258551974	-1	0.18259005698648711	0.48474548919972915	-1
ETEC_3740_1-499	0.39458299586368384	0.1861697684212995	0.0	0.23643816179205146	0.9262847631288851	0.21356966439975045	0.3327048238761505	0.5303099420911612	0.006315014588105461	0.2760056724366531	0.4946053703907898	0.037588125721369936	0.5222230810068192	-1	0.0035797114348123937	0.29857572077842964	-1
ENC_27010_1-499	0.15814483407163238	0.05026839337075195	0.23643816179205146	0.0	1.1627229249209365	0.022868497392301013	0.569142985668202	0.29387178029910976	0.24275317638015692	0.5124438342287045	0.7310435321828412	0.2740262875134214	0.2857849192147678	-1	0.23285845035723907	0.5350138825704811	-1
CS17_03928_1-499	1.320867758992569	1.1124545315501846	0.9262847631288851	1.1627229249209365	0.0	1.1398544275286355	0.5935799392527346	1.4565947052200463	0.9199697485407796	0.650279090692232	0.4316793927380953	0.8886966374075151	1.4485078441357042	-1	0.9298644745636975	0.6277090423504554	-1
STM_MW35781_1-457	0.1810133314639334	0.02739989597845094	0.21356966439975045	0.022868497392301013	1.1398544275286355	0.0	0.546274488275901	0.3167402776914108	0.2198846789878559	0.48957533683640353	0.7081750347905402	0.2511577901211204	0.3086534166070688	-1	0.20998995296493805	0.5121453851781801	-1
NCTC13441_00717_1-499	0.7272878197398344	0.51887459229745	0.3327048238761505	0.569142985668202	0.5935799392527346	0.546274488275901	0.0	0.8630147659673117	0.32638980928804506	0.05669915143949744	0.16190054651463925	0.2951166981547806	0.8549279048829698	-1	0.3362845353109629	0.03412910309772088	-1
t3927_1-498	0.13572694622747739	0.3441401736698617	0.5303099420911612	0.29387178029910976	1.4565947052200463	0.3167402776914108	0.8630147659673117	0.0	0.5366249566792667	0.8063156145278143	1.024915312481951	0.5678980678125312	0.008086861084341979	-1	0.5267302306563488	0.8288856628695909	-1
SEN3412_1-457	0.4008980104517893	0.19248478300940497	0.006315014588105461	0.24275317638015692	0.9199697485407796	0.2198846789878559	0.32638980928804506	0.5366249566792667	0.0	0.2696906578485476	0.4882903558026843	0.031273111133264475	0.5285380955949247	-1	0.009894726022917855	0.2922607061903242	-1
ETEC_3261_1-499	0.6705886683003369	0.4621754408579526	0.2760056724366531	0.5124438342287045	0.650279090692232	0.48957533683640353	0.05669915143949744	0.8063156145278143	0.2696906578485476	0.0	0.2185996979541367	0.23841754671528315	0.7982287534434723	-1	0.2795853838714655	0.02257004834177656	-1
BN373_44941_1-498	0.8891883662544736	0.6807751388120893	0.4946053703907898	0.7310435321828412	0.4316793927380953	0.7081750347905402	0.16190054651463925	1.024915312481951	0.4882903558026843	0.2185996979541367	0.0	0.45701724466941984	1.016828451397609	-1	0.49818508182560217	0.19602964961236014	-1
ROD_43061_1-499	0.4321711215850538	0.22375789414266944	0.037588125721369936	0.2740262875134214	0.8886966374075151	0.2511577901211204	0.2951166981547806	0.5678980678125312	0.031273111133264475	0.23841754671528315	0.45701724466941984	0.0	0.5598112067281892	-1	0.04116783715618233	0.2609875950570597	-1
CS17_03411_1-499	0.1276400851431354	0.33605331258551974	0.5222230810068192	0.2857849192147678	1.4485078441357042	0.3086534166070688	0.8549279048829698	0.008086861084341979	0.5285380955949247	0.7982287534434723	1.016828451397609	0.5598112067281892	0.0	-1	0.5186433695720069	0.8207988017852489	-1
b2987_1-499	-1	-1	-1	-1	-1	-1	-1	-1	-1	-1	-1	-1	-1	-1	-1	-1	-1
SL1344_3554_1-457	0.39100328442887144	0.18259005698648711	0.0035797114348123937	0.23285845035723907	0.9298644745636975	0.20998995296493805	0.3362845353109629	0.5267302306563488	0.009894726022917855	0.2795853838714655	0.49818508182560217	0.04116783715618233	0.5186433695720069	-1	0.0	0.30215543221324204	-1
STMMW_35781_1-457	0.6931587166421135	0.48474548919972915	0.29857572077842964	0.5350138825704811	0.6277090423504554	0.5121453851781801	0.03412910309772088	0.8288856628695909	0.2922607061903242	0.02257004834177656	0.19602964961236014	0.2609875950570597	0.8207988017852489	-1	0.30215543221324204	0.0	-1
b3493_1-499	-1	-1	-1	-1	-1	-1	-1	-1	-1	-1	-1	-1	-1	-1	-1	-1	-1
