SL1344_1378_1-373	0.0	0.16687793293678288	0.2054807413999229	0.17717389531243288	6.019241200141243	0.02763894441125303	0.617949687038909	0.12850279992540403	0.586148072960395	0.286319918096834	0.12803625122583906	0.12415244872821307	0.11629260352070903
ENC_13110_1-373	0.16687793293678288	0.0	0.038602808463140015	0.010295962375650003	5.85236326720446	0.13923898852552985	0.7848276199756918	0.2953807328621869	0.7530260058971778	0.45319785103361687	0.29491418416262194	0.04272548420856981	0.2831705364574919
CS17_01819_1-370	0.2054807413999229	0.038602808463140015	0.0	0.028306846087490012	5.81376045874132	0.17784179698866986	0.8234304284388319	0.3339835413253269	0.7916288143603178	0.4918006594967569	0.33351699262576195	0.08132829267170982	0.3217733449206319
ROD_14271_1-373	0.17717389531243288	0.010295962375650003	0.028306846087490012	0.0	5.84206730482881	0.14953495090117985	0.7951235823513418	0.3056766952378369	0.7633219682728278	0.4634938134092669	0.30521014653827194	0.05302144658421981	0.2934664988331419
b1640_1-369	6.019241200141243	5.85236326720446	5.81376045874132	5.84206730482881	0.0	5.99160225572999	6.637190887180152	6.147744000066647	6.605389273101638	6.305561118238077	6.147277451367082	5.89508875141303	6.135533803661952
NCTC13441_02241_1-370	0.02763894441125303	0.13923898852552985	0.17784179698866986	0.14953495090117985	5.99160225572999	0.0	0.645588631450162	0.15614174433665706	0.613787017371648	0.313958862508087	0.1556751956370921	0.09651350431696004	0.14393154793196206
STM_MW14491_1-373	0.617949687038909	0.7848276199756918	0.8234304284388319	0.7951235823513418	6.637190887180152	0.645588631450162	0.0	0.489446887113505	0.03180161407851401	0.331629768942075	0.48991343581306995	0.742102135767122	0.5016570835181999
ETEC_1675_1-369	0.12850279992540403	0.2953807328621869	0.3339835413253269	0.3056766952378369	6.147744000066647	0.15614174433665706	0.489446887113505	0.0	0.457645273034991	0.15781711817142996	0.0004665486995649726	0.2526552486536171	0.012210196404695006
t1314_1-373	0.586148072960395	0.7530260058971778	0.7916288143603178	0.7633219682728278	6.605389273101638	0.613787017371648	0.03180161407851401	0.457645273034991	0.0	0.299828154863561	0.45811182173455595	0.710300521688608	0.469855469439686
SEN1601_1-373	0.286319918096834	0.45319785103361687	0.4918006594967569	0.4634938134092669	6.305561118238077	0.313958862508087	0.331629768942075	0.15781711817142996	0.299828154863561	0.0	0.15828366687099493	0.41047236682504706	0.17002731457612497
STMMW_14491_1-373	0.12803625122583906	0.29491418416262194	0.33351699262576195	0.30521014653827194	6.147277451367082	0.1556751956370921	0.48991343581306995	0.0004665486995649726	0.45811182173455595	0.15828366687099493	0.0	0.25218869995405213	0.011743647705130034
ERS227112_04696_1-373	0.12415244872821307	0.04272548420856981	0.08132829267170982	0.05302144658421981	5.89508875141303	0.09651350431696004	0.742102135767122	0.2526552486536171	0.710300521688608	0.41047236682504706	0.25218869995405213	0.0	0.2404450522489221
BN373_25591_1-373	0.11629260352070903	0.2831705364574919	0.3217733449206319	0.2934664988331419	6.135533803661952	0.14393154793196206	0.5016570835181999	0.012210196404695006	0.469855469439686	0.17002731457612497	0.011743647705130034	0.2404450522489221	0.0
