ENC_16600_30-396	0.0	0.3673264631304565	0.056566522108409054	0.22626586789476377	0.27060221080668495	0.1721573909540522	0.4013592670410241	0.42256915426465896	0.36802572233891573	0.09411009666681293	0.048891212585807114	0.3052122127734648	0.23619767021180446	-1
CS17_01030_25-391	0.3673264631304565	0.0	0.32939253090375986	0.5104788900442936	0.5385293209262397	0.23575625371751294	0.053792045861379346	0.6346747845310501	0.6001665985415868	0.30159996866987315	0.3348042356021004	0.5604261532816242	0.5167624785437048	-1
NCTC13441_02929_25-391	0.056566522108409054	0.32939253090375986	0.0	0.2700333167845253	0.3118617069749133	0.12252148302386782	0.3654658786363683	0.45523240896602446	0.40377430928817726	0.03979461767914703	0.008069854494215142	0.34451394150026715	0.2794033115862228	-1
STMMW_10931_37-403	0.22626586789476377	0.5104788900442936	0.2700333167845253	0.0	0.05730177986498721	0.3594699173700992	0.5368112320411443	0.2537089656827958	0.1832152008835912	0.29908206186160013	0.2640946678324158	0.10203290975919287	0.012836195154034972	-1
BN373_16081_34-400	0.27060221080668495	0.5385293209262397	0.3118617069749133	0.05730177986498721	0.0	0.3961734311618598	0.5633527728586573	0.20834576922154285	0.13356705075837602	0.33924590725622744	0.30626335317775305	0.04745010538770222	0.04504377540249316	-1
SL1344_1020_37-403	0.1721573909540522	0.23575625371751294	0.12252148302386782	0.3594699173700992	0.3961734311618598	0.0	0.2768664883668128	0.5219781421228471	0.47682476513111977	0.0861553859912416	0.1296026069776649	0.4248250654891242	0.36769188651276674	-1
ETEC_1037_1-367	0.4013592670410241	0.053792045861379346	0.3654658786363683	0.5368112320411443	0.5633527728586573	0.2768664883668128	0.0	0.6543263752758741	0.6216744552097491	0.3391683351847721	0.3705864766673875	0.584071729803762	0.5427568134598212	-1
ERS227112_03479_34-400	0.42256915426465896	0.6346747845310501	0.45523240896602446	0.2537089656827958	0.20834576922154285	0.5219781421228471	0.6543263752758741	0.0	0.08630641127927965	0.47691122697521143	0.4508004484971079	0.1689104841057461	0.24400486458916118	-1
STM_MW10931_37-403	0.36802572233891573	0.6001665985415868	0.40377430928817726	0.1832152008835912	0.13356705075837602	0.47682476513111977	0.6216744552097491	0.08630641127927965	0.0	0.42750088270053965	0.3989237110968057	0.09040675544426438	0.1725944619253355	-1
ROD_10291_1-367	0.09411009666681293	0.30159996866987315	0.03979461767914703	0.29908206186160013	0.33924590725622744	0.0861553859912416	0.3391683351847721	0.47691122697521143	0.42750088270053965	0.0	0.04754333539903854	0.37059875859227503	0.30807918130250844	-1
SEN0945_37-403	0.048891212585807114	0.3348042356021004	0.008069854494215142	0.2640946678324158	0.30626335317775305	0.1296026069776649	0.3705864766673875	0.4508004484971079	0.3989237110968057	0.04754333539903854	0.0	0.3391812301807798	0.27354089229101386	-1
t1840_37-403	0.3052122127734648	0.5604261532816242	0.34451394150026715	0.10203290975919287	0.04745010538770222	0.4248250654891242	0.584071729803762	0.1689104841057461	0.09040675544426438	0.37059875859227503	0.3391812301807798	0.0	0.09035654890028709	-1
Ecoli9000q_51440_25-391	0.23619767021180446	0.5167624785437048	0.2794033115862228	0.012836195154034972	0.04504377540249316	0.36769188651276674	0.5427568134598212	0.24400486458916118	0.1725944619253355	0.30807918130250844	0.27354089229101386	0.09035654890028709	0.0	-1
b0967_30-396	-1	-1	-1	-1	-1	-1	-1	-1	-1	-1	-1	-1	-1	-1
