SL1344_2223B_1-643	0.0	1.8061379301413174	1.4942094919655007	1.4777777028692687	1.2269059446602268	1.1768258345629632	1.1542890493066467	0.7142862564328207	0.7291331770437388	1.6894985229329036	1.5165295641939118	1.6407737272037324	0.09802981094574648	0.7116443559719887	0.5721738388257898	0.04273559132022564	1.4872969372883214	1.2416748490271607	1.5352446082436546	1.4236910617603988	1.3759495253270881	1.0916425324201233	1.7088454733308756	-1	0.5778309250842726	0.47182258287934076	-1	1.3092527787078831
NCTC13441_01513_1-647	1.8061379301413174	0.0	0.3119284381758167	0.32836022727204883	0.5792319854810907	0.6293120955783543	0.6518488808346706	1.0918516737084967	1.0770047530975786	0.11663940720841381	0.2896083659474056	0.16536420293758497	1.708108119195571	1.0944935741693287	1.2339640913155276	1.848873521461543	0.31884099285299616	0.5644630811141566	0.2708933218976627	0.38244686838091857	0.43018840481422926	0.7144953977211941	0.09729245681044191	-1	1.2283070050570448	1.3343153472619766	-1	0.49688515143343426
t0615_1-643	1.4942094919655007	0.3119284381758167	0.0	0.016431789096232108	0.26730354730527395	0.3173836574025376	0.3399204426588539	0.77992323553268	0.7650763149217619	0.1952890309674029	0.022320072228411147	0.14656423523823175	1.3961796810197542	0.782565135993512	0.9220356531397109	1.5369450832857263	0.006912554677179439	0.2525346429383398	0.04103511627815404	0.07051843020510185	0.11825996663841254	0.40256695954537736	0.21463598136537482	-1	0.9163785668812281	1.02238690908616	-1	0.18495671325761753
BN373_26611_1-650	1.4777777028692687	0.32836022727204883	0.016431789096232108	0.0	0.25087175820904184	0.3009518683063055	0.3234886535626218	0.7634914464364478	0.7486445258255298	0.21172082006363502	0.038751861324643255	0.16299602433446386	1.3797478919235222	0.7661333468972799	0.9056038640434788	1.5205132941894943	0.009519234419052669	0.23610285384210772	0.057466905374386146	0.05408664110886974	0.10182817754218043	0.38613517044914525	0.23106777046160693	-1	0.899946777784996	1.005955119989928	-1	0.16852492416138543
ETEC_4384_1-552	1.2269059446602268	0.5792319854810907	0.26730354730527395	0.25087175820904184	0.0	0.05008011009726365	0.07261689535357996	0.512619688227406	0.4977727676164879	0.46259257827267686	0.2896236195336851	0.4138677825435057	1.1288761337144804	0.515261588688238	0.654732105834437	1.2696415359804525	0.2603909926280945	0.014768904366934121	0.308338663583428	0.1967851171001721	0.1490435806668614	0.1352634122401034	0.48193952867064876	-1	0.6490750195759541	0.755083361780886	-1	0.08234683404765641
ROD_23271_1-647	1.1768258345629632	0.6293120955783543	0.3173836574025376	0.3009518683063055	0.05008011009726365	0.0	0.022536785256316305	0.46253957813014235	0.44769265751922427	0.5126726883699405	0.33970372963094875	0.46394789264076935	1.0787960236172167	0.46518147859097436	0.6046519957371733	1.2195614258831888	0.31047110272535816	0.06484901446419777	0.35841877368069164	0.24686522719743575	0.19912369076412506	0.08518330214283976	0.5320196387679124	-1	0.5989949094786905	0.7050032516836223	-1	0.13242694414492007
CS17_04556_1-541	1.1542890493066467	0.6518488808346706	0.3399204426588539	0.3234886535626218	0.07261689535357996	0.022536785256316305	0.0	0.44000279287382604	0.42515587226290796	0.5352094736262568	0.36224051488726505	0.48648467789708566	1.0562592383609002	0.44264469333465806	0.582115210480857	1.1970246406268723	0.33300788798167447	0.08738579972051408	0.38095555893700794	0.26940201245375206	0.22166047602044137	0.06264651688652345	0.5545564240242287	-1	0.5764581242223742	0.682466466427306	-1	0.15496372940123637
SL1344_4217_7-585	0.7142862564328207	1.0918516737084967	0.77992323553268	0.7634914464364478	0.512619688227406	0.46253957813014235	0.44000279287382604	0.0	0.01484692061091808	0.9752122665000829	0.8022433077610911	0.9264874707709116	0.6162564454870743	0.002641900460832014	0.14211241760703097	0.7570218477530464	0.7730106808555005	0.5273885925943401	0.820958351810834	0.7094048053275781	0.6616632688942674	0.3773562759873026	0.9945592168980548	-1	0.13645533134854815	0.24246367355347997	-1	0.5949665222750624
SL1344_4217_702-735	0.7291331770437388	1.0770047530975786	0.7650763149217619	0.7486445258255298	0.4977727676164879	0.44769265751922427	0.42515587226290796	0.01484692061091808	0.0	0.9603653458891648	0.787396387150173	0.9116405501599936	0.6311033660979923	0.017488821071750094	0.15695933821794905	0.7718687683639645	0.7581637602445824	0.512541671983422	0.8061114311999159	0.69455788471666	0.6468163482833493	0.3625093553763845	0.9797122962871367	-1	0.15130225195946623	0.25731059416439805	-1	0.5801196016641443
ERS227112_04601_1-651	1.6894985229329036	0.11663940720841381	0.1952890309674029	0.21172082006363502	0.46259257827267686	0.5126726883699405	0.5352094736262568	0.9752122665000829	0.9603653458891648	0.0	0.17296895873899176	0.048724795729171155	1.5914687119871571	0.9778541669609149	1.1173246841071138	1.7322341142531292	0.20220158564458235	0.44782367390574274	0.15425391468924887	0.26580746117250476	0.31354899760581545	0.5978559905127803	0.019346950397971907	-1	1.111667597848631	1.2176759400535628	-1	0.38024574422502044
Ecoli9000q_37280_1-543	1.5165295641939118	0.2896083659474056	0.022320072228411147	0.038751861324643255	0.2896236195336851	0.33970372963094875	0.36224051488726505	0.8022433077610911	0.787396387150173	0.17296895873899176	0.0	0.12424416300982061	1.4184997532481654	0.8048852082219231	0.9443557253681221	1.5592651555141375	0.029232626905590586	0.274854715166751	0.01871504404974289	0.09283850243351299	0.1405800388668237	0.4248870317737885	0.19231590913696367	-1	0.9386986391096392	1.044706981314571	-1	0.20727678548602868
t4187_7-578	1.6407737272037324	0.16536420293758497	0.14656423523823175	0.16299602433446386	0.4138677825435057	0.46394789264076935	0.48648467789708566	0.9264874707709116	0.9116405501599936	0.048724795729171155	0.12424416300982061	0.0	1.542743916257986	0.9291293712317437	1.0685998883779426	1.683509318523958	0.1534767899154112	0.3990988781765716	0.10552911896007772	0.2170826654433336	0.2648242018766443	0.5491311947836091	0.06807174612714306	-1	1.0629428021194598	1.1689511443243916	-1	0.3315209484958493
STMMW_22783_1-643	0.09802981094574648	1.708108119195571	1.3961796810197542	1.3797478919235222	1.1288761337144804	1.0787960236172167	1.0562592383609002	0.6162564454870743	0.6311033660979923	1.5914687119871571	1.4184997532481654	1.542743916257986	0.0	0.6136145450262422	0.4741440278800433	0.14076540226597212	1.3892671263425749	1.1436450380814143	1.4372147972979081	1.3256612508146524	1.2779197143813417	0.9936127214743768	1.610815662385129	-1	0.4798011141385261	0.3737927719335943	-1	1.2112229677621367
STM_MW42321_7-585	0.7116443559719887	1.0944935741693287	0.782565135993512	0.7661333468972799	0.515261588688238	0.46518147859097436	0.44264469333465806	0.002641900460832014	0.017488821071750094	0.9778541669609149	0.8048852082219231	0.9291293712317437	0.6136145450262422	0.0	0.13947051714619896	0.7543799472922144	0.7756525813163325	0.5300304930551721	0.823600252271666	0.7120467057884101	0.6643051693550994	0.3799981764481346	0.9972011173588868	-1	0.13381343088771613	0.23982177309264796	-1	0.5976084227358944
STM_MW42321_702-735	0.5721738388257898	1.2339640913155276	0.9220356531397109	0.9056038640434788	0.654732105834437	0.6046519957371733	0.582115210480857	0.14211241760703097	0.15695933821794905	1.1173246841071138	0.9443557253681221	1.0685998883779426	0.4741440278800433	0.13947051714619896	0.0	0.6149094301460154	0.9151230984625315	0.6695010102013711	0.963070769417865	0.8515172229346091	0.8037756865012984	0.5194686935943336	1.1366716345050858	-1	0.005657086258482824	0.100351255946449	-1	0.7370789398820934
SL1344_3781_1-643	0.04273559132022564	1.848873521461543	1.5369450832857263	1.5205132941894943	1.2696415359804525	1.2195614258831888	1.1970246406268723	0.7570218477530464	0.7718687683639645	1.7322341142531292	1.5592651555141375	1.683509318523958	0.14076540226597212	0.7543799472922144	0.6149094301460154	0.0	1.530032528608547	1.2844104403473864	1.5779801995638802	1.4664266530806245	1.4186851166473138	1.134378123740349	1.7515810646511012	-1	0.6205665164044982	0.5145581741995664	-1	1.3519883700281088
CS17_02445_1-647	1.4872969372883214	0.31884099285299616	0.006912554677179439	0.009519234419052669	0.2603909926280945	0.31047110272535816	0.33300788798167447	0.7730106808555005	0.7581637602445824	0.20220158564458235	0.029232626905590586	0.1534767899154112	1.3892671263425749	0.7756525813163325	0.9151230984625315	1.530032528608547	0.0	0.2456220882611604	0.04794767095533348	0.0636058755279224	0.1113474119612331	0.3956544048681979	0.22154853604255426	-1	0.9094660122040487	1.0154743544089806	-1	0.1780441585804381
SEN4051_7-578	1.2416748490271607	0.5644630811141566	0.2525346429383398	0.23610285384210772	0.014768904366934121	0.06484901446419777	0.08738579972051408	0.5273885925943401	0.512541671983422	0.44782367390574274	0.274854715166751	0.3990988781765716	1.1436450380814143	0.5300304930551721	0.6695010102013711	1.2844104403473864	0.2456220882611604	0.0	0.29356975921649386	0.18201621273323798	0.1342746762999273	0.15003231660703753	0.46717062430371464	-1	0.6638439239428883	0.7698522661478201	-1	0.06757792968072229
t3704_1-643	1.5352446082436546	0.2708933218976627	0.04103511627815404	0.057466905374386146	0.308338663583428	0.35841877368069164	0.38095555893700794	0.820958351810834	0.8061114311999159	0.15425391468924887	0.01871504404974289	0.10552911896007772	1.4372147972979081	0.823600252271666	0.963070769417865	1.5779801995638802	0.04794767095533348	0.29356975921649386	0.0	0.11155354648325588	0.15929508291656658	0.4436020758235314	0.17360086508722078	-1	0.9574136831593821	1.0634220253643138	-1	0.22599182953577157
SEN3630_1-643	1.4236910617603988	0.38244686838091857	0.07051843020510185	0.05408664110886974	0.1967851171001721	0.24686522719743575	0.26940201245375206	0.7094048053275781	0.69455788471666	0.26580746117250476	0.09283850243351299	0.2170826654433336	1.3256612508146524	0.7120467057884101	0.8515172229346091	1.4664266530806245	0.0636058755279224	0.18201621273323798	0.11155354648325588	0.0	0.047741536433310694	0.3320485293402755	0.28515441157047666	-1	0.8458601366761263	0.9518684788810581	-1	0.11443828305251569
SEN2232_1-643	1.3759495253270881	0.43018840481422926	0.11825996663841254	0.10182817754218043	0.1490435806668614	0.19912369076412506	0.22166047602044137	0.6616632688942674	0.6468163482833493	0.31354899760581545	0.1405800388668237	0.2648242018766443	1.2779197143813417	0.6643051693550994	0.8037756865012984	1.4186851166473138	0.1113474119612331	0.1342746762999273	0.15929508291656658	0.047741536433310694	0.0	0.2843069929069648	0.33289594800378736	-1	0.7981186002428156	0.9041269424477474	-1	0.066696746619205
NCTC13441_04396_1-541	1.0916425324201233	0.7144953977211941	0.40256695954537736	0.38613517044914525	0.1352634122401034	0.08518330214283976	0.06264651688652345	0.3773562759873026	0.3625093553763845	0.5978559905127803	0.4248870317737885	0.5491311947836091	0.9936127214743768	0.3799981764481346	0.5194686935943336	1.134378123740349	0.3956544048681979	0.15003231660703753	0.4436020758235314	0.3320485293402755	0.2843069929069648	0.0	0.6172029409107522	-1	0.5138116073358507	0.6198199495407826	-1	0.21761024628775982
ETEC_2330_1-647	1.7088454733308756	0.09729245681044191	0.21463598136537482	0.23106777046160693	0.48193952867064876	0.5320196387679124	0.5545564240242287	0.9945592168980548	0.9797122962871367	0.019346950397971907	0.19231590913696367	0.06807174612714306	1.610815662385129	0.9972011173588868	1.1366716345050858	1.7515810646511012	0.22154853604255426	0.46717062430371464	0.17360086508722078	0.28515441157047666	0.33289594800378736	0.6172029409107522	0.0	-1	1.131014548246603	1.2370228904515348	-1	0.39959269462299235
b4074_1-552	-1	-1	-1	-1	-1	-1	-1	-1	-1	-1	-1	-1	-1	-1	-1	-1	-1	-1	-1	-1	-1	-1	-1	-1	-1	-1	-1	-1
STMMW_42321_7-585	0.5778309250842726	1.2283070050570448	0.9163785668812281	0.899946777784996	0.6490750195759541	0.5989949094786905	0.5764581242223742	0.13645533134854815	0.15130225195946623	1.111667597848631	0.9386986391096392	1.0629428021194598	0.4798011141385261	0.13381343088771613	0.005657086258482824	0.6205665164044982	0.9094660122040487	0.6638439239428883	0.9574136831593821	0.8458601366761263	0.7981186002428156	0.5138116073358507	1.131014548246603	-1	0.0	0.10600834220493183	-1	0.7314218536236106
STMMW_42321_702-735	0.47182258287934076	1.3343153472619766	1.02238690908616	1.005955119989928	0.755083361780886	0.7050032516836223	0.682466466427306	0.24246367355347997	0.25731059416439805	1.2176759400535628	1.044706981314571	1.1689511443243916	0.3737927719335943	0.23982177309264796	0.100351255946449	0.5145581741995664	1.0154743544089806	0.7698522661478201	1.0634220253643138	0.9518684788810581	0.9041269424477474	0.6198199495407826	1.2370228904515348	-1	0.10600834220493183	0.0	-1	0.8374301958285424
b2196_1-647	-1	-1	-1	-1	-1	-1	-1	-1	-1	-1	-1	-1	-1	-1	-1	-1	-1	-1	-1	-1	-1	-1	-1	-1	-1	-1	-1	-1
ROD_34621_7-576	1.3092527787078831	0.49688515143343426	0.18495671325761753	0.16852492416138543	0.08234683404765641	0.13242694414492007	0.15496372940123637	0.5949665222750624	0.5801196016641443	0.38024574422502044	0.20727678548602868	0.3315209484958493	1.2112229677621367	0.5976084227358944	0.7370789398820934	1.3519883700281088	0.1780441585804381	0.06757792968072229	0.22599182953577157	0.11443828305251569	0.066696746619205	0.21761024628775982	0.39959269462299235	-1	0.7314218536236106	0.8374301958285424	-1	0.0
