ENC_23420_1-323	0.0	0.5908388583169941	0.27089044153390746	0.7992765340958338	0.32142872026631675	-1	0.23227420777545155	0.4129819043864988	0.6300046704393213	0.3256850676295832	0.706653046629244	0.7432912450132424	0.6662519108893818	0.0018808276777327315
SL1344_0413_1-325	0.5908388583169941	0.0	0.7016767006460212	0.5094268603354445	0.7223550004708678	-1	0.6858764383539135	0.7598150058101959	0.09572221829577003	0.3932195150347876	0.8799738256495899	0.37259742229959714	0.8634432508249779	0.5916084199169243
STMMW_04891_1-325	0.27089044153390746	0.7016767006460212	0.0	0.8536506024008296	0.06931506814796419	-1	0.050299513380372675	0.19488355515668276	0.7302328686294971	0.5083505373923124	0.5976640959310668	0.8128311929972247	0.5422524842319165	0.26951652800164666
ROD_04661_1-325	0.7992765340958338	0.5094268603354445	0.8536506024008296	0.0	0.8637948208688296	-1	0.8458994181206668	0.8821716932999948	0.4574972982969833	0.7023297924034341	0.9411183828069941	0.21808874062545863	0.9330089268148243	0.7996540603460768
ERS227112_02720_1-324	0.32142872026631675	0.7223550004708678	0.06931506814796419	0.8637948208688296	0.0	-1	0.11612806733056691	0.1349205114547637	0.7489317957245243	0.5424292533978742	0.5676991317907163	0.8258048116097952	0.5081606029043799	0.320150039644174
b0417_1-325	-1	-1	-1	-1	-1	-1	-1	-1	-1	-1	-1	-1	-1	-1
SEN0401_1-326	0.23227420777545155	0.6858764383539135	0.050299513380372675	0.8458994181206668	0.11612806733056691	-1	0.0	0.23538052054683728	0.715945042493645	0.48231103433707895	0.6179013961211866	0.802918067706814	0.5652769615261255	0.23082752689909322
STM_MW04891_1-325	0.4129819043864988	0.7598150058101959	0.19488355515668276	0.8821716932999948	0.1349205114547637	-1	0.23538052054683728	0.0	0.7828060462554006	0.6041649325561711	0.5002761319237106	0.8493073155203607	0.4314517872539975	0.41187574400788285
Ecoli9000q_45270_1-325	0.6300046704393213	0.09572221829577003	0.7302328686294971	0.4574972982969833	0.7489317957245243	-1	0.715945042493645	0.7828060462554006	0.0	0.45130188907424085	0.8914629973119662	0.3061837961804386	0.8765147657792701	0.6307005678957909
CS17_00447_1-325	0.3256850676295832	0.3932195150347876	0.5083505373923124	0.7023297924034341	0.5424292533978742	-1	0.48231103433707895	0.6041649325561711	0.45130188907424085	0.0	0.8021917689767308	0.6193043596345252	0.7749486798626177	0.326953337817894
t2444_1-325	0.706653046629244	0.8799738256495899	0.5976640959310668	0.9411183828069941	0.5676991317907163	-1	0.6179013961211866	0.5002761319237106	0.8914629973119662	0.8021917689767308	0.0	0.9246952688210348	0.12105278519354018	0.7061002718861293
BN373_08581_1-323	0.7432912450132424	0.37259742229959714	0.8128311929972247	0.21808874062545863	0.8258048116097952	-1	0.802918067706814	0.8493073155203607	0.3061837961804386	0.6193043596345252	0.9246952688210348	0.0	0.9143239435652037	0.7437740699447378
NCTC13441_03562_1-325	0.6662519108893818	0.8634432508249779	0.5422524842319165	0.9330089268148243	0.5081606029043799	-1	0.5652769615261255	0.4314517872539975	0.8765147657792701	0.7749486798626177	0.12105278519354018	0.9143239435652037	0.0	0.6656230053831094
ETEC_0470_1-325	0.0018808276777327315	0.5916084199169243	0.26951652800164666	0.7996540603460768	0.320150039644174	-1	0.23082752689909322	0.41187574400788285	0.6307005678957909	0.326953337817894	0.7061002718861293	0.7437740699447378	0.6656230053831094	0.0
