NCTC13441_05003_21-262	0.0	2.277749621075057	0.16090668634919492	0.316128470245727	0.30662351332038307	0.11396947084779108	0.526030368978065	0.526030368978065	0.6890277715377471	0.43400323907771005
ROD_47371_1-296	2.277749621075057	0.0	2.116842934725862	1.96162115082933	2.58437313439544	2.391719091922848	2.803779990053122	2.803779990053122	2.966777392612804	2.711752860152767
NCTC13441_05037_21-262	0.16090668634919492	2.116842934725862	0.0	0.15522178389653207	0.467530199669578	0.274876157196986	0.68693705532726	0.68693705532726	0.849934457886942	0.594909925426905
ROD_36581_1-292	0.316128470245727	1.96162115082933	0.15522178389653207	0.0	0.6227519835661101	0.43009794109351807	0.842158839223792	0.842158839223792	1.005156241783474	0.750131709323437
ETEC_2008_1-278	0.30662351332038307	2.58437313439544	0.467530199669578	0.6227519835661101	0.0	0.192654042472592	0.21940685565768198	0.21940685565768198	0.382404258217364	0.12737972575732698
ETEC_1246_1-278	0.11396947084779108	2.391719091922848	0.274876157196986	0.43009794109351807	0.192654042472592	0.0	0.41206089813027397	0.41206089813027397	0.575058300689956	0.32003376822991897
CS17_02899_26-111	0.526030368978065	2.803779990053122	0.68693705532726	0.842158839223792	0.21940685565768198	0.41206089813027397	0.0	0.0	0.162997402559682	0.092027129900355
CS17_02899_140-352	0.526030368978065	2.803779990053122	0.68693705532726	0.842158839223792	0.21940685565768198	0.41206089813027397	0.0	0.0	0.162997402559682	0.092027129900355
CS17_01323_1-279	0.6890277715377471	2.966777392612804	0.849934457886942	1.005156241783474	0.382404258217364	0.575058300689956	0.162997402559682	0.162997402559682	0.0	0.255024532460037
CS17_02132_1-330	0.43400323907771005	2.711752860152767	0.594909925426905	0.750131709323437	0.12737972575732698	0.32003376822991897	0.092027129900355	0.092027129900355	0.255024532460037	0.0
