STM_MW31861_1-302	0.0	0.30224200853243	0.4118627478784911	0.47851854556222206	0.44128213507741987	0.839884862213186	0.36122936611352996	0.4123671747486761	0.4529747376756099	0.19087520828697002	0.26927744854437985	0.96493085535475	0.6341384563850341	0.38026658283665404	0.01358538409506993	0.6497419357209041	0.27668594159329907	0.08726533017156002	0.041269466554940015	0.5453349094036999	0.05368647954465988	0.3096867214517821
CS17_02905_1-298	0.30224200853243	0.0	0.7141047564109211	0.7807605540946521	0.13904012654498987	1.142126870745616	0.058987357581099964	0.7146091832811061	0.15073272914317992	0.4931172168194	0.032964559988050146	0.66268884682232	0.9363804649174641	0.682508591369084	0.28865662443736007	0.9519839442533341	0.5789279501257291	0.21497667836086998	0.34351147508737	0.2430929008712699	0.2485555289877701	0.6119287299842121
t3431_1-302	0.4118627478784911	0.7141047564109211	0.0	0.06665579768373098	0.853144882955911	0.428022114334695	0.773092113992021	0.0005044268701850374	0.864837485554101	0.22098753959152106	0.6811401964228709	1.376793603233241	0.222275708506543	0.03159616504183704	0.425448131973561	0.23787918784241302	0.13517680628519202	0.4991280780500511	0.37059328132355107	0.957197657282191	0.46554922742315097	0.10217602642670898
NCTC13441_03085_1-298	0.47851854556222206	0.7807605540946521	0.06665579768373098	0.0	0.9198006806396419	0.361366316650964	0.839747911675752	0.06615137081354594	0.931493283237832	0.28764333727525204	0.7477959941066019	1.443449400916972	0.155619910822812	0.09825196272556802	0.492103929657292	0.17122339015868204	0.201832603968923	0.5657838757337821	0.43724907900728205	1.023853454965922	0.532205025106882	0.16883182411043995
CS17_02606_1-298	0.44128213507741987	0.13904012654498987	0.853144882955911	0.9198006806396419	0.0	1.281166997290606	0.08005276896388991	0.853649309826096	0.01169260259819005	0.6321573433643899	0.17200468653304002	0.5236487202773301	1.075420591462454	0.8215487179140739	0.42769675098234994	1.091024070798324	0.7179680766707189	0.35401680490585985	0.4825516016323599	0.10405277432628002	0.38759565553276	0.750968856529202
NCTC13441_05008_1-298	0.839884862213186	1.142126870745616	0.428022114334695	0.361366316650964	1.281166997290606	0.0	1.201114228326716	0.42751768746450997	1.292859599888796	0.649009653926216	1.1091623107575659	1.804815717567936	0.205746405828152	0.45961827937653205	0.853470246308256	0.19014292649228198	0.5631989206198871	0.927150192384746	0.798615395658246	1.385219771616886	0.8935713417578459	0.530198140761404
STMMW_31861_1-302	0.36122936611352996	0.058987357581099964	0.773092113992021	0.839747911675752	0.08005276896388991	1.201114228326716	0.0	0.7735965408622061	0.09174537156207996	0.5521045744005	0.09195191756915011	0.60370148924122	0.995367822498564	0.741495948950184	0.34764398201846003	1.010971301834434	0.637915307706829	0.27396403594196994	0.40249883266847	0.18410554329016993	0.3075428865688701	0.6709160875653121
t1353_1-367	0.4123671747486761	0.7146091832811061	0.0005044268701850374	0.06615137081354594	0.853649309826096	0.42751768746450997	0.7735965408622061	0.0	0.865341912424286	0.2214919664617061	0.681644623293056	1.377298030103426	0.22177128163635795	0.03210059191202208	0.42595255884374605	0.23737476097222798	0.13568123315537706	0.49963250492023614	0.3710977081937361	0.957702084152376	0.466053654293336	0.10268045329689401
NCTC13441_01964_11-306	0.4529747376756099	0.15073272914317992	0.864837485554101	0.931493283237832	0.01169260259819005	1.292859599888796	0.09174537156207996	0.865341912424286	0.0	0.6438499459625799	0.18369728913123007	0.5119561176791401	1.087113194060644	0.833241320512264	0.43938935358054	1.1027166733965141	0.729660679268909	0.3657094075040499	0.49424420423054993	0.09236017172808997	0.39928825813095004	0.762661459127392
ROD_36631_1-298	0.19087520828697002	0.4931172168194	0.22098753959152106	0.28764333727525204	0.6321573433643899	0.649009653926216	0.5521045744005	0.2214919664617061	0.6438499459625799	0.0	0.46015265683134987	1.15580606364172	0.44326324809806406	0.18939137454968402	0.20446059238203995	0.4588667274339341	0.08581073330632905	0.27814053845853004	0.14960574173203	0.7362101176906699	0.2445616878316299	0.11881151316481209
ERS227112_03349_1-302	0.26927744854437985	0.032964559988050146	0.6811401964228709	0.7477959941066019	0.17200468653304002	1.1091623107575659	0.09195191756915011	0.681644623293056	0.18369728913123007	0.46015265683134987	0.0	0.6956534068103701	0.9034159049294139	0.6495440313810339	0.2556920644493099	0.919019384265284	0.5459633901376789	0.18201211837281983	0.31054691509931986	0.27605746085932004	0.21559096899971997	0.578964169996162
NCTC13441_03029_1-367	0.96493085535475	0.66268884682232	1.376793603233241	1.443449400916972	0.5236487202773301	1.804815717567936	0.60370148924122	1.377298030103426	0.5119561176791401	1.15580606364172	0.6956534068103701	0.0	1.599069311739784	1.345197438191404	0.95134547125968	1.614672791075654	1.241616796948049	0.87766552518319	1.00620032190969	0.4195959459510501	0.9112443758100901	1.274617576806532
STM_MW41511_1-371	0.6341384563850341	0.9363804649174641	0.222275708506543	0.155619910822812	1.075420591462454	0.205746405828152	0.995367822498564	0.22177128163635795	1.087113194060644	0.44326324809806406	0.9034159049294139	1.599069311739784	0.0	0.25387187354838003	0.647723840480104	0.01560347933587003	0.357452514791735	0.7214037865565941	0.5928689898300941	1.179473365788734	0.687824935929694	0.32445173493325197
ETEC_2003_1-298	0.38026658283665404	0.682508591369084	0.03159616504183704	0.09825196272556802	0.8215487179140739	0.45961827937653205	0.741495948950184	0.03210059191202208	0.833241320512264	0.18939137454968402	0.6495440313810339	1.345197438191404	0.25387187354838003	0.0	0.393851966931724	0.26947535288425006	0.10358064124335498	0.46753191300821406	0.33899711628171403	0.9256014922403539	0.4339530623813139	0.07057986138487193
STM_MW31871_3-304	0.01358538409506993	0.28865662443736007	0.425448131973561	0.492103929657292	0.42769675098234994	0.853470246308256	0.34764398201846003	0.42595255884374605	0.43938935358054	0.20446059238203995	0.2556920644493099	0.95134547125968	0.647723840480104	0.393851966931724	0.0	0.663327319815974	0.290271325688369	0.07367994607649009	0.054854850650009945	0.53174952530863	0.04010109544958995	0.32327210554685204
STMMW_41511_1-371	0.6497419357209041	0.9519839442533341	0.23787918784241302	0.17122339015868204	1.091024070798324	0.19014292649228198	1.010971301834434	0.23737476097222798	1.1027166733965141	0.4588667274339341	0.919019384265284	1.614672791075654	0.01560347933587003	0.26947535288425006	0.663327319815974	0.0	0.37305599412760504	0.7370072658924641	0.6084724691659641	1.1950768451246039	0.703428415265564	0.340055214269122
SL1344_4137_1-371	0.27668594159329907	0.5789279501257291	0.13517680628519202	0.201832603968923	0.7179680766707189	0.5631989206198871	0.637915307706829	0.13568123315537706	0.729660679268909	0.08581073330632905	0.5459633901376789	1.241616796948049	0.357452514791735	0.10358064124335498	0.290271325688369	0.37305599412760504	0.0	0.3639512717648591	0.23541647503835905	0.822020850996999	0.33037242113795895	0.03300077985848304
ROD_09061_1-367	0.08726533017156002	0.21497667836086998	0.4991280780500511	0.5657838757337821	0.35401680490585985	0.927150192384746	0.27396403594196994	0.49963250492023614	0.3657094075040499	0.27814053845853004	0.18201211837281983	0.87766552518319	0.7214037865565941	0.46753191300821406	0.07367994607649009	0.7370072658924641	0.3639512717648591	0.0	0.12853479672650003	0.45806957923213987	0.033578850626900136	0.39695205162334213
BN373_14801_1-302	0.041269466554940015	0.34351147508737	0.37059328132355107	0.43724907900728205	0.4825516016323599	0.798615395658246	0.40249883266847	0.3710977081937361	0.49424420423054993	0.14960574173203	0.31054691509931986	1.00620032190969	0.5928689898300941	0.33899711628171403	0.054854850650009945	0.6084724691659641	0.23541647503835905	0.12853479672650003	0.0	0.5866043759586399	0.0949559460995999	0.2684172548968421
CS17_02127_1-298	0.5453349094036999	0.2430929008712699	0.957197657282191	1.023853454965922	0.10405277432628002	1.385219771616886	0.18410554329016993	0.957702084152376	0.09236017172808997	0.7362101176906699	0.27605746085932004	0.4195959459510501	1.179473365788734	0.9256014922403539	0.53174952530863	1.1950768451246039	0.822020850996999	0.45806957923213987	0.5866043759586399	0.0	0.49164842985904	0.855021630855482
SL1344_2678_1-302	0.05368647954465988	0.2485555289877701	0.46554922742315097	0.532205025106882	0.38759565553276	0.8935713417578459	0.3075428865688701	0.466053654293336	0.39928825813095004	0.2445616878316299	0.21559096899971997	0.9112443758100901	0.687824935929694	0.4339530623813139	0.04010109544958995	0.703428415265564	0.33037242113795895	0.033578850626900136	0.0949559460995999	0.49164842985904	0.0	0.363373200996442
t4307_1-302	0.3096867214517821	0.6119287299842121	0.10217602642670898	0.16883182411043995	0.750968856529202	0.530198140761404	0.6709160875653121	0.10268045329689401	0.762661459127392	0.11881151316481209	0.578964169996162	1.274617576806532	0.32445173493325197	0.07057986138487193	0.32327210554685204	0.340055214269122	0.03300077985848304	0.39695205162334213	0.2684172548968421	0.855021630855482	0.363373200996442	0.0
