ROD_33221_1-165	0.0	0.3793752227627729	0.4884082892797439	2.7257899952992863	1.0486215901054654	2.578613561300706	1.8147947340990631	1.3677163474167628	0.7400443488535842	0.20530901489216036	2.043753540613709	0.13924027132363936	-1	0.08052213868004565
SL1344_4403_3-167	0.3793752227627729	0.0	0.8677835120425168	2.346414772536513	0.6692463673426925	2.199238338537933	1.4354195113362902	0.9883411246539899	0.36066912609081125	0.17406620787061255	1.664378317850936	0.24013495143913355	-1	0.29885308408272726
ERS227112_02144_3-167	0.4884082892797439	0.8677835120425168	0.0	3.2141982845790302	1.5370298793852093	3.06702185058045	2.3032030233788072	1.8561246366965067	1.228452638133328	0.6937173041719042	2.532161829893453	0.6276485606033833	-1	0.5689304279597895
STM_MW44191_3-167	2.7257899952992863	2.346414772536513	3.2141982845790302	0.0	1.6771684051938207	0.14717643399858016	0.910995261200223	1.3580736478825233	1.985745646445702	2.5204809804071258	0.6820364546855773	2.5865497239756468	-1	2.6452678566192405
STMMW_44191_3-167	1.0486215901054654	0.6692463673426925	1.5370298793852093	1.6771684051938207	0.0	1.5299919711952406	0.7661731439935977	0.31909475731129744	0.30857724125188124	0.843312575213305	0.9951319505082434	0.909381318781826	-1	0.9680994514254198
Ecoli9000q_39120_3-167	2.578613561300706	2.199238338537933	3.06702185058045	0.14717643399858016	1.5299919711952406	0.0	0.7638188272016428	1.2108972138839431	1.8385692124471218	2.3733045464085456	0.5348600206869971	2.4393732899770666	-1	2.4980914226206603
SEN4226_3-167	1.8147947340990631	1.4354195113362902	2.3032030233788072	0.910995261200223	0.7661731439935977	0.7638188272016428	0.0	0.44707838668230027	1.074750385245479	1.6094857192069028	0.22895880651464573	1.6755544627754237	-1	1.7342725954190175
NCTC13441_04192_3-167	1.3677163474167628	0.9883411246539899	1.8561246366965067	1.3580736478825233	0.31909475731129744	1.2108972138839431	0.44707838668230027	0.0	0.6276719985631787	1.1624073325246025	0.676037193196946	1.2284760760931235	-1	1.2871942087367172
ETEC_4602_3-167	0.7400443488535842	0.36066912609081125	1.228452638133328	1.985745646445702	0.30857724125188124	1.8385692124471218	1.074750385245479	0.6276719985631787	0.0	0.5347353339614238	1.3037091917601247	0.6008040775299448	-1	0.6595222101735385
ENC_34540_1-157	0.20530901489216036	0.17406620787061255	0.6937173041719042	2.5204809804071258	0.843312575213305	2.3733045464085456	1.6094857192069028	1.1624073325246025	0.5347353339614238	0.0	1.8384445257215485	0.066068743568521	-1	0.1247868762121147
t4508_7-171	2.043753540613709	1.664378317850936	2.532161829893453	0.6820364546855773	0.9951319505082434	0.5348600206869971	0.22895880651464573	0.676037193196946	1.3037091917601247	1.8384445257215485	0.0	1.9045132692900695	-1	1.9632314019336632
CS17_04741_3-167	0.13924027132363936	0.24013495143913355	0.6276485606033833	2.5865497239756468	0.909381318781826	2.4393732899770666	1.6755544627754237	1.2284760760931235	0.6008040775299448	0.066068743568521	1.9045132692900695	0.0	-1	0.05871813264359371
b4256_3-167	-1	-1	-1	-1	-1	-1	-1	-1	-1	-1	-1	-1	-1	-1
BN373_02791_3-167	0.08052213868004565	0.29885308408272726	0.5689304279597895	2.6452678566192405	0.9680994514254198	2.4980914226206603	1.7342725954190175	1.2871942087367172	0.6595222101735385	0.1247868762121147	1.9632314019336632	0.05871813264359371	-1	0.0
