ETEC_4029_1-271	0.0	0.104051019338463	0.197062078818039	0.573510896120242	0.619403904367299	0.03671653589344703	0.11554001702746897	0.130553637770135	0.075379367927988	0.670419893076819	0.401620811002206	-1	0.36938824264979603
STM_MW38551_1-271	0.104051019338463	0.0	0.301113098156502	0.677561915458705	0.723454923705762	0.14076755523191004	0.011488997689005964	0.234604657108598	0.179430387266451	0.7744709124152821	0.505671830340669	-1	0.47343926198825903
SL1344_3838_1-271	0.197062078818039	0.301113098156502	0.0	0.37644881730220303	0.42234182554926003	0.16034554292459197	0.31260209584550797	0.06650844104790399	0.121682710890051	0.4733578142587801	0.20455873218416698	-1	0.17232616383175703
ROD_40021_1-271	0.573510896120242	0.677561915458705	0.37644881730220303	0.0	0.045893008247057	0.536794360226795	0.6890509131477109	0.442957258350107	0.49813152819225404	0.09690899695657706	0.17189008511803605	-1	0.204122653470446
BN373_47801_1-271	0.619403904367299	0.723454923705762	0.42234182554926003	0.045893008247057	0.0	0.582687368473852	0.7349439213947679	0.488850266597164	0.544024536439311	0.051015988709520066	0.21778309336509305	-1	0.250015661717503
NCTC13441_04778_1-271	0.03671653589344703	0.14076755523191004	0.16034554292459197	0.536794360226795	0.582687368473852	0.0	0.152256552920916	0.09383710187668798	0.03866283203454096	0.6337033571833721	0.36490427510875895	-1	0.332671706756349
t3648_1-271	0.11554001702746897	0.011488997689005964	0.31260209584550797	0.6890509131477109	0.7349439213947679	0.152256552920916	0.0	0.24609365479760398	0.19091938495545696	0.785959910104288	0.5171608280296749	-1	0.484928259677265
ERS227112_00440_1-271	0.130553637770135	0.234604657108598	0.06650844104790399	0.442957258350107	0.488850266597164	0.09383710187668798	0.24609365479760398	0.0	0.05517426984214702	0.5398662553066841	0.27106717323207097	-1	0.23883460487966102
ENC_04240_1-271	0.075379367927988	0.179430387266451	0.121682710890051	0.49813152819225404	0.544024536439311	0.03866283203454096	0.19091938495545696	0.05517426984214702	0.0	0.5950405251488311	0.326241443074218	-1	0.29400887472180803
CS17_04194_1-271	0.670419893076819	0.7744709124152821	0.4733578142587801	0.09690899695657706	0.051015988709520066	0.6337033571833721	0.785959910104288	0.5398662553066841	0.5950405251488311	0.0	0.2687990820746131	-1	0.30103165042702307
STMMW_38551_1-271	0.401620811002206	0.505671830340669	0.20455873218416698	0.17189008511803605	0.21778309336509305	0.36490427510875895	0.5171608280296749	0.27106717323207097	0.326241443074218	0.2687990820746131	0.0	-1	0.03223256835240995
b3738_1-271	-1	-1	-1	-1	-1	-1	-1	-1	-1	-1	-1	-1	-1
SEN3685_1-271	0.36938824264979603	0.47343926198825903	0.17232616383175703	0.204122653470446	0.250015661717503	0.332671706756349	0.484928259677265	0.23883460487966102	0.29400887472180803	0.30103165042702307	0.03223256835240995	-1	0.0
