ROD_43811_1-581	0.0	0.19858479183551392	0.1826220830097549	0.12268611015460806	0.121954983461241	0.11065681460757004	0.301819227545311	0.377043356837791	0.543402684185701	0.044603236670715085	0.5097032429811011	6.154094793918731	0.06069869011064599	0.711203082146021	0.09988615723420602	0.010063378662491074
t3970_1-580	0.19858479183551392	0.0	0.01596270882575901	0.321270901990122	0.3205397752967549	0.30924160644308396	0.5004040193808249	0.5756281486733049	0.741987476021215	0.243188028506229	0.7082880348166151	6.352679585754245	0.13788610172486793	0.9097878739815349	0.29847094906971994	0.208648170498005
STM_MW35401_1-580	0.1826220830097549	0.01596270882575901	0.0	0.305308193164363	0.3045770664709959	0.29327889761732495	0.4844413105550659	0.5596654398475459	0.726024767195456	0.22722531968047	0.692325325990856	6.336716876928486	0.12192339289910892	0.8938251651557759	0.28250824024396093	0.19268546167224598
CS17_03865_1-580	0.12268611015460806	0.321270901990122	0.305308193164363	0.0	0.0007311266933670568	0.012029295547038021	0.17913311739070292	0.25435724668318294	0.42071657403109297	0.07808287348389298	0.3870171328264931	6.031408683764123	0.18338480026525406	0.588516971991413	0.022799952920402045	0.11262273149211699
NCTC13441_00255_1-577	0.121954983461241	0.3205397752967549	0.3045770664709959	0.0007311266933670568	0.0	0.011298168853670965	0.17986424408406998	0.25508837337655	0.42144770072446003	0.07735174679052592	0.38774825951986014	6.03213981045749	0.182653673571887	0.58924809868478	0.022068826227034988	0.11189160479874993
SL1344_3517_1-580	0.11065681460757004	0.30924160644308396	0.29327889761732495	0.012029295547038021	0.011298168853670965	0.0	0.19116241293774094	0.26638654223022096	0.432745869578131	0.06605357793685496	0.3990464283735311	6.043437979311161	0.17135550471821603	0.600546267538451	0.010770657373364023	0.10059343594507897
ENC_24720_4-532	0.301819227545311	0.5004040193808249	0.4844413105550659	0.17913311739070292	0.17986424408406998	0.19116241293774094	0.0	0.07522412929248001	0.24158345664039005	0.2572159908745959	0.20788401543579016	5.85227556637342	0.362517917655957	0.40938385460071003	0.20193307031110497	0.2917558488828199
ETEC_3693_1-580	0.377043356837791	0.5756281486733049	0.5596654398475459	0.25435724668318294	0.25508837337655	0.26638654223022096	0.07522412929248001	0.0	0.16635932734791004	0.3324401201670759	0.13265988614331015	5.7770514370809405	0.437742046948437	0.33415972530823	0.277157199603585	0.3669799781752999
ERS227112_00777_1-581	0.543402684185701	0.741987476021215	0.726024767195456	0.42071657403109297	0.42144770072446003	0.432745869578131	0.24158345664039005	0.16635932734791004	0.0	0.49879944751498595	0.03369944120459989	5.61069210973303	0.604101374296347	0.16780039796031998	0.443516526951495	0.53333930552321
ERS227112_04898_1-528	0.044603236670715085	0.243188028506229	0.22722531968047	0.07808287348389298	0.07735174679052592	0.06605357793685496	0.2572159908745959	0.3324401201670759	0.49879944751498595	0.0	0.46510000631038606	6.109491557248016	0.10530192678136108	0.6665998454753059	0.055282920563490934	0.03453985800822401
BN373_44451_1-581	0.5097032429811011	0.7082880348166151	0.692325325990856	0.3870171328264931	0.38774825951986014	0.3990464283735311	0.20788401543579016	0.13265988614331015	0.03369944120459989	0.46510000631038606	0.0	5.64439155093763	0.5704019330917471	0.20149983916491987	0.4098170857468951	0.49963986431861007
b3447_1-580	6.154094793918731	6.352679585754245	6.336716876928486	6.031408683764123	6.03213981045749	6.043437979311161	5.85227556637342	5.7770514370809405	5.61069210973303	6.109491557248016	5.64439155093763	0.0	6.214793484029377	5.44289171177271	6.054208636684525	6.14403141525624
SEN3374_1-580	0.06069869011064599	0.13788610172486793	0.12192339289910892	0.18338480026525406	0.182653673571887	0.17135550471821603	0.362517917655957	0.437742046948437	0.604101374296347	0.10530192678136108	0.5704019330917471	6.214793484029377	0.0	0.771901772256667	0.160584847344852	0.07076206877313707
ENC_26370_1-581	0.711203082146021	0.9097878739815349	0.8938251651557759	0.588516971991413	0.58924809868478	0.600546267538451	0.40938385460071003	0.33415972530823	0.16780039796031998	0.6665998454753059	0.20149983916491987	5.44289171177271	0.771901772256667	0.0	0.611316924911815	0.7011397034835299
STMMW_35401_1-580	0.09988615723420602	0.29847094906971994	0.28250824024396093	0.022799952920402045	0.022068826227034988	0.010770657373364023	0.20193307031110497	0.277157199603585	0.443516526951495	0.055282920563490934	0.4098170857468951	6.054208636684525	0.160584847344852	0.611316924911815	0.0	0.08982277857171495
BN373_23431_1-528	0.010063378662491074	0.208648170498005	0.19268546167224598	0.11262273149211699	0.11189160479874993	0.10059343594507897	0.2917558488828199	0.3669799781752999	0.53333930552321	0.03453985800822401	0.49963986431861007	6.14403141525624	0.07076206877313707	0.7011397034835299	0.08982277857171495	0.0
