SL1344_2830_1-307	0.0	0.57468607956466	0.007901585869326272	0.2897704914193775	0.7098015293814067	-1	0.5383563714427676	0.12779028777999465	-1	0.6142270305061408	0.2626879248126946	0.09773953237460006	0.4421597586802404	0.4288372093023256	0.16160507483242254	0.530796949357562	0.4187298784639749	0.24152893114849058	0.32447697474281	0.8646488379024763	0.11140030647332255	0.3923963288199867	0.6213127677471562	0.7910103590383556	-1	0.5031376912735175	0.4596989284371903	0.25924343255183957	0.5570024901639803
BN373_32831_1-325	0.57468607956466	0.0	0.571298659107301	0.40115988522453794	0.3176840524722212	-1	0.07869643568012216	0.5123719508318669	-1	0.09296886144946229	0.42315617124906846	0.528612927534445	0.23757038497417085	0.25535429239740964	0.4927045624109322	0.09353973753368512	0.2683024558161803	0.43924832745518166	0.37039315532818234	0.6817617397545278	0.6220661806485273	0.300014235250838	0.10962887867570904	0.5086226175063158	-1	0.14400043439505325	0.21282051282051276	0.42583847497902305	0.03991803341564034
STMMW_28121_1-307	0.007901585869326272	0.571298659107301	0.0	0.2841138555765548	0.7074902383823689	-1	0.5346796023640985	0.12084355765825999	-1	0.6111545346719531	0.25681558937539967	0.09055346246470346	0.43771682992904776	0.42428817286422554	0.15492766319738444	0.5270599731241611	0.41410034200552265	0.23548807452119586	0.3190967593178575	0.8635708311094064	0.1184216532551806	0.3875570583262891	0.6182967063961405	0.789345857240613	-1	0.4991804223758808	0.45539569072263003	0.25334366339326486	0.5534742284371089
ROD_26841_1-325	0.2897704914193775	0.40115988522453794	0.2841138555765548	0.0	0.5914018396693368	-1	0.3500078172197932	0.1857124512258643	-1	0.456833368885478	0.036731483883270105	0.2128331739394181	0.2145634128401808	0.1958053223680747	0.15286998136509167	0.3393641844308474	0.18157424534826747	0.06360369202207695	0.048866574683432376	0.809426163708658	0.3688902763416561	0.14449672417259118	0.46681005551340476	0.7057435118694161	-1	0.30042007164775436	0.23925848611586262	0.041210648962183245	0.3762614697306225
STM_MW23441_1-325	0.7098015293814067	0.3176840524722212	0.7074902383823689	0.5914018396693368	0.0	-1	0.37137988555036267	0.667283605590723	-1	0.24774804466124542	0.6064102564102564	0.678365082998319	0.4797821148004118	0.4919163584446452	0.653864232824896	0.38150770711901727	0.5007510968364682	0.6173901912197955	0.5704092092077737	0.5335910564621298	0.7421297279464075	0.5223885496692187	0.23367241907740885	0.2798389305217302	-1	0.4159378453108937	0.46289488233069714	0.6082404350213176	0.34492076326565935
b2722_1-307	-1	-1	-1	-1	-1	-1	-1	-1	-1	-1	-1	-1	-1	-1	-1	-1	-1	-1	-1	-1	-1	-1	-1	-1	-1	-1	-1	-1	-1
SEN2692_1-307	0.5383563714427676	0.07869643568012216	0.5346796023640985	0.3500078172197932	0.37137988555036267	-1	0.0	0.4707194587615554	-1	0.16434897910427265	0.3738829946058359	0.488347716516715	0.17244473531515336	0.19174771873122987	0.4493721100888587	0.016111195515150903	0.20580189579102362	0.391349719830103	0.31661303716261613	0.7068059565328896	0.5897836131455	0.24022245016939278	0.17969791235644436	0.5472922660823968	-1	0.07088217309040762	0.1455807644024511	0.37679441689251153	0.040390720390720385
ENC_29750_1-307	0.12779028777999465	0.5123719508318669	0.12084355765825999	0.1857124512258643	0.667283605590723	-1	0.4707194587615554	0.0	-1	0.5577061753738507	0.15466192951388907	0.03330607566624657	0.360428766724108	0.3451542872138933	0.038769101717934636	0.46205248110779273	0.33356609839101853	0.13040286272323304	0.22550389454182468	0.8448180979858397	0.2249547170303117	0.30337433455825596	0.5658300670729929	0.7603906055692612	-1	0.4303407749704644	0.38053765740856066	0.15071277346506698	0.4920974811109666
b2282_1-325	-1	-1	-1	-1	-1	-1	-1	-1	-1	-1	-1	-1	-1	-1	-1	-1	-1	-1	-1	-1	-1	-1	-1	-1	-1	-1	-1	-1	-1
ETEC_2417_1-325	0.6142270305061408	0.09296886144946229	0.6111545346719531	0.456833368885478	0.24774804466124542	-1	0.16434897910427265	0.5577061753738507	-1	0.0	0.47678468524219114	0.5724372469635628	0.30845259821847404	0.32458315601645166	0.5398672416620945	0.17781231608435916	0.33632754342431764	0.4913807720075551	0.4289269868381097	0.6491429602361544	0.6572022575368804	0.36509111483039874	0.01836763537453626	0.45825742732612285	-1	0.22358173941057943	0.2860036934999613	0.4792176182483102	0.12917576074714895
STM_MW28121_1-307	0.2626879248126946	0.42315617124906846	0.25681558937539967	0.036731483883270105	0.6064102564102564	-1	0.3738829946058359	0.15466192951388907	-1	0.47678468524219114	0.0	0.18281682325305834	0.24341366418277235	0.22534458620852338	0.12056710620006164	0.36363031824313674	0.21163623776491075	0.027896902773421956	0.08380311676628736	0.8164262235049664	0.3448247159550418	0.17592062896073044	0.4863949133660358	0.7165519893207323	-1	0.3261166805110841	0.2672016507724323	0.004649965200741965	0.39917231150258675
ETEC_2913_1-307	0.09773953237460006	0.528612927534445	0.09055346246470346	0.2128331739394181	0.678365082998319	-1	0.488347716516715	0.03330607566624657	-1	0.5724372469635628	0.18281682325305834	0.0	0.38173037461354953	0.36696462807366453	0.07078393074885127	0.4799694018764862	0.3557623963445592	0.15936573077652444	0.25129932043342795	0.8499865981563555	0.19825162498683294	0.32657620168250806	0.5802905637110689	0.768371054190515	-1	0.4493138882232735	0.40116951706330145	0.17899919809441614	0.5090137208361619
ROD_30891_1-307	0.4421597586802404	0.23757038497417085	0.43771682992904776	0.2145634128401808	0.4797821148004118	-1	0.17244473531515336	0.360428766724108	-1	0.30845259821847404	0.24341366418277235	0.38173037461354953	0.0	0.023325310392928938	0.33463308928276353	0.1588935041108193	0.04030807596707573	0.26452007963276514	0.1742098781793934	0.7573657257545551	0.5043033325264138	0.0819011342765741	0.32115468873860503	0.6253593314329408	-1	0.10931074540089333	0.03144120566751356	0.24693176431567934	0.2058702886189076
SL1344_2291_1-325	0.4288372093023256	0.25535429239740964	0.42428817286422554	0.1958053223680747	0.4919163584446452	-1	0.19174771873122987	0.3451542872138933	-1	0.32458315601645166	0.22534458620852338	0.36696462807366453	0.023325310392928938	0.0	0.318742547751573	0.17851257420094324	0.017388354336262343	0.24695507296996916	0.15448804949288417	0.7630252455132931	0.4924649192322047	0.059974753627751905	0.33698896633256153	0.6340979413130818	-1	0.13008634872806402	0.05403314017911983	0.2289467069252201	0.22439361062911864
NCTC13441_01054_1-307	0.16160507483242254	0.4927045624109322	0.15492766319738444	0.15286998136509167	0.653864232824896	-1	0.4493721100888587	0.038769101717934636	-1	0.5398672416620945	0.12056710620006164	0.07078393074885127	0.33463308928276353	0.318742547751573	0.0	0.4403555692460159	0.3066869752105889	0.09532960412432478	0.19426632368729188	0.8385591825111895	0.25500252644176896	0.2752774940061021	0.5483187923911248	0.7507264957264957	-1	0.4073648422583543	0.35555302716698234	0.11645866976103318	0.47161236722959193
CS17_02528_1-325	0.530796949357562	0.09353973753368512	0.5270599731241611	0.3393641844308474	0.38150770711901727	-1	0.016111195515150903	0.46205248110779273	-1	0.17781231608435916	0.36363031824313674	0.4799694018764862	0.1588935041108193	0.17851257420094324	0.4403555692460159	0.0	0.19279688864352126	0.38138306138306144	0.3054225642955699	0.7115296630910659	0.5830663129973475	0.2277810801715378	0.19291395967195613	0.5545859288947642	-1	0.055667853242759545	0.13158963522822958	0.3665894151181134	0.0558511731126586
ETEC_2588_4-314	0.4187298784639749	0.2683024558161803	0.41410034200552265	0.18157424534826747	0.5007510968364682	-1	0.20580189579102362	0.33356609839101853	-1	0.33632754342431764	0.21163623776491075	0.3557623963445592	0.04030807596707573	0.017388354336262343	0.3066869752105889	0.19279688864352126	0.0	0.2336291449900722	0.1395258195459441	0.7671458465130567	0.48348354814687355	0.04334001075544262	0.34851763711482253	0.6404603759618979	-1	0.14521271553833218	0.0704819471280467	0.21530210182482995	0.2378801293529686
CS17_02767_4-314	0.24152893114849058	0.43924832745518166	0.23548807452119586	0.06360369202207695	0.6173901912197955	-1	0.391349719830103	0.13040286272323304	-1	0.4913807720075551	0.027896902773421956	0.15936573077652444	0.26452007963276514	0.24695507296996916	0.09532960412432478	0.38138306138306144	0.2336291449900722	0.0	0.10936217213917047	0.8215473632995983	0.3260228406696973	0.19890989105219564	0.5007229045317985	0.7244593109159717	-1	0.34491593795549724	0.28764445507335784	0.02335554002102228	0.41593354311217895
ERS227112_01601_1-308	0.32447697474281	0.37039315532818234	0.3190967593178575	0.048866574683432376	0.5704092092077737	-1	0.31661303716261613	0.22550389454182468	-1	0.4289269868381097	0.08380311676628736	0.25129932043342795	0.1742098781793934	0.15448804949288417	0.19426632368729188	0.3054225642955699	0.1395258195459441	0.10936217213917047	0.0	0.7996350131129996	0.399730446786247	0.100543359053258	0.43941624771610505	0.6906254366650547	-1	0.2644776119402984	0.20017371523775618	0.08806340039035238	0.34421552889724455
t0542_1-325	0.8646488379024763	0.6817617397545278	0.8635708311094064	0.809426163708658	0.5335910564621298	-1	0.7068059565328896	0.8448180979858397	-1	0.6491429602361544	0.8164262235049664	0.8499865981563555	0.7573657257545551	0.7630252455132931	0.8385591825111895	0.7115296630910659	0.7671458465130567	0.8215473632995983	0.7996350131129996	0.0	0.8797269988416608	0.7772377480296303	0.6425779625779625	0.3523546838268191	-1	0.7275881874710018	0.749489369499077	0.8172798351774372	0.6944651852611419
CS17_03042_1-307	0.11140030647332255	0.6220661806485273	0.1184216532551806	0.3688902763416561	0.7421297279464075	-1	0.5897836131455	0.2249547170303117	-1	0.6572022575368804	0.3448247159550418	0.19825162498683294	0.5043033325264138	0.4924649192322047	0.25500252644176896	0.5830663129973475	0.48348354814687355	0.3260228406696973	0.399730446786247	0.8797269988416608	0.0	0.4600835640037561	0.6634986414776572	0.8142918690912324	-1	0.5584883047406902	0.5198886333971519	0.34176394118769104	0.6063525485266316
STMMW_23441_1-325	0.3923963288199867	0.300014235250838	0.3875570583262891	0.14449672417259118	0.5223885496692187	-1	0.24022245016939278	0.30337433455825596	-1	0.36509111483039874	0.17592062896073044	0.32657620168250806	0.0819011342765741	0.059974753627751905	0.2752774940061021	0.2277810801715378	0.04334001075544262	0.19890989105219564	0.100543359053258	0.7772377480296303	0.4600835640037561	0.0	0.37675288972924725	0.656042827134717	-1	0.18225920564051645	0.11076726953689524	0.17975256935871237	0.2709104127437475
t2752_1-307	0.6213127677471562	0.10962887867570904	0.6182967063961405	0.46681005551340476	0.23367241907740885	-1	0.17969791235644436	0.5658300670729929	-1	0.01836763537453626	0.4863949133660358	0.5802905637110689	0.32115468873860503	0.33698896633256153	0.5483187923911248	0.19291395967195613	0.34851763711482253	0.5007229045317985	0.43941624771610505	0.6425779625779625	0.6634986414776572	0.37675288972924725	0.0	0.4481207097520914	-1	0.23784270691921758	0.2991181173165196	0.4887831591458078	0.14517074284905324
NCTC13441_01429_1-325	0.7910103590383556	0.5086226175063158	0.789345857240613	0.7057435118694161	0.2798389305217302	-1	0.5472922660823968	0.7603906055692612	-1	0.45825742732612285	0.7165519893207323	0.768371054190515	0.6253593314329408	0.6340979413130818	0.7507264957264957	0.5545859288947642	0.6404603759618979	0.7244593109159717	0.6906254366650547	0.3523546838268191	0.8142918690912324	0.656042827134717	0.4481207097520914	0.0	-1	0.5793811740373106	0.613197804037023	0.7178700127066104	0.5282374362803886
b2483_4-314	-1	-1	-1	-1	-1	-1	-1	-1	-1	-1	-1	-1	-1	-1	-1	-1	-1	-1	-1	-1	-1	-1	-1	-1	-1	-1	-1	-1	-1
ERS227112_03906_1-325	0.5031376912735175	0.14400043439505325	0.4991804223758808	0.30042007164775436	0.4159378453108937	-1	0.07088217309040762	0.4303407749704644	-1	0.22358173941057943	0.3261166805110841	0.4493138882232735	0.10931074540089333	0.13008634872806402	0.4073648422583543	0.055667853242759545	0.14521271553833218	0.34491593795549724	0.2644776119402984	0.7275881874710018	0.5584883047406902	0.18225920564051645	0.23784270691921758	0.5793811740373106	-1	0.0	0.08039732867951097	0.32925021449606806	0.1084099114471467
BN373_36921_1-307	0.4596989284371903	0.21282051282051276	0.45539569072263003	0.23925848611586262	0.46289488233069714	-1	0.1455807644024511	0.38053765740856066	-1	0.2860036934999613	0.2672016507724323	0.40116951706330145	0.03144120566751356	0.05403314017911983	0.35555302716698234	0.13158963522822958	0.0704819471280467	0.28764445507335784	0.20017371523775618	0.749489369499077	0.5198886333971519	0.11076726953689524	0.2991181173165196	0.613197804037023	-1	0.08039732867951097	0.0	0.27060913759550165	0.18009137284392474
ENC_39290_1-325	0.25924343255183957	0.42583847497902305	0.25334366339326486	0.041210648962183245	0.6082404350213176	-1	0.37679441689251153	0.15071277346506698	-1	0.4792176182483102	0.004649965200741965	0.17899919809441614	0.24693176431567934	0.2289467069252201	0.11645866976103318	0.3665894151181134	0.21530210182482995	0.02335554002102228	0.08806340039035238	0.8172798351774372	0.34176394118769104	0.17975256935871237	0.4887831591458078	0.7178700127066104	-1	0.32925021449606806	0.27060913759550165	0.0	0.401966139345742
SEN2304_1-325	0.5570024901639803	0.03991803341564034	0.5534742284371089	0.3762614697306225	0.34492076326565935	-1	0.040390720390720385	0.4920974811109666	-1	0.12917576074714895	0.39917231150258675	0.5090137208361619	0.2058702886189076	0.22439361062911864	0.47161236722959193	0.0558511731126586	0.2378801293529686	0.41593354311217895	0.34421552889724455	0.6944651852611419	0.6063525485266316	0.2709104127437475	0.14517074284905324	0.5282374362803886	-1	0.1084099114471467	0.18009137284392474	0.401966139345742	0.0
