ENC_12910_1-332	0.0	5.72600072480755	0.286620647152518	0.497962230080793	0.25590165756853	0.568739166834355	0.004051915469440059	0.702511063641792	0.1435754703126999	0.13368289519704013	0.513697952413518	0.2646259325551401	0.7974250426282741
b1623_1-333	5.72600072480755	0.0	6.012621371960068	6.223962954888343	5.98190238237608	6.294739891641905	5.73005264027699	6.428511788449342	5.58242525449485	5.85968362000459	6.239698677221068	5.99062665736269	6.523425767435824
ETEC_1657_1-333	0.286620647152518	6.012621371960068	0.0	0.21134158292827498	0.030718989583988	0.282118519681837	0.28256873168307794	0.41589041648927405	0.4301961174652179	0.15293775195547787	0.227077305261	0.021994714597377896	0.510804395475756
STMMW_14661_1-333	0.497962230080793	6.223962954888343	0.21134158292827498	0.0	0.24206057251226298	0.070776936753562	0.49391031461135293	0.20454883356099907	0.6415377003934929	0.36427933488375286	0.015735722332725022	0.23333629752565288	0.299462812547481
STM_MW14661_1-333	0.25590165756853	5.98190238237608	0.030718989583988	0.24206057251226298	0.0	0.312837509265825	0.25184974209908995	0.44660940607326205	0.3994771278812299	0.12221876237148988	0.257796294844988	0.008724274986610103	0.5415233850597441
SEN1584_1-333	0.568739166834355	6.294739891641905	0.282118519681837	0.070776936753562	0.312837509265825	0.0	0.5646872513649149	0.13377189680743706	0.7123146371470549	0.43505627163731486	0.05504121442083698	0.3041132342792149	0.22868587579391902
CS17_01801_1-333	0.004051915469440059	5.73005264027699	0.28256873168307794	0.49391031461135293	0.25184974209908995	0.5646872513649149	0.0	0.698459148172352	0.14762738578213996	0.12963097972760007	0.509646036944078	0.26057401708570005	0.793373127158834
NCTC13441_02258_1-333	0.702511063641792	6.428511788449342	0.41589041648927405	0.20454883356099907	0.44660940607326205	0.13377189680743706	0.698459148172352	0.0	0.846086533954492	0.5688281684447519	0.18881311122827404	0.43788513108665195	0.09491397898648196
BN373_25401_1-333	0.1435754703126999	5.58242525449485	0.4301961174652179	0.6415377003934929	0.3994771278812299	0.7123146371470549	0.14762738578213996	0.846086533954492	0.0	0.27725836550974003	0.6572734227262179	0.40820140286784	0.941000512940974
ROD_14461_1-333	0.13368289519704013	5.85968362000459	0.15293775195547787	0.36427933488375286	0.12221876237148988	0.43505627163731486	0.12963097972760007	0.5688281684447519	0.27725836550974003	0.0	0.3800150572164779	0.13094303735809998	0.6637421474312339
SL1344_1395_1-333	0.513697952413518	6.239698677221068	0.227077305261	0.015735722332725022	0.257796294844988	0.05504121442083698	0.509646036944078	0.18881311122827404	0.6572734227262179	0.3800150572164779	0.0	0.2490720198583779	0.283727090214756
ERS227112_04715_1-333	0.2646259325551401	5.99062665736269	0.021994714597377896	0.23333629752565288	0.008724274986610103	0.3041132342792149	0.26057401708570005	0.43788513108665195	0.40820140286784	0.13094303735809998	0.2490720198583779	0.0	0.532799110073134
t1331_1-333	0.7974250426282741	6.523425767435824	0.510804395475756	0.299462812547481	0.5415233850597441	0.22868587579391902	0.793373127158834	0.09491397898648196	0.941000512940974	0.6637421474312339	0.283727090214756	0.532799110073134	0.0
