NCTC13441_01137_2-408	0.0	0.5636388681303433	1.4700515613864842	0.4200214755983924	0.19508911125610873	0.24725370775967304	-1	0.1408231595695445	0.8012151370418188	0.592042144676505	0.15041415185638474	0.3269977367081679	0.8446950755892371
SL1344_2630_1-406	0.5636388681303433	0.0	0.9064126932561409	0.14361739253195083	0.3685497568742345	0.3163851603706702	-1	0.42281570856079875	0.23757626891147554	0.028403276546161704	0.4132247162739585	0.23664113142217535	0.2810562074588938
t2627_1-406	1.4700515613864842	0.9064126932561409	0.0	1.0500300857880918	1.2749624501303756	1.2227978536268111	-1	1.3292284018169398	0.6688364243446654	0.8780094167099792	1.3196374095300993	1.1430538246783164	0.6253564857972471
ETEC_2811_2-408	0.4200214755983924	0.14361739253195083	1.0500300857880918	0.0	0.2249323643422837	0.1727677678387194	-1	0.2791983160288479	0.38119366144342637	0.17202066907811253	0.2696073237420077	0.09302373889022453	0.42467359999084464
STM_MW26861_1-406	0.19508911125610873	0.3685497568742345	1.2749624501303756	0.2249323643422837	0.0	0.05216459650356431	-1	0.05426595168656423	0.6061260257857101	0.39695303342039623	0.04467495939972399	0.13190862545205917	0.6496059643331283
ERS227112_01718_1-407	0.24725370775967304	0.3163851603706702	1.2227978536268111	0.1727677678387194	0.05216459650356431	0.0	-1	0.10643054819012854	0.5539614292821458	0.3447884369168319	0.0968395559032883	0.07974402894849486	0.597441367829564
b2604_2-408	-1	-1	-1	-1	-1	-1	-1	-1	-1	-1	-1	-1	-1
ROD_25541_1-407	0.1408231595695445	0.42281570856079875	1.3292284018169398	0.2791983160288479	0.05426595168656423	0.10643054819012854	-1	0.0	0.6603919774722743	0.45121898510696046	0.009590992286840239	0.1861745771386234	0.7038719160196926
ENC_28010_1-378	0.8012151370418188	0.23757626891147554	0.6688364243446654	0.38119366144342637	0.6061260257857101	0.5539614292821458	-1	0.6603919774722743	0.0	0.20917299236531384	0.650800985185434	0.4742174003336509	0.04347993854741827
SEN2593_1-406	0.592042144676505	0.028403276546161704	0.8780094167099792	0.17202066907811253	0.39695303342039623	0.3447884369168319	-1	0.45121898510696046	0.20917299236531384	0.0	0.4416279928201202	0.26504440796833706	0.2526529309127321
CS17_02945_2-408	0.15041415185638474	0.4132247162739585	1.3196374095300993	0.2696073237420077	0.04467495939972399	0.0968395559032883	-1	0.009590992286840239	0.650800985185434	0.4416279928201202	0.0	0.17658358485178316	0.6942809237328523
BN373_35791_1-407	0.3269977367081679	0.23664113142217535	1.1430538246783164	0.09302373889022453	0.13190862545205917	0.07974402894849486	-1	0.1861745771386234	0.4742174003336509	0.26504440796833706	0.17658358485178316	0.0	0.5176973388810692
STMMW_26861_1-406	0.8446950755892371	0.2810562074588938	0.6253564857972471	0.42467359999084464	0.6496059643331283	0.597441367829564	-1	0.7038719160196926	0.04347993854741827	0.2526529309127321	0.6942809237328523	0.5176973388810692	0.0
