CS17_04269_1-316	0.0	0.026752324463937154	0.12072508595524427	0.01337460137303192	0.1734329102376952	0.06903506492427276	0.3153557899493511	0.26706961973485466	0.20000350471322675	0.21740696567296935	-1	0.03326388060339217	0.02848278089734684	0.25985795074024026
SL1344_3906_1-316	0.026752324463937154	0.0	0.14424773374877004	0.0397691241614619	0.19554550121422865	0.09394054093196681	0.2965365063178309	0.24692306111961812	0.1780134539277098	0.1958952957211226	-1	0.05912631894049772	0.05447312476508294	0.2796584709914407
ERS227112_01785_1-316	0.12072508595524427	0.14424773374877004	0.0	0.1088057176833336	0.059944646936405215	0.055523059014856345	0.39800952105647597	0.3555527028915742	0.2965831503706166	0.3118855770100756	-1	0.09047060888388173	0.0949466496776017	0.15823590843160804
ENC_01930_1-316	0.01337460137303192	0.0397691241614619	0.1088057176833336	0.0	0.1622280442885492	0.05641499157501969	0.32451263334113284	0.2768722714050857	0.21070313893750994	0.22787383554440488	-1	0.020158896434289107	0.015312984589024503	0.24982465453476624
t3345_1-316	0.1734329102376952	0.19554550121422865	0.059944646936405215	0.1622280442885492	0.0	0.1121393957817868	0.434095627775823	0.3941838685858594	0.33874922507076843	0.3531343531480548	-1	0.14499202711262105	0.14919975322128853	0.10455901471639555
ETEC_4094_1-316	0.06903506492427276	0.09394054093196681	0.055523059014856345	0.05641499157501969	0.1121393957817868	0.0	0.3626202474402251	0.3176675161214309	0.2552313147045398	0.2714333266070195	-1	0.037002014927514364	0.041741189172521564	0.2049732257643468
Ecoli9000q_34310_1-316	0.3153557899493511	0.2965365063178309	0.39800952105647597	0.32451263334113284	0.434095627775823	0.3626202474402251	0.0	0.06588097794094493	0.14419098823023496	0.12515933567005247	-1	0.3381297132082796	0.33485636097686083	0.4932660313592833
STMMW_39231_1-316	0.26706961973485466	0.24692306111961812	0.3555527028915742	0.2768722714050857	0.3941838685858594	0.3176675161214309	0.06588097794094493	0.0	0.08383301104036318	0.0634591056698982	-1	0.29144972839459327	0.2879455151689559	0.45752740638582035
STM_MW39231_1-316	0.20000350471322675	0.1780134539277098	0.2965831503706166	0.21070313893750994	0.33874922507076843	0.2552313147045398	0.14419098823023496	0.08383301104036318	0.0	0.021754421503439245	-1	0.22661449261557817	0.22278962960712526	0.4078889545778219
NCTC13441_04703_1-316	0.21740696567296935	0.1958952957211226	0.3118855770100756	0.22787383554440488	0.3531343531480548	0.2714333266070195	0.12515933567005247	0.0634591056698982	0.021754421503439245	0.0	-1	0.2434390469278701	0.239697391601496	0.42076998783677805
b3816_1-316	-1	-1	-1	-1	-1	-1	-1	-1	-1	-1	-1	-1	-1	-1
SEN3749_1-316	0.03326388060339217	0.05912631894049772	0.09047060888388173	0.020158896434289107	0.14499202711262105	0.037002014927514364	0.3381297132082796	0.29144972839459327	0.22661449261557817	0.2434390469278701	-1	0.0	0.004921271195235659	0.23439081833238803
BN373_49381_1-316	0.02848278089734684	0.05447312476508294	0.0949466496776017	0.015312984589024503	0.14919975322128853	0.041741189172521564	0.33485636097686083	0.2879455151689559	0.22278962960712526	0.239697391601496	-1	0.004921271195235659	0.0	0.23815858874493678
ROD_39371_1-316	0.25985795074024026	0.2796584709914407	0.15823590843160804	0.24982465453476624	0.10455901471639555	0.2049732257643468	0.4932660313592833	0.45752740638582035	0.4078889545778219	0.42076998783677805	-1	0.23439081833238803	0.23815858874493678	0.0
