ERS227112_01942_1-548	0.0	0.8516519879238129	0.7477945930105759	0.59521445821735	1.110641147412524	0.691886394795645	0.757046143181273	0.7401389915758049	0.853984760762922	0.7201410018126209	1.221036349197805	0.23330309403666982	0.1733487537776599	-1	1.0853799760956728
ROD_34511_1-548	0.8516519879238129	0.0	0.10385739491323698	0.25643752970646294	0.25898915948871104	0.15976559312816796	0.09460584474253997	0.11151299634800804	0.002332772839109043	0.13151098611119205	0.369384361273992	0.6183488938871431	0.678303234146153	-1	0.23372798817186002
SL1344_4205_1-548	0.7477945930105759	0.10385739491323698	0.0	0.15258013479322596	0.362846554401948	0.05590819821493098	0.00925155017069701	0.007655601434771064	0.10619016775234602	0.027653591197955074	0.47324175618722897	0.5144914989739061	0.574445839232916	-1	0.337585383085097
CS17_04546_1-548	0.59521445821735	0.25643752970646294	0.15258013479322596	0.0	0.515426689195174	0.09667193657829498	0.16183168496392297	0.1449245333584549	0.258770302545572	0.12492654359527089	0.6258218909804549	0.36191136418068015	0.42186570443969007	-1	0.49016551787832296
STM_MW42201_1-548	1.110641147412524	0.25898915948871104	0.362846554401948	0.515426689195174	0.0	0.418754752616879	0.353595004231251	0.3705021558367191	0.256656386649602	0.3905001455999031	0.11039520178528095	0.8773380533758541	0.937292393634864	-1	0.025261171316851017
BN373_30211_1-544	0.691886394795645	0.15976559312816796	0.05590819821493098	0.09667193657829498	0.418754752616879	0.0	0.06515974838562799	0.04825259678015992	0.162098365967277	0.028254607016975908	0.52914995440216	0.45858330075897513	0.518537641017985	-1	0.393493581300028
NCTC13441_04407_1-548	0.757046143181273	0.09460584474253997	0.00925155017069701	0.16183168496392297	0.353595004231251	0.06515974838562799	0.0	0.016907151605468074	0.09693861758164901	0.036905141368652084	0.46399020601653196	0.5237430491446031	0.583697389403613	-1	0.3283338329144
BN373_00751_1-548	0.7401389915758049	0.11151299634800804	0.007655601434771064	0.1449245333584549	0.3705021558367191	0.04825259678015992	0.016907151605468074	0.0	0.11384576918711709	0.01999798976318401	0.48089735762200003	0.506835897539135	0.566790237798145	-1	0.34524098451986807
STMMW_42201_1-548	0.853984760762922	0.002332772839109043	0.10619016775234602	0.258770302545572	0.256656386649602	0.162098365967277	0.09693861758164901	0.11384576918711709	0.0	0.1338437589503011	0.36705158843488295	0.6206816667262521	0.680636006985262	-1	0.23139521533275098
ETEC_4375_1-548	0.7201410018126209	0.13151098611119205	0.027653591197955074	0.12492654359527089	0.3905001455999031	0.028254607016975908	0.036905141368652084	0.01999798976318401	0.1338437589503011	0.0	0.500895347385184	0.48683790777595104	0.546792248034961	-1	0.3652389742830521
t4175_16-563	1.221036349197805	0.369384361273992	0.47324175618722897	0.6258218909804549	0.11039520178528095	0.52914995440216	0.46399020601653196	0.48089735762200003	0.36705158843488295	0.500895347385184	0.0	0.9877332551611351	1.047687595420145	-1	0.13565637310213197
ERS227112_04173_1-545	0.23330309403666982	0.6183488938871431	0.5144914989739061	0.36191136418068015	0.8773380533758541	0.45858330075897513	0.5237430491446031	0.506835897539135	0.6206816667262521	0.48683790777595104	0.9877332551611351	0.0	0.05995434025900992	-1	0.8520768820590031
ENC_04990_1-516	0.1733487537776599	0.678303234146153	0.574445839232916	0.42186570443969007	0.937292393634864	0.518537641017985	0.583697389403613	0.566790237798145	0.680636006985262	0.546792248034961	1.047687595420145	0.05995434025900992	0.0	-1	0.912031222318013
b4065_1-548	-1	-1	-1	-1	-1	-1	-1	-1	-1	-1	-1	-1	-1	-1	-1
SEN4039_1-548	1.0853799760956728	0.23372798817186002	0.337585383085097	0.49016551787832296	0.025261171316851017	0.393493581300028	0.3283338329144	0.34524098451986807	0.23139521533275098	0.3652389742830521	0.13565637310213197	0.8520768820590031	0.912031222318013	-1	0.0
