ENC_25650_1-72	0.0	0.41657771933848353	0.22955654172516216	0.012845097332355527	0.2252489863359488	0.03124073434194317	0.1967198691869889	0.030090041899611005	-1	0.20161766421799196	0.38848013660462966	0.13198788766244288
t4042_1-72	0.41657771933848353	0.0	0.2427448446795766	0.4089860881155516	0.5479929966632975	0.3977634058909253	0.2737000975350572	0.3984778939643279	-1	0.2692445028984017	0.04594713011912053	0.32786389455976606
ETEC_3605_1-72	0.22955654172516216	0.2427448446795766	0.0	0.21953134589837425	0.40309814973073227	0.20471113352243134	0.04087823323220857	0.20565465707375044	-1	0.03499435828550031	0.20627548092280013	0.1124047149526138
BN373_43771_1-72	0.012845097332355527	0.4089860881155516	0.21953134589837425	0.0	0.23520073851480464	0.018635005468621058	0.18626739466900097	0.017469339939105294	-1	0.19122892098849498	0.38052289286835767	0.12069310501130172
STMMW_34541_1-72	0.2252489863359488	0.5479929966632975	0.40309814973073227	0.23520073851480464	0.0	0.2494527769349786	0.377657904396428	0.2485612767988662	-1	0.38145247606141636	0.5262243659587347	0.3275067360938033
SL1344_3430_1-72	0.03124073434194317	0.3977634058909253	0.20471113352243134	0.018635005468621058	0.2494527769349786	0.0	0.17081553767915642	0.0011863909971455973	-1	0.1758712777423765	0.36875972692764036	0.10399606681652163
SEN3290_1-72	0.1967198691869889	0.2737000975350572	0.04087823323220857	0.18626739466900097	0.377657904396428	0.17081553767915642	0.0	0.17179927466022687	-1	0.006097244090982246	0.23872153693576048	0.07457497493925834
CS17_03776_1-72	0.030090041899611005	0.3984778939643279	0.20565465707375044	0.017469339939105294	0.2485612767988662	0.0011863909971455973	0.17179927466022687	0.0	-1	0.17684901663895203	0.3695086247046492	0.10505907781625755
b3354_1-72	-1	-1	-1	-1	-1	-1	-1	-1	-1	-1	-1	-1
ERS227112_00846_1-72	0.20161766421799196	0.2692445028984017	0.03499435828550031	0.19122892098849498	0.38145247606141636	0.1758712777423765	0.006097244090982246	0.17684901663895203	-1	0.0	0.23405136112337407	0.08021751720495704
ROD_44551_1-72	0.38848013660462966	0.04594713011912053	0.20627548092280013	0.38052289286835767	0.5262243659587347	0.36875972692764036	0.23872153693576048	0.3695086247046492	-1	0.23405136112337407	0.0	0.29549385924057325
NCTC13441_00340_1-72	0.13198788766244288	0.32786389455976606	0.1124047149526138	0.12069310501130172	0.3275067360938033	0.10399606681652163	0.07457497493925834	0.10505907781625755	-1	0.08021751720495704	0.29549385924057325	0.0
