SL1344_3165_1-598	0.0	0.25904377802869094	0.31717136003371005	1.14801101637599	0.67727466942859	0.1230485864292401	0.13693929329520005	0.13693929329520005	0.42591565961689004	0.43590613554246394	0.3302168461298739	0.5470825685478802	0.9078104138149701	0.9078104138149701	0.05943725169284986	0.05943725169284986	1.2701143000284303	1.2701143000284303	0.30418085200584	0.16855032062759	1.1782118966854702	1.1782118966854702	0.05157944344638987	0.12094979732416	1.2375012251115403
SL1344_4047_13-595	0.25904377802869094	0.0	0.576215138062401	1.407054794404681	0.936318447457281	0.38209236445793104	0.395983071323891	0.395983071323891	0.684959437645581	0.176862357513773	0.07117306810118296	0.8061263465765711	1.166854191843661	1.166854191843661	0.19960652633584108	0.19960652633584108	1.5291580780571212	1.5291580780571212	0.5632246300345309	0.42759409865628095	1.4372556747141612	1.4372556747141612	0.20746433458230107	0.37999357535285094	1.4965450031402312
STM_MW39511_1-603	0.31717136003371005	0.576215138062401	0.0	0.83083965634228	0.36010330939488	0.19412277360446994	0.18023206673851	0.18023206673851	0.10874429958317999	0.753077495576174	0.647388206163584	0.22991120851417013	0.59063905378126	0.59063905378126	0.3766086117265599	0.3766086117265599	0.9529429399947202	0.9529429399947202	0.012990508027870051	0.14862103940612004	0.8610405366517602	0.8610405366517602	0.3687508034800999	0.19622156270955005	0.9203298650778302
STM_MW40631_13-595	1.14801101637599	1.407054794404681	0.83083965634228	0.0	0.47073634694739996	1.02496242994675	1.01107172308079	1.01107172308079	0.7220953567591	1.5839171519184538	1.478227862505864	0.6009284478281098	0.24020060256101994	0.24020060256101994	1.2074482680688399	1.2074482680688399	0.12210328365244028	0.12210328365244028	0.84383016437015	0.9794606957484	0.030200880309480205	0.030200880309480205	1.1995904598223799	1.02706121905183	0.08949020873555025
SEN3034_1-598	0.67727466942859	0.936318447457281	0.36010330939488	0.47073634694739996	0.0	0.55422608299935	0.54033537613339	0.54033537613339	0.2513590098117	1.113180804971054	1.0074915155584638	0.13019210088070987	0.23053574438638003	0.23053574438638003	0.7367119211214399	0.7367119211214399	0.5928396305998402	0.5928396305998402	0.37309381742275005	0.508724348801	0.5009372272568802	0.5009372272568802	0.7288541128749799	0.55632487210443	0.5602265556829502
STMMW_40631_13-595	0.1230485864292401	0.38209236445793104	0.19412277360446994	1.02496242994675	0.55422608299935	0.0	0.013890706865959945	0.013890706865959945	0.30286707318764994	0.558954721971704	0.453265432559114	0.4240339821186401	0.78476182738573	0.78476182738573	0.18248583812208996	0.18248583812208996	1.1470657135991902	1.1470657135991902	0.1811322655765999	0.04550173419834991	1.0551633102562301	1.0551633102562301	0.17462802987562998	0.002098789105080101	1.1144526386823002
SL1344_0033_19-147	0.13693929329520005	0.395983071323891	0.18023206673851	1.01107172308079	0.54033537613339	0.013890706865959945	0.0	0.0	0.28897636632169	0.572845428837664	0.46715613942507395	0.41014327525268013	0.77087112051977	0.77087112051977	0.1963765449880499	0.1963765449880499	1.1331750067332302	1.1331750067332302	0.16724155871063995	0.03161102733238996	1.0412726033902702	1.0412726033902702	0.18851873674158992	0.015989495971040046	1.1005619318163402
SL1344_0033_158-560	0.13693929329520005	0.395983071323891	0.18023206673851	1.01107172308079	0.54033537613339	0.013890706865959945	0.0	0.0	0.28897636632169	0.572845428837664	0.46715613942507395	0.41014327525268013	0.77087112051977	0.77087112051977	0.1963765449880499	0.1963765449880499	1.1331750067332302	1.1331750067332302	0.16724155871063995	0.03161102733238996	1.0412726033902702	1.0412726033902702	0.18851873674158992	0.015989495971040046	1.1005619318163402
SEN3888_13-595	0.42591565961689004	0.684959437645581	0.10874429958317999	0.7220953567591	0.2513590098117	0.30286707318764994	0.28897636632169	0.28897636632169	0.0	0.861821795159354	0.7561325057467639	0.12116690893099014	0.48189475419808003	0.48189475419808003	0.4853529113097399	0.4853529113097399	0.8441986404115402	0.8441986404115402	0.12173480761105004	0.25736533898930003	0.7522962370685802	0.7522962370685802	0.4774951030632799	0.30496586229273004	0.8115855654946502
SL1344_3934_1-603	0.43590613554246394	0.176862357513773	0.753077495576174	1.5839171519184538	1.113180804971054	0.558954721971704	0.572845428837664	0.572845428837664	0.861821795159354	0.0	0.10568928941259004	0.9829887040903441	1.343716549357434	1.343716549357434	0.3764688838496141	0.3764688838496141	1.7060204355708941	1.7060204355708941	0.7400869875483039	0.604456456170054	1.614118032227934	1.614118032227934	0.38432669209607406	0.5568559328666239	1.673407360654004
STMMW_39511_1-603	0.3302168461298739	0.07117306810118296	0.647388206163584	1.478227862505864	1.0074915155584638	0.453265432559114	0.46715613942507395	0.46715613942507395	0.7561325057467639	0.10568928941259004	0.0	0.8772994146777541	1.238027259944844	1.238027259944844	0.27077959443702404	0.27077959443702404	1.6003311461583043	1.6003311461583043	0.6343976981357139	0.4987671667574639	1.5084287428153442	1.5084287428153442	0.278637402683484	0.4511666434540339	1.5677180712414143
ROD_35871_1-598	0.5470825685478802	0.8061263465765711	0.22991120851417013	0.6009284478281098	0.13019210088070987	0.4240339821186401	0.41014327525268013	0.41014327525268013	0.12116690893099014	0.9829887040903441	0.8772994146777541	0.0	0.3607278452670899	0.3607278452670899	0.60651982024073	0.60651982024073	0.7230317314805501	0.7230317314805501	0.24290171654204018	0.37853224792029017	0.63112932813759	0.63112932813759	0.59866201199427	0.4261327712237202	0.6904186565636601
SEN0032_19-147	0.9078104138149701	1.166854191843661	0.59063905378126	0.24020060256101994	0.23053574438638003	0.78476182738573	0.77087112051977	0.77087112051977	0.48189475419808003	1.343716549357434	1.238027259944844	0.3607278452670899	0.0	0.0	0.9672476655078199	0.9672476655078199	0.3623038862134602	0.3623038862134602	0.6036295618091301	0.7392600931873801	0.27040148287050014	0.27040148287050014	0.95938985726136	0.7868606164908101	0.3296908112965702
SEN0032_158-560	0.9078104138149701	1.166854191843661	0.59063905378126	0.24020060256101994	0.23053574438638003	0.78476182738573	0.77087112051977	0.77087112051977	0.48189475419808003	1.343716549357434	1.238027259944844	0.3607278452670899	0.0	0.0	0.9672476655078199	0.9672476655078199	0.3623038862134602	0.3623038862134602	0.6036295618091301	0.7392600931873801	0.27040148287050014	0.27040148287050014	0.95938985726136	0.7868606164908101	0.3296908112965702
STMMW_00331_19-147	0.05943725169284986	0.19960652633584108	0.3766086117265599	1.2074482680688399	0.7367119211214399	0.18248583812208996	0.1963765449880499	0.1963765449880499	0.4853529113097399	0.3764688838496141	0.27077959443702404	0.60651982024073	0.9672476655078199	0.9672476655078199	0.0	0.0	1.3295515517212801	1.3295515517212801	0.36361810369868985	0.22798757232043987	1.23764914837832	1.23764914837832	0.007857808246459985	0.18038704901700986	1.2969384768043901
STMMW_00331_158-560	0.05943725169284986	0.19960652633584108	0.3766086117265599	1.2074482680688399	0.7367119211214399	0.18248583812208996	0.1963765449880499	0.1963765449880499	0.4853529113097399	0.3764688838496141	0.27077959443702404	0.60651982024073	0.9672476655078199	0.9672476655078199	0.0	0.0	1.3295515517212801	1.3295515517212801	0.36361810369868985	0.22798757232043987	1.23764914837832	1.23764914837832	0.007857808246459985	0.18038704901700986	1.2969384768043901
STM_MW00331_19-147	1.2701143000284303	1.5291580780571212	0.9529429399947202	0.12210328365244028	0.5928396305998402	1.1470657135991902	1.1331750067332302	1.1331750067332302	0.8441986404115402	1.7060204355708941	1.6003311461583043	0.7230317314805501	0.3623038862134602	0.3623038862134602	1.3295515517212801	1.3295515517212801	0.0	0.0	0.9659334480225903	1.1015639794008403	0.09190240334296007	0.09190240334296007	1.3216937434748202	1.1491645027042703	0.03261307491689003
STM_MW00331_158-560	1.2701143000284303	1.5291580780571212	0.9529429399947202	0.12210328365244028	0.5928396305998402	1.1470657135991902	1.1331750067332302	1.1331750067332302	0.8441986404115402	1.7060204355708941	1.6003311461583043	0.7230317314805501	0.3623038862134602	0.3623038862134602	1.3295515517212801	1.3295515517212801	0.0	0.0	0.9659334480225903	1.1015639794008403	0.09190240334296007	0.09190240334296007	1.3216937434748202	1.1491645027042703	0.03261307491689003
t3317_1-603	0.30418085200584	0.5632246300345309	0.012990508027870051	0.84383016437015	0.37309381742275005	0.1811322655765999	0.16724155871063995	0.16724155871063995	0.12173480761105004	0.7400869875483039	0.6343976981357139	0.24290171654204018	0.6036295618091301	0.6036295618091301	0.36361810369868985	0.36361810369868985	0.9659334480225903	0.9659334480225903	0.0	0.13563053137824999	0.8740310446796302	0.8740310446796302	0.35576029545222987	0.18323105468168	0.9333203731057003
NCTC13441_00657_1-598	0.16855032062759	0.42759409865628095	0.14862103940612004	0.9794606957484	0.508724348801	0.04550173419834991	0.03161102733238996	0.03161102733238996	0.25736533898930003	0.604456456170054	0.4987671667574639	0.37853224792029017	0.7392600931873801	0.7392600931873801	0.22798757232043987	0.22798757232043987	1.1015639794008403	1.1015639794008403	0.13563053137824999	0.0	1.0096615760578802	1.0096615760578802	0.22012976407397988	0.04760052330343001	1.0689509044839502
t0034_17-147	1.1782118966854702	1.4372556747141612	0.8610405366517602	0.030200880309480205	0.5009372272568802	1.0551633102562301	1.0412726033902702	1.0412726033902702	0.7522962370685802	1.614118032227934	1.5084287428153442	0.63112932813759	0.27040148287050014	0.27040148287050014	1.23764914837832	1.23764914837832	0.09190240334296007	0.09190240334296007	0.8740310446796302	1.0096615760578802	0.0	0.0	1.22979134013186	1.0572620993613102	0.05928932842607004
t0034_158-560	1.1782118966854702	1.4372556747141612	0.8610405366517602	0.030200880309480205	0.5009372272568802	1.0551633102562301	1.0412726033902702	1.0412726033902702	0.7522962370685802	1.614118032227934	1.5084287428153442	0.63112932813759	0.27040148287050014	0.27040148287050014	1.23764914837832	1.23764914837832	0.09190240334296007	0.09190240334296007	0.8740310446796302	1.0096615760578802	0.0	0.0	1.22979134013186	1.0572620993613102	0.05928932842607004
STMMW_31521_1-598	0.05157944344638987	0.20746433458230107	0.3687508034800999	1.1995904598223799	0.7288541128749799	0.17462802987562998	0.18851873674158992	0.18851873674158992	0.4774951030632799	0.38432669209607406	0.278637402683484	0.59866201199427	0.95938985726136	0.95938985726136	0.007857808246459985	0.007857808246459985	1.3216937434748202	1.3216937434748202	0.35576029545222987	0.22012976407397988	1.22979134013186	1.22979134013186	0.0	0.17252924077054987	1.2890806685579301
SEN3775_1-603	0.12094979732416	0.37999357535285094	0.19622156270955005	1.02706121905183	0.55632487210443	0.002098789105080101	0.015989495971040046	0.015989495971040046	0.30496586229273004	0.5568559328666239	0.4511666434540339	0.4261327712237202	0.7868606164908101	0.7868606164908101	0.18038704901700986	0.18038704901700986	1.1491645027042703	1.1491645027042703	0.18323105468168	0.04760052330343001	1.0572620993613102	1.0572620993613102	0.17252924077054987	0.0	1.1165514277873803
t3112_1-598	1.2375012251115403	1.4965450031402312	0.9203298650778302	0.08949020873555025	0.5602265556829502	1.1144526386823002	1.1005619318163402	1.1005619318163402	0.8115855654946502	1.673407360654004	1.5677180712414143	0.6904186565636601	0.3296908112965702	0.3296908112965702	1.2969384768043901	1.2969384768043901	0.03261307491689003	0.03261307491689003	0.9333203731057003	1.0689509044839502	0.05928932842607004	0.05928932842607004	1.2890806685579301	1.1165514277873803	0.0
