BN373_19351_1-321	0.0	0.21604814677766893	0.007198280676987023	0.1907403231448891	0.32454730463871106	0.228247015979699	0.29319759642839904	6.173316550769729	0.28766968803256887	0.013865860735676083	0.18671586551131403	0.334021558817278	0.48825781394272505
SL1344_1611_1-321	0.21604814677766893	0.0	0.22324642745465595	0.406788469922558	0.54059545141638	0.01219886920203006	0.07714944965073012	5.95726840399206	0.07162154125489995	0.229914007513345	0.40276401228898295	0.550069705594947	0.704305960720394
STMMW_16761_1-321	0.007198280676987023	0.22324642745465595	0.0	0.18354204246790207	0.31734902396172404	0.235445296656686	0.30039587710538607	6.180514831446716	0.2948679687095559	0.00666758005868906	0.179517584834327	0.326823278140291	0.481059533265738
t1585_1-321	0.1907403231448891	0.406788469922558	0.18354204246790207	0.0	0.13380698149382197	0.4189873391245881	0.48393791957328813	6.364056873914618	0.47841001117745796	0.176874462409213	0.004024457633575063	0.14328123567238893	0.29751749079783596
ERS227112_05351_1-321	0.32454730463871106	0.54059545141638	0.31734902396172404	0.13380698149382197	0.0	0.55279432061841	0.6177449010671101	6.49786385540844	0.6122169926712799	0.310681443903035	0.13783143912739704	0.009474254178566954	0.16371050930401398
CS17_01511_1-321	0.228247015979699	0.01219886920203006	0.235445296656686	0.4189873391245881	0.55279432061841	0.0	0.06495058044870006	5.94506953479003	0.059422672052869885	0.24211287671537507	0.414962881491013	0.562268574796977	0.716504829922424
ENC_08860_1-321	0.29319759642839904	0.07714944965073012	0.30039587710538607	0.48393791957328813	0.6177449010671101	0.06495058044870006	0.0	5.88011895434133	0.005527908395830172	0.3070634571640751	0.47991346193971307	0.6272191552456771	0.7814554103711241
b1325_1-321	6.173316550769729	5.95726840399206	6.180514831446716	6.364056873914618	6.49786385540844	5.94506953479003	5.88011895434133	0.0	5.88564686273716	6.187182411505405	6.360032416281043	6.507338109587007	6.661574364712454
ROD_16771_1-321	0.28766968803256887	0.07162154125489995	0.2948679687095559	0.47841001117745796	0.6122169926712799	0.059422672052869885	0.005527908395830172	5.88564686273716	0.0	0.30153554876824495	0.4743855535438829	0.6216912468498469	0.7759275019752939
ETEC_1429_1-321	0.013865860735676083	0.229914007513345	0.00666758005868906	0.176874462409213	0.310681443903035	0.24211287671537507	0.3070634571640751	6.187182411505405	0.30153554876824495	0.0	0.17285000477563794	0.32015569808160194	0.47439195320704897
SEN1352_1-321	0.18671586551131403	0.40276401228898295	0.179517584834327	0.004024457633575063	0.13783143912739704	0.414962881491013	0.47991346193971307	6.360032416281043	0.4743855535438829	0.17285000477563794	0.0	0.147305693305964	0.301541948431411
NCTC13441_02440_1-321	0.334021558817278	0.550069705594947	0.326823278140291	0.14328123567238893	0.009474254178566954	0.562268574796977	0.6272191552456771	6.507338109587007	0.6216912468498469	0.32015569808160194	0.147305693305964	0.0	0.15423625512544703
STM_MW16761_1-321	0.48825781394272505	0.704305960720394	0.481059533265738	0.29751749079783596	0.16371050930401398	0.716504829922424	0.7814554103711241	6.661574364712454	0.7759275019752939	0.47439195320704897	0.301541948431411	0.15423625512544703	0.0
