SL1344_2884_1-96	0.0	0.3767410547438376	0.08616366876998316	0.047782652298008155	0.3113508569887579	0.1500471247355934	0.17570420253797653	0.017937786027840963	0.34883158448726775	0.49487019305227004
CS17_03879_1-89	0.3767410547438376	0.0	0.4629047235138208	0.4245237070418458	0.0653901977550797	0.526788179479431	0.5524452572818142	0.35880326871599666	0.027909470256569868	0.11812913830843241
STM_MW28671_1-97	0.08616366876998316	0.4629047235138208	0.0	0.038381016471975005	0.3975145257587411	0.06388345596561024	0.08954053376799337	0.10410145479782412	0.4349952532572509	0.5810338618222533
t2804_1-96	0.047782652298008155	0.4245237070418458	0.038381016471975005	0.0	0.3591335092867661	0.10226447243758524	0.12792155023996837	0.06572043832584912	0.3966142367852759	0.5426528453502781
ERS227112_02213_1-89	0.3113508569887579	0.0653901977550797	0.3975145257587411	0.3591335092867661	0.0	0.4613979817243513	0.48705505952673445	0.29341307096091696	0.037480727498509836	0.18351933606351212
SEN2743_1-96	0.1500471247355934	0.526788179479431	0.06388345596561024	0.10226447243758524	0.4613979817243513	0.0	0.025657077802383133	0.16798491076343436	0.49887870922286115	0.6449173177878634
ENC_16370_1-89	0.17570420253797653	0.5524452572818142	0.08954053376799337	0.12792155023996837	0.48705505952673445	0.025657077802383133	0.0	0.1936419885658175	0.5245357870252443	0.6705743955902466
STMMW_28671_1-96	0.017937786027840963	0.35880326871599666	0.10410145479782412	0.06572043832584912	0.29341307096091696	0.16798491076343436	0.1936419885658175	0.0	0.3308937984594268	0.4769324070244291
NCTC13441_00241_1-89	0.34883158448726775	0.027909470256569868	0.4349952532572509	0.3966142367852759	0.037480727498509836	0.49887870922286115	0.5245357870252443	0.3308937984594268	0.0	0.14603860856500228
BN373_03671_1-88	0.49487019305227004	0.11812913830843241	0.5810338618222533	0.5426528453502781	0.18351933606351212	0.6449173177878634	0.6705743955902466	0.4769324070244291	0.14603860856500228	0.0
