ROD_06541_1-155	0.0	0.291891020080992	0.470096758044964	0.6394723943171821	0.840593147128429	0.037774964174369874	0.409494924456586	5.90621988501622	0.20847310102295402	0.534968787891568	0.28100434550101105	0.523844039648604
SL1344_0629_1-155	0.291891020080992	0.0	0.178205737963972	0.34758137423619	0.548702127047437	0.32966598425536187	0.11760390437559398	6.198110905097212	0.08341791905803797	0.243077767810576	0.010886674579980937	0.23195301956761205
NCTC13441_03359_1-155	0.470096758044964	0.178205737963972	0.0	0.16937563627221802	0.37049638908346505	0.5078717222193339	0.06060183358837801	6.376316643061184	0.26162365702200996	0.064872029846604	0.18909241254395293	0.05374728160364006
t2226_1-155	0.6394723943171821	0.34758137423619	0.16937563627221802	0.0	0.20112075281124703	0.6772473584915519	0.22997746986059603	6.545692279333402	0.430999293294228	0.10450360642561402	0.35846804881617095	0.11562835466857796
STM_MW07061_1-155	0.840593147128429	0.548702127047437	0.37049638908346505	0.20112075281124703	0.0	0.8783681113027989	0.43109822267184306	6.746813032144649	0.632120046105475	0.30562435923686104	0.559588801627418	0.316749107479825
ERS227112_03110_1-155	0.037774964174369874	0.32966598425536187	0.5078717222193339	0.6772473584915519	0.8783681113027989	0.0	0.44726988863095585	5.86844492084185	0.2462480651973239	0.5727437520659379	0.31877930967538093	0.5616190038229739
ETEC_0664_1-155	0.409494924456586	0.11760390437559398	0.06060183358837801	0.22997746986059603	0.43109822267184306	0.44726988863095585	0.0	6.315714809472806	0.20102182343363195	0.125473863434982	0.12849057895557492	0.11434911519201807
b0636_1-155	5.90621988501622	6.198110905097212	6.376316643061184	6.545692279333402	6.746813032144649	5.86844492084185	6.315714809472806	0.0	6.114692986039174	6.441188672907788	6.187224230517231	6.430063924664824
BN373_12481_1-155	0.20847310102295402	0.08341791905803797	0.26162365702200996	0.430999293294228	0.632120046105475	0.2462480651973239	0.20102182343363195	6.114692986039174	0.0	0.32649568686861397	0.07253124447805703	0.31537093862565
SEN0610_1-155	0.534968787891568	0.243077767810576	0.064872029846604	0.10450360642561402	0.30562435923686104	0.5727437520659379	0.125473863434982	6.441188672907788	0.32649568686861397	0.0	0.25396444239055693	0.011124748242963944
CS17_00642_1-155	0.28100434550101105	0.010886674579980937	0.18909241254395293	0.35846804881617095	0.559588801627418	0.31877930967538093	0.12849057895557492	6.187224230517231	0.07253124447805703	0.25396444239055693	0.0	0.242839694147593
STMMW_07061_1-155	0.523844039648604	0.23195301956761205	0.05374728160364006	0.11562835466857796	0.316749107479825	0.5616190038229739	0.11434911519201807	6.430063924664824	0.31537093862565	0.011124748242963944	0.242839694147593	0.0
