CS17_01066_1-198	0.0	0.2821838264163776	0.556757227254641	0.7720981726932639	0.6642085657935767	0.7715431031567525	0.5657431682804667	0.5581297402697287	-1	0.7321289519604858	0.4647043970146606	1.0764498249619077	0.08993478754700024	0.4545301576429176
ETEC_1073_1-198	0.2821838264163776	0.0	0.2745734008382634	0.48991434627688624	0.38202473937719905	0.4893592767403748	0.28355934186408904	0.2759459138533511	-1	0.44994512554410815	0.18252057059828297	0.79426599854553	0.1922490388693774	0.17234633122653997
ENC_16400_1-198	0.556757227254641	0.2745734008382634	0.0	0.2153409454386228	0.10745133853893563	0.2147858759021114	0.008985941025825617	0.001372513015087673	-1	0.17537172470584472	0.09205283023998045	0.5196925977072666	0.4668224397076408	0.10222706961172345
ROD_10641_1-198	0.7720981726932639	0.48991434627688624	0.2153409454386228	0.0	0.10788960689968718	0.00055506953651141	0.2063550044127972	0.21396843242353514	-1	0.03996922073277809	0.30739377567860326	0.30435165226864386	0.6821633851462636	0.31756801505034626
STM_MW11291_1-198	0.6642085657935767	0.38202473937719905	0.10745133853893563	0.10788960689968718	0.0	0.10733453736317577	0.09846539751311001	0.10607882552384795	-1	0.0679203861669091	0.19950416877891608	0.41224125916833104	0.5742737782465764	0.20967840815065908
ERS227112_03508_1-198	0.7715431031567525	0.4893592767403748	0.2147858759021114	0.00055506953651141	0.10733453736317577	0.0	0.20579993487628578	0.21341336288702373	-1	0.03941415119626668	0.30683870614209185	0.30490672180515527	0.6816083156097522	0.31701294551383485
STMMW_11291_1-198	0.5657431682804667	0.28355934186408904	0.008985941025825617	0.2063550044127972	0.09846539751311001	0.20579993487628578	0.0	0.007613428010737944	-1	0.1663857836800191	0.10103877126580607	0.5107066566814411	0.47580838073346643	0.11121301063754907
BN373_16421_1-198	0.5581297402697287	0.2759459138533511	0.001372513015087673	0.21396843242353514	0.10607882552384795	0.21341336288702373	0.007613428010737944	0.0	-1	0.17399921169075705	0.09342534325506813	0.5183200846921789	0.4681949527227285	0.10359958262681113
b1004_1-198	-1	-1	-1	-1	-1	-1	-1	-1	-1	-1	-1	-1	-1	-1
SEN0983_1-198	0.7321289519604858	0.44994512554410815	0.17537172470584472	0.03996922073277809	0.0679203861669091	0.03941415119626668	0.1663857836800191	0.17399921169075705	-1	0.0	0.2674245549458252	0.34432087300142195	0.6421941644134855	0.2775987943175682
t1801_1-198	0.4647043970146606	0.18252057059828297	0.09205283023998045	0.30739377567860326	0.19950416877891608	0.30683870614209185	0.10103877126580607	0.09342534325506813	-1	0.2674245549458252	0.0	0.6117454279472472	0.37476960946766036	0.010174239371742999
Ecoli9000q_52440_1-198	1.0764498249619077	0.79426599854553	0.5196925977072666	0.30435165226864386	0.41224125916833104	0.30490672180515527	0.5107066566814411	0.5183200846921789	-1	0.34432087300142195	0.6117454279472472	0.0	0.9865150374149074	0.6219196673189902
SL1344_1058_1-198	0.08993478754700024	0.1922490388693774	0.4668224397076408	0.6821633851462636	0.5742737782465764	0.6816083156097522	0.47580838073346643	0.4681949527227285	-1	0.6421941644134855	0.37476960946766036	0.9865150374149074	0.0	0.36459537009591736
NCTC13441_02901_1-198	0.4545301576429176	0.17234633122653997	0.10222706961172345	0.31756801505034626	0.20967840815065908	0.31701294551383485	0.11121301063754907	0.10359958262681113	-1	0.2775987943175682	0.010174239371742999	0.6219196673189902	0.36459537009591736	0.0
