CS17_03769_1-72	0.0	0.80888878820059	0.9195187577004198	-1	1.0745330073475798	0.2824510624394998	0.1526322213087501	1.1987869565299398	1.2117878501223098	0.3400416845646699	1.20685995272499	1.453784452618884	0.3183635134273999
SL1344_3421_1-72	0.80888878820059	0.0	0.11062996949982984	-1	0.2656442191469899	0.5264377257610902	0.96152100950934	0.38989816832934987	0.40289906192171987	0.4688471036359201	0.39797116452439996	0.6448956644182939	0.4905252747731901
SEN3282_1-72	0.9195187577004198	0.11062996949982984	0.0	-1	0.15501424964716004	0.63706769526092	1.07215097900917	0.27926819882952003	0.29226909242189003	0.5794770731357499	0.2873411950245701	0.5342656949184641	0.6011552442730199
b3348_1-72	-1	-1	-1	-1	-1	-1	-1	-1	-1	-1	-1	-1	-1
NCTC13441_00347_1-72	1.0745330073475798	0.2656442191469899	0.15501424964716004	-1	0.0	0.79208194490808	1.22716522865633	0.12425394918235999	0.13725484277473	0.73449132278291	0.13232694537741008	0.37925144527130406	0.75616949392018
STMMW_34461_1-72	0.2824510624394998	0.5264377257610902	0.63706769526092	-1	0.79208194490808	0.0	0.4350832837482499	0.91633589409044	0.92933678768281	0.05759062212517008	0.9244088902854901	1.171333390179384	0.03591245098790008
ENC_25470_1-73	0.1526322213087501	0.96152100950934	1.07215097900917	-1	1.22716522865633	0.4350832837482499	0.0	1.35141917783869	1.36442007143106	0.49267390587341997	1.35949217403374	1.606416673927634	0.47099573473615
ROD_44711_1-76	1.1987869565299398	0.38989816832934987	0.27926819882952003	-1	0.12425394918235999	0.91633589409044	1.35141917783869	0.0	0.01300089359237	0.85874527196527	0.008072996195050086	0.25499749608894406	0.88042344310254
ETEC_3598_1-72	1.2117878501223098	0.40289906192171987	0.29226909242189003	-1	0.13725484277473	0.92933678768281	1.36442007143106	0.01300089359237	0.0	0.87174616555764	0.004927897397319914	0.24199660249657406	0.89342433669491
BN373_43701_1-72	0.3400416845646699	0.4688471036359201	0.5794770731357499	-1	0.73449132278291	0.05759062212517008	0.49267390587341997	0.85874527196527	0.87174616555764	0.0	0.86681826816032	1.113742768054214	0.021678171137269997
ERS227112_00853_1-72	1.20685995272499	0.39797116452439996	0.2873411950245701	-1	0.13232694537741008	0.9244088902854901	1.35949217403374	0.008072996195050086	0.004927897397319914	0.86681826816032	0.0	0.24692449989389398	0.88849643929759
t4051_1-72	1.453784452618884	0.6448956644182939	0.5342656949184641	-1	0.37925144527130406	1.171333390179384	1.606416673927634	0.25499749608894406	0.24199660249657406	1.113742768054214	0.24692449989389398	0.0	1.135420939191484
STM_MW34461_1-72	0.3183635134273999	0.4905252747731901	0.6011552442730199	-1	0.75616949392018	0.03591245098790008	0.47099573473615	0.88042344310254	0.89342433669491	0.021678171137269997	0.88849643929759	1.135420939191484	0.0
