STMMW_38561_1-126	0.0	0.3683024333025482	0.541709405319373	0.32623157926005675	0.4750295529805093	0.22123956203144335	0.9872828678049723	-1	0.3409414965912385	0.42587285763079374	0.4394205427185651	0.40269390999710475	0.6046528272613912
NCTC13441_04777_1-126	0.3683024333025482	0.0	0.17340697201682476	0.042070854042491446	0.8433319862830575	0.14706287127110484	0.6189804345024241	-1	0.02736093671130968	0.7941752909333419	0.07111810941601693	0.7709963432996529	0.23635039395884305
STM_MW38561_1-126	0.541709405319373	0.17340697201682476	0.0	0.2154778260593162	1.0167389582998823	0.3204698432879296	0.44557346248559937	-1	0.20076790872813444	0.9675822629501667	0.10228886260080783	0.9444033153164777	0.0629434219420183
ETEC_4030_1-126	0.32623157926005675	0.042070854042491446	0.2154778260593162	0.0	0.801261132240566	0.1049920172286134	0.6610512885449156	-1	0.014709917331181765	0.7521044368908505	0.11318896345850837	0.7289254892571615	0.2784212480013345
CS17_04195_1-126	0.4750295529805093	0.8433319862830575	1.0167389582998823	0.801261132240566	0.0	0.6962691150119527	1.4623124207854816	-1	0.8159710495717478	0.04915669534971556	0.9144500956990744	0.07233564298340456	1.0796823802419007
SEN3686_1-126	0.22123956203144335	0.14706287127110484	0.3204698432879296	0.1049920172286134	0.6962691150119527	0.0	0.766043305773529	-1	0.11970193455979516	0.6471124196622371	0.21818098068712177	0.6239334720285481	0.3834132652299479
t3647_1-126	0.9872828678049723	0.6189804345024241	0.44557346248559937	0.6610512885449156	1.4623124207854816	0.766043305773529	0.0	-1	0.6463413712137338	1.413155725435766	0.5478623250864072	1.389976777802077	0.3826300405435811
b3739_1-126	-1	-1	-1	-1	-1	-1	-1	-1	-1	-1	-1	-1	-1
ENC_04250_1-126	0.3409414965912385	0.02736093671130968	0.20076790872813444	0.014709917331181765	0.8159710495717478	0.11970193455979516	0.6463413712137338	-1	0.0	0.7668143542220323	0.09847904612732661	0.7436354065883433	0.26371133067015273
BN373_47811_1-126	0.42587285763079374	0.7941752909333419	0.9675822629501667	0.7521044368908505	0.04915669534971556	0.6471124196622371	1.413155725435766	-1	0.7668143542220323	0.0	0.8652934003493589	0.023178947633688995	1.030525684892185
SL1344_3839_1-126	0.4394205427185651	0.07111810941601693	0.10228886260080783	0.11318896345850837	0.9144500956990744	0.21818098068712177	0.5478623250864072	-1	0.09847904612732661	0.8652934003493589	0.0	0.8421144527156699	0.16523228454282612
ERS227112_00439_1-126	0.40269390999710475	0.7709963432996529	0.9444033153164777	0.7289254892571615	0.07233564298340456	0.6239334720285481	1.389976777802077	-1	0.7436354065883433	0.023178947633688995	0.8421144527156699	0.0	1.007346737258496
ROD_40011_1-127	0.6046528272613912	0.23635039395884305	0.0629434219420183	0.2784212480013345	1.0796823802419007	0.3834132652299479	0.3826300405435811	-1	0.26371133067015273	1.030525684892185	0.16523228454282612	1.007346737258496	0.0
