Ecoli9000q_53800_18-852	0.0	0.5869641472977865	1.6344345193001297	-1	0.7912179338152674	0.012333899761301281	1.1440208650640644	0.5922129289983304	1.1010182208968244	0.4136013713800501	1.922212293031719
ROD_49731_21-848	0.5869641472977865	0.0	1.0474703720023433	-1	0.20425378651748094	0.5992980470590878	0.557056717766278	0.005248781700543992	0.514054073599038	0.1733627759177364	1.3352481457339325
NCTC13441_04130_24-851	1.6344345193001297	1.0474703720023433	0.0	-1	0.8432165854848623	1.6467684190614311	0.4904136542360653	1.0422215903017993	0.5334162984033053	1.2208331479200796	0.2877777737315892
b2000_37-939	-1	-1	-1	-1	-1	-1	-1	-1	-1	-1	-1
CS17_01157_21-848	0.7912179338152674	0.20425378651748094	0.8432165854848623	-1	0.0	0.8035518335765688	0.352802931248797	0.19900500481693695	0.30980028708155705	0.37761656243521735	1.1309943592164515
ETEC_3216_18-941	0.012333899761301281	0.5992980470590878	1.6467684190614311	-1	0.8035518335765688	0.0	1.1563547648253658	0.6045468287596318	1.1133521206581258	0.4259352711413514	1.9345461927930203
ETEC_4462_58-889	1.1440208650640644	0.557056717766278	0.4904136542360653	-1	0.352802931248797	1.1563547648253658	0.0	0.551807936065734	0.04300264416723998	0.7304194936840144	0.7781914279676545
ETEC_2119_21-849	0.5922129289983304	0.005248781700543992	1.0422215903017993	-1	0.19900500481693695	0.6045468287596318	0.551807936065734	0.0	0.508805291898494	0.1786115576182804	1.3299993640333885
CS17_03361_19-850	1.1010182208968244	0.514054073599038	0.5334162984033053	-1	0.30980028708155705	1.1133521206581258	0.04300264416723998	0.508805291898494	0.0	0.6874168495167744	0.8211940721348945
NCTC13441_04967_43-939	0.4136013713800501	0.1733627759177364	1.2208331479200796	-1	0.37761656243521735	0.4259352711413514	0.7304194936840144	0.1786115576182804	0.6874168495167744	0.0	1.5086109216516688
NCTC13441_04867_18-849	1.922212293031719	1.3352481457339325	0.2877777737315892	-1	1.1309943592164515	1.9345461927930203	0.7781914279676545	1.3299993640333885	0.8211940721348945	1.5086109216516688	0.0
