STMMW_39101_1-848	0.0	0.497397906848515	0.49144032794924103	0.006616682623976966	0.19865067926956903	6.123451110523781	0.464367546551381	0.043351478663743004	0.009528198592490988	0.496632590009673	0.23061469016602998	0.559735817285997
ERS227112_01777_27-876	0.497397906848515	0.0	0.005957578899273952	0.5040145894724919	0.29874722757894595	6.620849017372296	0.961765453399896	0.454046428184772	0.487869708256024	0.0007653168388419562	0.266783216682485	0.06233791043748205
t3358_1-848	0.49144032794924103	0.005957578899273952	0.0	0.498057010573218	0.292789648679672	6.614891438473022	0.955807874500622	0.448088849285498	0.48191212935675004	0.005192262060431996	0.26082563778321105	0.068295489336756
SEN3740_1-848	0.006616682623976966	0.5040145894724919	0.498057010573218	0.0	0.205267361893546	6.116834427899804	0.45775086392740405	0.04996816128771997	0.016144881216467954	0.5032492726336499	0.23723137279000694	0.566352499909974
ROD_39451_1-848	0.19865067926956903	0.29874722757894595	0.292789648679672	0.205267361893546	0.0	6.32210178979335	0.66301822582095	0.15529920060582603	0.18912248067707804	0.297981910740104	0.03196401089646095	0.361085138016428
b3806_1-848	6.123451110523781	6.620849017372296	6.614891438473022	6.116834427899804	6.32210178979335	0.0	5.6590835639724	6.166802589187524	6.132979309116272	6.620083700533454	6.354065800689811	6.683186927809778
CS17_04260_1-848	0.464367546551381	0.961765453399896	0.955807874500622	0.45775086392740405	0.66301822582095	5.6590835639724	0.0	0.507719025215124	0.473895745143872	0.9610001365610541	0.694982236717411	1.024103363837378
SL1344_3894_1-848	0.043351478663743004	0.454046428184772	0.448088849285498	0.04996816128771997	0.15529920060582603	6.166802589187524	0.507719025215124	0.0	0.033823280071252015	0.45328111134593	0.18726321150228697	0.516384338622254
BN373_49301_1-850	0.009528198592490988	0.487869708256024	0.48191212935675004	0.016144881216467954	0.18912248067707804	6.132979309116272	0.473895745143872	0.033823280071252015	0.0	0.48710439141718204	0.221086491573539	0.5502076186935061
NCTC13441_04714_1-848	0.496632590009673	0.0007653168388419562	0.005192262060431996	0.5032492726336499	0.297981910740104	6.620083700533454	0.9610001365610541	0.45328111134593	0.48710439141718204	0.0	0.26601789984364305	0.063103227276324
ETEC_4085_1-848	0.23061469016602998	0.266783216682485	0.26082563778321105	0.23723137279000694	0.03196401089646095	6.354065800689811	0.694982236717411	0.18726321150228697	0.221086491573539	0.26601789984364305	0.0	0.32912112711996705
STM_MW39101_1-848	0.559735817285997	0.06233791043748205	0.068295489336756	0.566352499909974	0.361085138016428	6.683186927809778	1.024103363837378	0.516384338622254	0.5502076186935061	0.063103227276324	0.32912112711996705	0.0
