STM_MW08871_1-369	0.0	0.5709515915754783	0.4609927425097152	0.6467874439587573	0.4938127992694412	0.21396473882906894	0.33030979391203513	0.7229883505917957	0.4591894587668628	0.40576711991417136	-1	0.4930533650342701	0.5278599935337822	0.6322268651623321
SL1344_0811_1-369	0.5709515915754783	0.0	0.2040025389968798	0.17675360377573812	0.1523918269658061	0.45416137211785856	0.3593330102125377	0.35435805384898356	0.2066567203993092	0.27797935320820405	-1	0.15366159111890385	0.09126868609211859	0.14281669010697032
NCTC13441_03176_1-369	0.4609927425097152	0.2040025389968798	0.0	0.3446979588255189	0.06088982347388438	0.31427089328366353	0.1951394053693458	0.48607065014667766	0.003334409382518092	0.09293599268281366	-1	0.059480873548595485	0.12405630925159152	0.31768426171089764
ETEC_0885_1-369	0.6467874439587573	0.17675360377573812	0.3446979588255189	0.0	0.3022096261393693	0.5506403166760312	0.4725732094776257	0.21573668696007742	0.34688300409999434	0.40559910452914333	-1	0.30325495490246174	0.2518902206891982	0.03959119744527329
ERS227112_03283_1-369	0.4938127992694412	0.1523918269658061	0.06088982347388438	0.3022096261393693	0.0	0.3560248175425257	0.24414722489749194	0.45274860958869556	0.06402120125771128	0.1481669599678713	-1	0.001498055579799729	0.06726206078542112	0.2734444207461658
Ecoli9000q_49680_1-369	0.21396473882906894	0.45416137211785856	0.31427089328366353	0.5506403166760312	0.3560248175425257	0.0	0.1480150583952821	0.6475836860097738	0.3119767420770546	0.24401243883051849	-1	0.3550586595688493	0.399339915409283	0.5321162382845163
SEN0781_1-349	0.33030979391203513	0.3593330102125377	0.1951394053693458	0.4725732094776257	0.24414722489749194	0.1480150583952821	0.0	0.5863585178789095	0.1924466920424085	0.11267497316845158	-1	0.2430132166228191	0.2949874402012661	0.4508309491547792
CS17_00877_1-369	0.7229883505917957	0.35435805384898356	0.48607065014667766	0.21573668696007742	0.45274860958869556	0.6475836860097738	0.5863585178789095	0.0	0.48778430099278003	0.5338331844441292	-1	0.4535684225876544	0.4132849459601452	0.24678661063572516
STMMW_08871_1-369	0.4591894587668628	0.2066567203993092	0.003334409382518092	0.34688300409999434	0.06402120125771128	0.3119767420770546	0.1924466920424085	0.48778430099278003	0.0	0.08990135120926881	-1	0.06261694934827276	0.12697706411258053	0.31995938171048854
ROD_08201_1-369	0.40576711991417136	0.27797935320820405	0.09293599268281366	0.40559910452914333	0.1481669599678713	0.24401243883051849	0.11267497316845158	0.5338331844441292	0.08990135120926881	0.0	-1	0.1468889522025295	0.2054630056855424	0.38109595217190223
b0818_1-369	-1	-1	-1	-1	-1	-1	-1	-1	-1	-1	-1	-1	-1	-1
t2051_1-369	0.4930533650342701	0.15366159111890385	0.059480873548595485	0.30325495490246174	0.001498055579799729	0.3550586595688493	0.2430132166228191	0.4535684225876544	0.06261694934827276	0.1468889522025295	-1	0.0	0.06865935405975242	0.27453284138570166
ENC_19160_1-369	0.5278599935337822	0.09126868609211859	0.12405630925159152	0.2518902206891982	0.06726206078542112	0.399339915409283	0.2949874402012661	0.4132849459601452	0.12697706411258053	0.2054630056855424	-1	0.06865935405975242	0.0	0.22105068454100044
BN373_14111_1-369	0.6322268651623321	0.14281669010697032	0.31768426171089764	0.03959119744527329	0.2734444207461658	0.5321162382845163	0.4508309491547792	0.24678661063572516	0.31995938171048854	0.38109595217190223	-1	0.27453284138570166	0.22105068454100044	0.0
