SL1344_0577_9-370	0.0	0.039667615285470026	0.46867146821742	0.538098331361815	0.20203451075067003	0.8501268361059702	0.8214206297696101	0.819530630597514	0.05050532721569012	0.17435827467035003	0.869138311477877	0.020162398921710123	0.40522807753629997	0.011342536874289877	0.65892912541203	0.783196331545838	0.19498149940622	0.9287371600446699	0.79917885570033	1.118705813870472	-1	0.6980137778382359	0.0692532109570001	0.27588024308376013	0.586687488589014	-1	0.827533759302876	0.11785094216970005	0.42459225960925995	-1	0.55758988865967
ETEC_4067_1-348	0.039667615285470026	0.0	0.50833908350289	0.4984307160763449	0.24170212603614005	0.8897944513914402	0.8610882450550801	0.7798630153120439	0.09017294250116015	0.21402588995582006	0.829470696192407	0.05983001420718015	0.36556046225082994	0.02832507841118015	0.6192615101265599	0.743528716260368	0.15531388412074998	0.9684047753301399	0.75951124041486	1.079038198585002	-1	0.6583461625527659	0.10892082624247013	0.31554785836923016	0.547019873303544	-1	0.787866144017406	0.15751855745517007	0.3849246443237899	-1	0.59725750394514
STMMW_06541_9-370	0.46867146821742	0.50833908350289	0.0	1.006769799579235	0.26663695746675	0.38145536788855017	0.35274916155219005	1.288202098814934	0.4181661410017299	0.29431319354707	1.337809779695297	0.4485090692957099	0.87389954575372	0.4800140050917099	1.12760059362945	1.2518677997632581	0.66365296762364	0.4600656918272499	1.26785032391775	1.587377282087892	-1	1.166685246055656	0.3994182572604199	0.19279122513365987	1.055358956806434	-1	1.296205227520296	0.35082052604771996	0.89326372782668	-1	0.08891842044224996
NCTC13441_03408_14-372	0.538098331361815	0.4984307160763449	1.006769799579235	0.0	0.740132842112485	1.3882251674677852	1.3595189611314251	0.281432299235699	0.5886036585775051	0.712456606032165	0.33103998011606206	0.5582607302835251	0.13287025382551498	0.5267557944875251	0.12083079405021502	0.24509800018402306	0.34311683195559495	1.466835491406485	0.26108052433851503	0.580607482508657	-1	0.15991544647642097	0.607351542318815	0.8139785744455751	0.04858915722719903	-1	0.28943542794106103	0.655949273531515	0.113506071752555	-1	1.095688220021485
SEN0558_9-370	0.20203451075067003	0.24170212603614005	0.26663695746675	0.740132842112485	0.0	0.6480923253553001	0.61938611901894	1.021565141348184	0.1515291835349799	0.027676236080319994	1.071172822228547	0.1818721118289599	0.60726258828697	0.2133770476249599	0.8609636361627	0.985230842296508	0.39701601015689003	0.7267026492939999	1.0012133664510001	1.320740324621142	-1	0.900048288588906	0.13278129979366993	0.07384573233309011	0.788721999339684	-1	1.029568270053546	0.08418356858096998	0.62662677035993	-1	0.35555537790899994
CS17_04236_1-349	0.8501268361059702	0.8897944513914402	0.38145536788855017	1.3882251674677852	0.6480923253553001	0.0	0.02870620633636012	1.6696574667034842	0.79962150889028	0.6757685614356201	1.7192651475838472	0.82996443718426	1.2553549136422701	0.86146937298026	1.5090559615180001	1.6333231676518083	1.0451083355121902	0.07861032393869971	1.6493056918063003	1.9688326499764421	-1	1.5481406139442062	0.7808736251489701	0.57424659302221	1.4368143246949843	-1	1.6776605954088462	0.7322758939362701	1.2747190957152301	-1	0.2925369474463002
STM_MW06541_9-370	0.8214206297696101	0.8610882450550801	0.35274916155219005	1.3595189611314251	0.61938611901894	0.02870620633636012	0.0	1.6409512603671241	0.7709153025539199	0.64706235509926	1.690558941247487	0.8012582308478999	1.22664870730591	0.8327631666438999	1.48034975518164	1.6046169613154482	1.01640212917583	0.10731653027505983	1.6205994854699401	1.940126443640082	-1	1.519434407607846	0.75216741881261	0.5455403866858499	1.4081081183586242	-1	1.648954389072486	0.70356968759991	1.24601288937887	-1	0.2638307411099401
ROD_21651_1-328	0.819530630597514	0.7798630153120439	1.288202098814934	0.281432299235699	1.021565141348184	1.6696574667034842	1.6409512603671241	0.0	0.8700359578132041	0.993888905267864	0.04960768088036305	0.8396930295192241	0.414302553061214	0.8081880937232241	0.160601505185484	0.036334299051675956	0.624549131191294	1.748267790642184	0.020351774897183983	0.299175183272958	-1	0.12151685275927804	0.8887838415545141	1.0954108736812742	0.23284314200849998	-1	0.008003128705362017	0.937381572767214	0.394938370988254	-1	1.377120519257184
ENC_30820_10-367	0.05050532721569012	0.09017294250116015	0.4181661410017299	0.5886036585775051	0.1515291835349799	0.79962150889028	0.7709153025539199	0.8700359578132041	0.0	0.12385294745465991	0.9196436386935671	0.030342928293979998	0.4557334047519901	0.06184786408998	0.7094344526277201	0.8337016587615281	0.24548682662191013	0.8782318328289798	0.8496841829160201	1.169211141086162	-1	0.748519105053926	0.01874788374130998	0.22537491586807	0.6371928158047041	-1	0.8780390865185661	0.06734561495400992	0.47509758682495007	-1	0.5070845614439798
STM_MW38941_1-348	0.17435827467035003	0.21402588995582006	0.29431319354707	0.712456606032165	0.027676236080319994	0.6757685614356201	0.64706235509926	0.993888905267864	0.12385294745465991	0.0	1.043496586148227	0.1541958757486399	0.57958635220665	0.1857008115446399	0.83328740008238	0.957554606216188	0.36933977407657004	0.7543788853743199	0.97353713037068	1.293064088540822	-1	0.872372052508586	0.10510506371334993	0.1015219684134101	0.761045763259364	-1	1.001892033973226	0.05650733250064999	0.59895053427961	-1	0.38323161398931993
SL1344_2056_1-327	0.869138311477877	0.829470696192407	1.337809779695297	0.33103998011606206	1.071172822228547	1.7192651475838472	1.690558941247487	0.04960768088036305	0.9196436386935671	1.043496586148227	0.0	0.8893007103995871	0.46391023394157704	0.8577957746035871	0.21020918606584704	0.085941979932039	0.674156812071657	1.797875471522547	0.06995945577754703	0.24956750239259495	-1	0.17112453363964109	0.9383915224348771	1.1450185545616371	0.28245082288886303	-1	0.04160455217500103	0.9869892536475771	0.44454605186861706	-1	1.426728200137547
SL1344_3878_1-348	0.020162398921710123	0.05983001420718015	0.4485090692957099	0.5582607302835251	0.1818721118289599	0.82996443718426	0.8012582308478999	0.8396930295192241	0.030342928293979998	0.1541958757486399	0.8893007103995871	0.0	0.4253904764580101	0.031504935796	0.6790915243337401	0.8033587304675481	0.21514389832793013	0.9085747611229598	0.8193412546220401	1.138868212792182	-1	0.718176176759946	0.04909081203528998	0.25571784416205	0.6068498875107241	-1	0.8476961582245861	0.09768854324798992	0.44475465853097007	-1	0.5374274897379598
t0794_1-327	0.40522807753629997	0.36556046225082994	0.87389954575372	0.13287025382551498	0.60726258828697	1.2553549136422701	1.22664870730591	0.414302553061214	0.4557334047519901	0.57958635220665	0.46391023394157704	0.4253904764580101	0.0	0.3938855406620101	0.25370104787573	0.37796825400953804	0.21024657813007996	1.3339652375809699	0.39395077816403	0.713477736334172	-1	0.29278570030193596	0.47448128849330007	0.6811083206200601	0.18145941105271401	-1	0.422305681766576	0.523079019706	0.01936418207295998	-1	0.9628179661959699
CS17_02266_1-326	0.011342536874289877	0.02832507841118015	0.4800140050917099	0.5267557944875251	0.2133770476249599	0.86146937298026	0.8327631666438999	0.8081880937232241	0.06184786408998	0.1857008115446399	0.8577957746035871	0.031504935796	0.3938855406620101	0.0	0.6475865885377401	0.7718537946715481	0.18363896253193013	0.9400796969189598	0.7878363188260401	1.107363276996182	-1	0.686671240963946	0.08059574783128998	0.28722277995805	0.5753449517147241	-1	0.8161912224285861	0.12919347904398992	0.41324972273497007	-1	0.5689324255339598
STMMW_21101_1-327	0.65892912541203	0.6192615101265599	1.12760059362945	0.12083079405021502	0.8609636361627	1.5090559615180001	1.48034975518164	0.160601505185484	0.7094344526277201	0.83328740008238	0.21020918606584704	0.6790915243337401	0.25370104787573	0.6475865885377401	0.0	0.12426720613380804	0.46394762600580997	1.5876662854566999	0.1402497302883	0.459776688458442	-1	0.03908465242620596	0.7281823363690301	0.9348093684957901	0.07224163682301599	-1	0.168604633890846	0.77678006758173	0.23433686580277002	-1	1.2165190140717
NCTC13441_01685_1-326	0.783196331545838	0.743528716260368	1.2518677997632581	0.24509800018402306	0.985230842296508	1.6333231676518083	1.6046169613154482	0.036334299051675956	0.8337016587615281	0.957554606216188	0.085941979932039	0.8033587304675481	0.37796825400953804	0.7718537946715481	0.12426720613380804	0.0	0.588214832139618	1.711933491590508	0.015982524154491973	0.33550948232463396	-1	0.08518255370760208	0.8524495425028381	1.0590765746295983	0.19650884295682403	-1	0.04433742775703797	0.901047273715538	0.35860407193657806	-1	1.340786220205508
t3378_1-348	0.19498149940622	0.15531388412074998	0.66365296762364	0.34311683195559495	0.39701601015689003	1.0451083355121902	1.01640212917583	0.624549131191294	0.24548682662191013	0.36933977407657004	0.674156812071657	0.21514389832793013	0.21024657813007996	0.18363896253193013	0.46394762600580997	0.588214832139618	0.0	1.12371865945089	0.60419735629411	0.923724314464252	-1	0.5030322784320159	0.2642347103632201	0.47086174248998014	0.391705989182794	-1	0.632552259896656	0.31283244157592005	0.22961076020303994	-1	0.75257138806589
ERS227112_01755_1-338	0.9287371600446699	0.9684047753301399	0.4600656918272499	1.466835491406485	0.7267026492939999	0.07861032393869971	0.10731653027505983	1.748267790642184	0.8782318328289798	0.7543788853743199	1.797875471522547	0.9085747611229598	1.3339652375809699	0.9400796969189598	1.5876662854566999	1.711933491590508	1.12371865945089	0.0	1.727916015745	2.0474429739151416	-1	1.626750937882906	0.8594839490876698	0.6528569169609098	1.515424648633684	-1	1.7562709193475459	0.8108862178749698	1.3533294196539298	-1	0.3711472713849999
ETEC_0617_14-372	0.79917885570033	0.75951124041486	1.26785032391775	0.26108052433851503	1.0012133664510001	1.6493056918063003	1.6205994854699401	0.020351774897183983	0.8496841829160201	0.97353713037068	0.06995945577754703	0.8193412546220401	0.39395077816403	0.7878363188260401	0.1402497302883	0.015982524154491973	0.60419735629411	1.727916015745	0.0	0.319526958170142	-1	0.10116507786209405	0.8684320666573301	1.0750590987840902	0.212491367111316	-1	0.028354903602546	0.91702979787003	0.37458659609107003	-1	1.35676874436
CS17_00592_14-372	1.118705813870472	1.079038198585002	1.587377282087892	0.580607482508657	1.320740324621142	1.9688326499764421	1.940126443640082	0.299175183272958	1.169211141086162	1.293064088540822	0.24956750239259495	1.138868212792182	0.713477736334172	1.107363276996182	0.459776688458442	0.33550948232463396	0.923724314464252	2.0474429739151416	0.319526958170142	0.0	-1	0.42069203603223604	1.187959024827472	1.394586056954232	0.532018325281458	-1	0.291172054567596	1.236556756040172	0.694113554261212	-1	1.676295702530142
b3785_1-348	-1	-1	-1	-1	-1	-1	-1	-1	-1	-1	-1	-1	-1	-1	-1	-1	-1	-1	-1	-1	-1	-1	-1	-1	-1	-1	-1	-1	-1	-1	-1
SEN2078_1-327	0.6980137778382359	0.6583461625527659	1.166685246055656	0.15991544647642097	0.900048288588906	1.5481406139442062	1.519434407607846	0.12151685275927804	0.748519105053926	0.872372052508586	0.17112453363964109	0.718176176759946	0.29278570030193596	0.686671240963946	0.03908465242620596	0.08518255370760208	0.5030322784320159	1.626750937882906	0.10116507786209405	0.42069203603223604	-1	0.0	0.767266988795236	0.9738940209219961	0.11132628924922194	-1	0.12951998146464005	0.815864720007936	0.273421518228976	-1	1.255603666497906
BN373_49131_1-348	0.0692532109570001	0.10892082624247013	0.3994182572604199	0.607351542318815	0.13278129979366993	0.7808736251489701	0.75216741881261	0.8887838415545141	0.01874788374130998	0.10510506371334993	0.9383915224348771	0.04909081203528998	0.47448128849330007	0.08059574783128998	0.7281823363690301	0.8524495425028381	0.2642347103632201	0.8594839490876698	0.8684320666573301	1.187959024827472	-1	0.767266988795236	0.0	0.20662703212676004	0.6559406995460141	-1	0.8967869702598761	0.048597731212699946	0.49384547056626005	-1	0.48833667770266986
ROD_39621_1-348	0.27588024308376013	0.31554785836923016	0.19279122513365987	0.8139785744455751	0.07384573233309011	0.57424659302221	0.5455403866858499	1.0954108736812742	0.22537491586807	0.1015219684134101	1.1450185545616371	0.25571784416205	0.6811083206200601	0.28722277995805	0.9348093684957901	1.0590765746295983	0.47086174248998014	0.6528569169609098	1.0750590987840902	1.394586056954232	-1	0.9738940209219961	0.20662703212676004	0.0	0.8625677316727741	-1	1.1034140023866361	0.1580293009140601	0.7004725026930201	-1	0.28170964557590983
ETEC_2171_1-325	0.586687488589014	0.547019873303544	1.055358956806434	0.04858915722719903	0.788721999339684	1.4368143246949843	1.4081081183586242	0.23284314200849998	0.6371928158047041	0.761045763259364	0.28245082288886303	0.6068498875107241	0.18145941105271401	0.5753449517147241	0.07224163682301599	0.19650884295682403	0.391705989182794	1.515424648633684	0.212491367111316	0.532018325281458	-1	0.11132628924922194	0.6559406995460141	0.8625677316727741	0.0	-1	0.240846270713862	0.704538430758714	0.16209522897975404	-1	1.144277377248684
b2027_1-326	-1	-1	-1	-1	-1	-1	-1	-1	-1	-1	-1	-1	-1	-1	-1	-1	-1	-1	-1	-1	-1	-1	-1	-1	-1	-1	-1	-1	-1	-1	-1
STM_MW21101_1-328	0.827533759302876	0.787866144017406	1.296205227520296	0.28943542794106103	1.029568270053546	1.6776605954088462	1.648954389072486	0.008003128705362017	0.8780390865185661	1.001892033973226	0.04160455217500103	0.8476961582245861	0.422305681766576	0.8161912224285861	0.168604633890846	0.04433742775703797	0.632552259896656	1.7562709193475459	0.028354903602546	0.291172054567596	-1	0.12951998146464005	0.8967869702598761	1.1034140023866361	0.240846270713862	-1	0.0	0.945384701472576	0.40294149969361603	-1	1.385123647962546
SEN3724_1-348	0.11785094216970005	0.15751855745517007	0.35082052604771996	0.655949273531515	0.08418356858096998	0.7322758939362701	0.70356968759991	0.937381572767214	0.06734561495400992	0.05650733250064999	0.9869892536475771	0.09768854324798992	0.523079019706	0.12919347904398992	0.77678006758173	0.901047273715538	0.31283244157592005	0.8108862178749698	0.91702979787003	1.236556756040172	-1	0.815864720007936	0.048597731212699946	0.1580293009140601	0.704538430758714	-1	0.945384701472576	0.0	0.54244320177896	-1	0.4397389464899699
NCTC13441_04738_1-349	0.42459225960925995	0.3849246443237899	0.89326372782668	0.113506071752555	0.62662677035993	1.2747190957152301	1.24601288937887	0.394938370988254	0.47509758682495007	0.59895053427961	0.44454605186861706	0.44475465853097007	0.01936418207295998	0.41324972273497007	0.23433686580277002	0.35860407193657806	0.22961076020303994	1.3533294196539298	0.37458659609107003	0.694113554261212	-1	0.273421518228976	0.49384547056626005	0.7004725026930201	0.16209522897975404	-1	0.40294149969361603	0.54244320177896	0.0	-1	0.9821821482689299
b0587_14-372	-1	-1	-1	-1	-1	-1	-1	-1	-1	-1	-1	-1	-1	-1	-1	-1	-1	-1	-1	-1	-1	-1	-1	-1	-1	-1	-1	-1	-1	-1	-1
STMMW_38941_1-348	0.55758988865967	0.59725750394514	0.08891842044224996	1.095688220021485	0.35555537790899994	0.2925369474463002	0.2638307411099401	1.377120519257184	0.5070845614439798	0.38323161398931993	1.426728200137547	0.5374274897379598	0.9628179661959699	0.5689324255339598	1.2165190140717	1.340786220205508	0.75257138806589	0.3711472713849999	1.35676874436	1.676295702530142	-1	1.255603666497906	0.48833667770266986	0.28170964557590983	1.144277377248684	-1	1.385123647962546	0.4397389464899699	0.9821821482689299	-1	0.0
