ERS227112_02456_1-887	0.0	6.84278425452183	0.0008993351629839885	0.8612962544707401	0.054817654101415994	0.1262483465012144	0.17857785585101701	0.09368424499003	0.7800843562359461	0.22080892498200203	0.04044337287430699	0.5443679119311711	0.10959179905694702
b0114_1-887	6.84278425452183	0.0	6.843683589684814	5.98148800005109	6.897601908623246	6.969032601023044	6.664206398670813	6.7491000095318	6.062699898285884	6.621975329539828	6.883227627396137	6.298416342590659	6.7331924554648825
SL1344_0152_1-887	0.0008993351629839885	6.843683589684814	0.0	0.8621955896337241	0.053918318938432006	0.1253490113382304	0.179477191014001	0.09458358015301399	0.7809836913989301	0.221708260144986	0.039544037711323005	0.5452672470941551	0.11049113421993101
BN373_06081_1-887	0.8612962544707401	5.98148800005109	0.8621955896337241	0.0	0.916113908572156	0.9875446009719545	0.682718398619723	0.7676120094807101	0.08121189823479402	0.6404873294887381	0.9017396273450471	0.31692834253956903	0.751704455413793
NCTC13441_03867_1-887	0.054817654101415994	6.897601908623246	0.053918318938432006	0.916113908572156	0.0	0.0714306923997984	0.23339550995243302	0.148501899091446	0.834902010337362	0.27562657908341803	0.014374281227109001	0.599185566032587	0.16440945315836303
t0158_1-887	0.1262483465012144	6.969032601023044	0.1253490113382304	0.9875446009719545	0.0714306923997984	0.0	0.3048262023522314	0.2199325914912444	0.9063327027371605	0.3470572714832164	0.0858049736269074	0.6706162584323855	0.2358401455581614
SEN0156_1-887	0.17857785585101701	6.664206398670813	0.179477191014001	0.682718398619723	0.23339550995243302	0.3048262023522314	0.0	0.08489361086098701	0.601506500384929	0.04223106913098501	0.219021228725324	0.365790056080154	0.06898605679407
ENC_46270_1-887	0.09368424499003	6.7491000095318	0.09458358015301399	0.7676120094807101	0.148501899091446	0.2199325914912444	0.08489361086098701	0.0	0.686400111245916	0.12712467999197202	0.134127617864337	0.45068366694114104	0.015907554066917018
CS17_00124_1-887	0.7800843562359461	6.062699898285884	0.7809836913989301	0.08121189823479402	0.834902010337362	0.9063327027371605	0.601506500384929	0.686400111245916	0.0	0.5592754312539441	0.8205277291102531	0.235716444304775	0.670492557178999
STMMW_01581_1-887	0.22080892498200203	6.621975329539828	0.221708260144986	0.6404873294887381	0.27562657908341803	0.3470572714832164	0.04223106913098501	0.12712467999197202	0.5592754312539441	0.0	0.261252297856309	0.323558986949169	0.111217125925055
STM_MW01581_1-887	0.04044337287430699	6.883227627396137	0.039544037711323005	0.9017396273450471	0.014374281227109001	0.0858049736269074	0.219021228725324	0.134127617864337	0.8205277291102531	0.261252297856309	0.0	0.5848112848054781	0.150035171931254
ROD_01201_1-887	0.5443679119311711	6.298416342590659	0.5452672470941551	0.31692834253956903	0.599185566032587	0.6706162584323855	0.365790056080154	0.45068366694114104	0.235716444304775	0.323558986949169	0.5848112848054781	0.0	0.434776112874224
ETEC_0110_1-887	0.10959179905694702	6.7331924554648825	0.11049113421993101	0.751704455413793	0.16440945315836303	0.2358401455581614	0.06898605679407	0.015907554066917018	0.670492557178999	0.111217125925055	0.150035171931254	0.434776112874224	0.0
