ERS227112_03886_1-120	0.0	0.04889951979957319	1.116504890234286	1.1952172182512573	0.5113248258402078	1.1538774364889126	-1	0.8954342628384959	0.36408259834844214	1.1312837859510407	0.19456631368535304	-1	1.0911301530281325	1.1699230344962728	1.1952172182512573	1.066028572695451	1.1413381550693824	1.0401576772544745	0.31618851528808145	1.0781083392026438	0.1565461185880328
CS17_02550_1-120	0.04889951979957319	0.0	1.0676053704347128	1.146317698451684	0.4624253060406346	1.1049779166893394	-1	0.8465347430389227	0.31518307854886896	1.0823842661514675	0.14566679388577985	-1	1.0422306332285594	1.1210235146966996	1.146317698451684	1.0171290528958778	1.0924386352698092	0.9912581574549014	0.36508803508765464	1.0292088194030706	0.205445638387606
SEN3048_1-120	1.116504890234286	1.0676053704347128	0.0	0.07871232801697123	0.6051800643940782	0.0373725462546265	-1	0.22107062739579017	0.7524222918858439	0.014778895716754684	0.921938576548933	-1	0.025374737206153505	0.05341814426198685	0.07871232801697123	0.05047631753883505	0.02483326483509636	0.07634721297981145	1.4326934055223675	0.038396551031642134	1.2730510088223188
STM_MW31671_1-121	1.1952172182512573	1.146317698451684	0.07871232801697123	0.0	0.6838923924110495	0.04133978176234473	-1	0.2997829554127614	0.8311346199028151	0.06393343230021654	1.0006509045659042	-1	0.10408706522312473	0.02529418375498438	0.0	0.12918864555580628	0.05387906318187487	0.15505954099678268	1.5114057335393387	0.11710887904861336	1.35176333683929
ROD_27111_1-120	0.5113248258402078	0.4624253060406346	0.6051800643940782	0.6838923924110495	0.0	0.6425526106487047	-1	0.3841094369982881	0.14724222749176563	0.619958960110833	0.31675851215485473	-1	0.5798053271879248	0.6585982086560651	0.6838923924110495	0.5547037468552432	0.6300133292291746	0.5288328514142668	0.8275133411282892	0.5667835133624362	0.6678709444282406
CS17_03488_1-121	1.1538774364889126	1.1049779166893394	0.0373725462546265	0.04133978176234473	0.6425526106487047	0.0	-1	0.2584431736504167	0.7897948381404704	0.022593650537871816	0.9593111228035595	-1	0.06274728346078001	0.01604559800736035	0.04133978176234473	0.08784886379346155	0.01253928141953014	0.11371975923443794	1.470065951776994	0.07576909728626863	1.3104235550769454
b3058_1-121	-1	-1	-1	-1	-1	-1	-1	-1	-1	-1	-1	-1	-1	-1	-1	-1	-1	-1	-1	-1	-1
BN373_41151_1-121	0.8954342628384959	0.8465347430389227	0.22107062739579017	0.2997829554127614	0.3841094369982881	0.2584431736504167	-1	0.0	0.5313516644900538	0.23584952311254487	0.7008679491531429	-1	0.19569589018963668	0.274488771657777	0.2997829554127614	0.17059430985695512	0.24590389223088654	0.14472341441597872	1.2116227781265774	0.18267407636414804	1.0519803814265287
ENC_39050_1-121	0.36408259834844214	0.31518307854886896	0.7524222918858439	0.8311346199028151	0.14724222749176563	0.7897948381404704	-1	0.5313516644900538	0.0	0.7672011876025986	0.1695162846630891	-1	0.7270475546796904	0.8058404361478307	0.8311346199028151	0.7019459743470089	0.7772555567209403	0.6760750789060325	0.6802711136365236	0.7140257408542018	0.520628716936475
ENC_32980_1-121	1.1312837859510407	1.0823842661514675	0.014778895716754684	0.06393343230021654	0.619958960110833	0.022593650537871816	-1	0.23584952311254487	0.7672011876025986	0.0	0.9367174722656877	-1	0.04015363292290819	0.038639248545232166	0.06393343230021654	0.06525521325558974	0.010054369118341677	0.09112610869656614	1.4474723012391222	0.05317544674839682	1.2878299045390735
NCTC13441_01407_1-120	0.19456631368535304	0.14566679388577985	0.921938576548933	1.0006509045659042	0.31675851215485473	0.9593111228035595	-1	0.7008679491531429	0.1695162846630891	0.9367174722656877	0.0	-1	0.8965638393427795	0.9753567208109198	1.0006509045659042	0.871462259010098	0.9467718413840294	0.8455913635691216	0.5107548289734345	0.8835420255172909	0.35111243227338584
b2303_1-120	-1	-1	-1	-1	-1	-1	-1	-1	-1	-1	-1	-1	-1	-1	-1	-1	-1	-1	-1	-1	-1
SL1344_3179_1-120	1.0911301530281325	1.0422306332285594	0.025374737206153505	0.10408706522312473	0.5798053271879248	0.06274728346078001	-1	0.19569589018963668	0.7270475546796904	0.04015363292290819	0.8965638393427795	-1	0.0	0.07879288146814035	0.10408706522312473	0.025101580332681547	0.050208002041249866	0.050972475773657946	1.407318668316214	0.013021813825488629	1.2476762716161653
ETEC_3329_1-121	1.1699230344962728	1.1210235146966996	0.05341814426198685	0.02529418375498438	0.6585982086560651	0.01604559800736035	-1	0.274488771657777	0.8058404361478307	0.038639248545232166	0.9753567208109198	-1	0.07879288146814035	0.0	0.02529418375498438	0.1038944618008219	0.02858487942689049	0.1297653572417983	1.4861115497843542	0.09181469529362898	1.3264691530843056
t3126_1-120	1.1952172182512573	1.146317698451684	0.07871232801697123	0.0	0.6838923924110495	0.04133978176234473	-1	0.2997829554127614	0.8311346199028151	0.06393343230021654	1.0006509045659042	-1	0.10408706522312473	0.02529418375498438	0.0	0.12918864555580628	0.05387906318187487	0.15505954099678268	1.5114057335393387	0.11710887904861336	1.35176333683929
ROD_36031_1-121	1.066028572695451	1.0171290528958778	0.05047631753883505	0.12918864555580628	0.5547037468552432	0.08784886379346155	-1	0.17059430985695512	0.7019459743470089	0.06525521325558974	0.871462259010098	-1	0.025101580332681547	0.1038944618008219	0.12918864555580628	0.0	0.07530958237393141	0.0258708954409764	1.3822170879835325	0.012079766507192918	1.2225746912834838
ERS227112_01144_1-121	1.1413381550693824	1.0924386352698092	0.02483326483509636	0.05387906318187487	0.6300133292291746	0.01253928141953014	-1	0.24590389223088654	0.7772555567209403	0.010054369118341677	0.9467718413840294	-1	0.050208002041249866	0.02858487942689049	0.05387906318187487	0.07530958237393141	0.0	0.10118047781490781	1.4575266703574639	0.0632298158667385	1.2978842736574152
NCTC13441_00634_1-121	1.0401576772544745	0.9912581574549014	0.07634721297981145	0.15505954099678268	0.5288328514142668	0.11371975923443794	-1	0.14472341441597872	0.6760750789060325	0.09112610869656614	0.8455913635691216	-1	0.050972475773657946	0.1297653572417983	0.15505954099678268	0.0258708954409764	0.10118047781490781	0.0	1.356346192542556	0.03795066194816932	1.1967037958425073
BN373_33031_1-120	0.31618851528808145	0.36508803508765464	1.4326934055223675	1.5114057335393387	0.8275133411282892	1.470065951776994	-1	1.2116227781265774	0.6802711136365236	1.4474723012391222	0.5107548289734345	-1	1.407318668316214	1.4861115497843542	1.5114057335393387	1.3822170879835325	1.4575266703574639	1.356346192542556	0.0	1.3942968544907253	0.15964239670004865
STMMW_31671_1-120	1.0781083392026438	1.0292088194030706	0.038396551031642134	0.11710887904861336	0.5667835133624362	0.07576909728626863	-1	0.18267407636414804	0.7140257408542018	0.05317544674839682	0.8835420255172909	-1	0.013021813825488629	0.09181469529362898	0.11710887904861336	0.012079766507192918	0.0632298158667385	0.03795066194816932	1.3942968544907253	0.0	1.2346544577906766
ETEC_2438_1-120	0.1565461185880328	0.205445638387606	1.2730510088223188	1.35176333683929	0.6678709444282406	1.3104235550769454	-1	1.0519803814265287	0.520628716936475	1.2878299045390735	0.35111243227338584	-1	1.2476762716161653	1.3264691530843056	1.35176333683929	1.2225746912834838	1.2978842736574152	1.1967037958425073	0.15964239670004865	1.2346544577906766	0.0
