SEN3511_1-120	0.0	0.27068906719623076	0.10587339512410199	1.298119889511409	1.167697822143805	0.22413727435079966	0.4642629359452315	0.3660079502270899	-1	0.9786223428318483	0.8825074222656619	0.482935888013617	0.876752105618267
STMMW_36771_1-120	0.27068906719623076	0.0	0.16481567207212877	1.0274308223151782	0.8970087549475741	0.4948263415470304	0.19357386874900073	0.09531888303085911	-1	0.7079332756356176	0.6118183550694312	0.21224682081738622	0.6060630384220362
CS17_04049_1-120	0.10587339512410199	0.16481567207212877	0.0	1.192246494387307	1.0618244270197028	0.33001066947490165	0.3583895408211295	0.2601345551029879	-1	0.8727489477077464	0.7766340271415599	0.377062492889515	0.770878710494165
ERS227112_00632_1-120	1.298119889511409	1.0274308223151782	1.192246494387307	0.0	0.1304220673676041	1.5222571638622087	0.8338569535661775	0.9321119392843191	-1	0.31949754667956065	0.4156124672457471	0.815184001497792	0.421367783893142
ETEC_3845_1-120	1.167697822143805	0.8970087549475741	1.0618244270197028	0.1304220673676041	0.0	1.3918350964946047	0.7034348861985734	0.801689871916715	-1	0.18907547931195656	0.285190399878143	0.6847619341301879	0.2909457165255379
STM_MW36771_1-120	0.22413727435079966	0.4948263415470304	0.33001066947490165	1.5222571638622087	1.3918350964946047	0.0	0.6884002102960312	0.5901452245778895	-1	1.202759617182648	1.1066446966164616	0.7070731623644166	1.1008893799690667
t3830_1-120	0.4642629359452315	0.19357386874900073	0.3583895408211295	0.8338569535661775	0.7034348861985734	0.6884002102960312	0.0	0.09825498571814162	-1	0.5143594068866169	0.41824448632043043	0.018672952068385484	0.4124891696730355
NCTC13441_00083_1-120	0.3660079502270899	0.09531888303085911	0.2601345551029879	0.9321119392843191	0.801689871916715	0.5901452245778895	0.09825498571814162	0.0	-1	0.6126143926047585	0.516499472038572	0.1169279377865271	0.5107441553911771
b3602_1-120	-1	-1	-1	-1	-1	-1	-1	-1	-1	-1	-1	-1	-1
ROD_42181_1-120	0.9786223428318483	0.7079332756356176	0.8727489477077464	0.31949754667956065	0.18907547931195656	1.202759617182648	0.5143594068866169	0.6126143926047585	-1	0.0	0.09611492056618642	0.49568645481823137	0.10187023721358135
ENC_47660_1-120	0.8825074222656619	0.6118183550694312	0.7766340271415599	0.4156124672457471	0.285190399878143	1.1066446966164616	0.41824448632043043	0.516499472038572	-1	0.09611492056618642	0.0	0.39957153425204495	0.005755316647394926
SL1344_3654_1-120	0.482935888013617	0.21224682081738622	0.377062492889515	0.815184001497792	0.6847619341301879	0.7070731623644166	0.018672952068385484	0.1169279377865271	-1	0.49568645481823137	0.39957153425204495	0.0	0.39381621760465
BN373_45881_1-120	0.876752105618267	0.6060630384220362	0.770878710494165	0.421367783893142	0.2909457165255379	1.1008893799690667	0.4124891696730355	0.5107441553911771	-1	0.10187023721358135	0.005755316647394926	0.39381621760465	0.0
