BN373_25581_10-116	0.0	0.024517417620114945	-1	0.08794801959508625	0.3319937833194183	0.012221631528209875	0.4190457977347833	0.04194803502463362	0.18804813451731028	0.3125711735299233	0.07551752678827317	0.31358140460827777
ERS227112_04697_13-119	0.024517417620114945	0.0	-1	0.11246543721520119	0.30747636569930337	0.01229578609190507	0.39452838011466834	0.06646545264474857	0.21256555213742523	0.28805375590980836	0.10003494440838812	0.2890639869881628
b1639_3-109	-1	-1	-1	-1	-1	-1	-1	-1	-1	-1	-1	-1
SL1344_1379_3-109	0.08794801959508625	0.11246543721520119	-1	0.0	0.41994180291450456	0.10016965112329612	0.5069938173298696	0.04599998457045262	0.10010011492222404	0.40051919312500955	0.012430492806813076	0.401529424203364
NCTC13441_02242_1-107	0.3319937833194183	0.30747636569930337	-1	0.41994180291450456	0.0	0.31977215179120844	0.08705201441536502	0.37394181834405193	0.5200419178367286	0.019422609789494977	0.4075113101076915	0.018412378711140487
ENC_13100_1-107	0.012221631528209875	0.01229578609190507	-1	0.10016965112329612	0.31977215179120844	0.0	0.4068241662065734	0.0541696665528435	0.20026976604552016	0.30034954200171343	0.08773915831648305	0.3013597730800679
STM_MW14501_3-109	0.4190457977347833	0.39452838011466834	-1	0.5069938173298696	0.08705201441536502	0.4068241662065734	0.0	0.4609938327594169	0.6070939322520936	0.10647462420486	0.49456332452305646	0.1054643931265055
CS17_01818_1-107	0.04194803502463362	0.06646545264474857	-1	0.04599998457045262	0.37394181834405193	0.0541696665528435	0.4609938327594169	0.0	0.14610009949267666	0.35451920855455693	0.03356949176363955	0.3555294396329114
ROD_14281_1-107	0.18804813451731028	0.21256555213742523	-1	0.10010011492222404	0.5200419178367286	0.20026976604552016	0.6070939322520936	0.14610009949267666	0.0	0.5006193080472336	0.11253060772903711	0.501629539125588
STMMW_14501_3-109	0.3125711735299233	0.28805375590980836	-1	0.40051919312500955	0.019422609789494977	0.30034954200171343	0.10647462420486	0.35451920855455693	0.5006193080472336	0.0	0.3880887003181965	0.0010102310783544899
SEN1600_3-109	0.07551752678827317	0.10003494440838812	-1	0.012430492806813076	0.4075113101076915	0.08773915831648305	0.49456332452305646	0.03356949176363955	0.11253060772903711	0.3880887003181965	0.0	0.38909893139655094
ETEC_1674_3-109	0.31358140460827777	0.2890639869881628	-1	0.401529424203364	0.018412378711140487	0.3013597730800679	0.1054643931265055	0.3555294396329114	0.501629539125588	0.0010102310783544899	0.38909893139655094	0.0
