b0119_1-120	-1	-1	-1	-1	-1	-1	-1	-1	-1	-1	-1	-1	-1	-1
t0165_1-120	-1	0.0	0.31553670633470204	0.6453370887623058	0.5827947613213365	0.09868446213037939	0.4672522436727416	0.7001107381708417	0.5869076043732818	0.5097008910594564	0.7242673143312007	0.22354774128156124	0.5895125369373336	0.626557143589497
ERS227112_02463_1-120	-1	0.31553670633470204	0.0	0.4818379385423637	0.3904636778335749	0.38308259831804986	0.22165620675668887	0.5618621705435033	0.396472536292472	0.2836736265066983	0.5971548975369417	0.11847343351794966	0.40027833944972013	0.4544004625716038
NCTC13441_03862_1-120	-1	0.6453370887623058	0.4818379385423637	0.0	0.14990781908455383	0.680336807395392	0.3342761052946968	0.15443861670617934	0.14144410550181713	0.27663969856265297	0.2225499849799523	0.5432263770819887	0.13599575345970957	0.050288671614500166
SEN0165_1-120	-1	0.5827947613213365	0.3904636778335749	0.14990781908455383	0.0	0.623966435898317	0.21688034586037563	0.2811948795778745	0.009858081036976222	0.1490801613321796	0.3390958211788613	0.4626775387745344	0.0161018486663138	0.10489413413590133
Ecoli9000q_41700_1-120	-1	0.09868446213037939	0.38308259831804986	0.680336807395392	0.623966435898317	0.0	0.5198261694570635	0.7297051486731286	0.6276734052458544	0.5580857949082582	0.7514778461081911	0.30017151480310855	0.6300212714409369	0.6634101510107999
SL1344_0161_1-120	-1	0.4672522436727416	0.22165620675668887	0.3342761052946968	0.21688034586037563	0.5198261694570635	0.0	0.437089582701234	0.22460040287253283	0.07967869762484603	0.48243294806215736	0.31386926839960905	0.22949002001894786	0.29902500390615805
STMMW_01661_1-120	-1	0.7001107381708417	0.5618621705435033	0.15443861670617934	0.2811948795778745	0.7297051486731286	0.437089582701234	0.0	0.2740382902130529	0.38835446289680176	0.0805516543440646	0.6137698635533164	0.26943137412365675	0.1969607754405448
ETEC_0115_1-120	-1	0.5869076043732818	0.396472536292472	0.14144410550181713	0.009858081036976222	0.6276734052458544	0.22460040287253283	0.2740382902130529	0.0	0.15746859805773772	0.33251570692683724	0.46797450714028255	0.0063059320181865245	0.09598225393634119
ENC_46350_1-120	-1	0.5097008910594564	0.2836736265066983	0.27663969856265297	0.1490801613321796	0.5580857949082582	0.07967869762484603	0.38835446289680176	0.15746859805773772	0.0	0.4376235227826283	0.36853927149391097	0.162781543801573	0.23833666102830148
CS17_00129_1-120	-1	0.7242673143312007	0.5971548975369417	0.2225499849799523	0.3390958211788613	0.7514778461081911	0.48243294806215736	0.0805516543440646	0.33251570692683724	0.4376235227826283	0.0	0.6448813400016306	0.3282798855498662	0.2616469134819837
ROD_01261_1-120	-1	0.22354774128156124	0.11847343351794966	0.5432263770819887	0.4626775387745344	0.30017151480310855	0.31386926839960905	0.6137698635533164	0.46797450714028255	0.36853927149391097	0.6448813400016306	0.0	0.4713294237301981	0.519039513096551
STM_MW01661_1-120	-1	0.5895125369373336	0.40027833944972013	0.13599575345970957	0.0161018486663138	0.6300212714409369	0.22949002001894786	0.26943137412365675	0.0063059320181865245	0.162781543801573	0.3282798855498662	0.4713294237301981	0.0	0.09024540329629492
BN373_06151_1-120	-1	0.626557143589497	0.4544004625716038	0.050288671614500166	0.10489413413590133	0.6634101510107999	0.29902500390615805	0.1969607754405448	0.09598225393634119	0.23833666102830148	0.2616469134819837	0.519039513096551	0.09024540329629492	0.0
