ERS227112_04115_1-474	0.0	0.02846843115187503	0.0377767767778	0.041156063112297026	0.1456050915045629	6.213860581217098	0.19748662348825496	0.013507852767537076	0.31034433075496803	0.3225320341742479	0.442080317846288	0.22915673124188785	0.23178662497298785
NCTC13441_01703_2-475	0.02846843115187503	0.0	0.009308345625924974	0.012687631960421997	0.17407352265643794	6.242329012368973	0.22595505464013	0.014960578384337953	0.33881276190684306	0.35100046532612295	0.470548748998163	0.2576251623937629	0.2602550561248629
CS17_02242_2-475	0.0377767767778	0.009308345625924974	0.0	0.0033792863344970225	0.18338186828236291	6.251637357994898	0.23526340026605497	0.024268924010262927	0.34812110753276804	0.3603088109520479	0.479857094624088	0.26693350801968785	0.26956340175078786
t0807_3-476	0.041156063112297026	0.012687631960421997	0.0033792863344970225	0.0	0.18676115461685994	6.255016644329395	0.238642686600552	0.02764821034475995	0.35150039386726506	0.36368809728654494	0.483236380958585	0.27031279435418487	0.2729426880852849
SL1344_2044_3-476	0.1456050915045629	0.17407352265643794	0.18338186828236291	0.18676115461685994	0.0	6.068255489712535	0.05188153198369205	0.1591129442721	0.16473923925040512	0.176926942669685	0.2964752263417251	0.08355163973732493	0.08618153346842494
b2011_2-475	6.213860581217098	6.242329012368973	6.251637357994898	6.255016644329395	6.068255489712535	0.0	6.016373957728843	6.227368433984635	5.90351625046213	5.89132854704285	5.77178026337081	5.98470384997521	5.98207395624411
STMMW_20981_3-476	0.19748662348825496	0.22595505464013	0.23526340026605497	0.238642686600552	0.05188153198369205	6.016373957728843	0.0	0.21099447625579204	0.11285770726671307	0.12504541068599295	0.24459369435803302	0.03167010775363288	0.03430000148473289
STM_MW20981_3-476	0.013507852767537076	0.014960578384337953	0.024268924010262927	0.02764821034475995	0.1591129442721	6.227368433984635	0.21099447625579204	0.0	0.3238521835225051	0.336039886941785	0.45558817061382506	0.24266458400942492	0.24529447774052493
ETEC_2154_2-475	0.31034433075496803	0.33881276190684306	0.34812110753276804	0.35150039386726506	0.16473923925040512	5.90351625046213	0.11285770726671307	0.3238521835225051	0.0	0.012187703419279883	0.13173598709131995	0.08118759951308019	0.07855770578198018
BN373_30711_1-474	0.3225320341742479	0.35100046532612295	0.3603088109520479	0.36368809728654494	0.176926942669685	5.89132854704285	0.12504541068599295	0.336039886941785	0.012187703419279883	0.0	0.11954828367204007	0.09337530293236007	0.09074540920126006
ROD_21501_1-474	0.442080317846288	0.470548748998163	0.479857094624088	0.483236380958585	0.2964752263417251	5.77178026337081	0.24459369435803302	0.45558817061382506	0.13173598709131995	0.11954828367204007	0.0	0.21292358660440014	0.21029369287330013
ENC_41550_5-478	0.22915673124188785	0.2576251623937629	0.26693350801968785	0.27031279435418487	0.08355163973732493	5.98470384997521	0.03167010775363288	0.24266458400942492	0.08118759951308019	0.09337530293236007	0.21292358660440014	0.0	0.002629893731100008
SEN2066_3-476	0.23178662497298785	0.2602550561248629	0.26956340175078786	0.2729426880852849	0.08618153346842494	5.98207395624411	0.03430000148473289	0.24529447774052493	0.07855770578198018	0.09074540920126006	0.21029369287330013	0.002629893731100008	0.0
