ETEC_4279_1-449	0.0	0.04002358054434338	0.05246587331685837	-1	0.4234749279295506	0.4637283881919445	0.6568973278670658	0.3989346452399443	0.34483583721587635	0.09540275538117188	0.14065401911798325	0.5164897745954194	0.05984584921618642	0.34152898641577584
ERS227112_01882_1-449	0.04002358054434338	0.0	0.09038958175467515	-1	0.39943829828928384	0.4413700160342042	0.6425926041730415	0.37387487590488655	0.31752056664514033	0.13160797606136462	0.1750481221992724	0.4963311435516829	0.02064870372866349	0.31407584578212616
CS17_04499_1-449	0.05246587331685837	0.09038958175467515	0.0	-1	0.4537228193247914	0.4918643466404934	0.6748985091978679	0.4304700639979379	0.3792095971822538	0.045314338402369474	0.09307120801002587	0.5418575608289018	0.10917185778952855	0.3760762431973091
b4024_1-449	-1	-1	-1	-1	-1	-1	-1	-1	-1	-1	-1	-1	-1	-1
STMMW_41691_1-449	0.4234749279295506	0.39943829828928384	0.4537228193247914	-1	0.0	0.06982083210680398	0.4048781418980366	0.04082797734932288	0.12002959743630816	0.47847700835140017	0.5045654964385442	0.16133703662154483	0.3867760179649304	0.1244488213197454
SEN3986_1-449	0.4637283881919445	0.4413700160342042	0.4918643466404934	-1	0.06982083210680398	0.0	0.3602072819477551	0.1077981661043594	0.1814698631726644	0.5148901775911352	0.5391571457316264	0.09838556664520873	0.4295918266584668	0.18558053316729378
t4126_1-449	0.6568973278670658	0.6425926041730415	0.6748985091978679	-1	0.4048781418980366	0.3602072819477551	0.0	0.42917576364071053	0.47631037895156303	0.6896302681671905	0.7051560976726827	0.29039210733166887	0.6350570043786044	0.47894035568044274
Ecoli9000q_36530_1-449	0.3989346452399443	0.37387487590488655	0.4304700639979379	-1	0.04082797734932288	0.1077981661043594	0.42917576364071053	0.0	0.08257290477271341	0.4562779362482152	0.4834769031395226	0.1955779490940764	0.3606736147907841	0.08718023669970676
SL1344_4156_1-449	0.34483583721587635	0.31752056664514033	0.3792095971822538	-1	0.12002959743630816	0.1814698631726644	0.47631037895156303	0.08257290477271341	0.0	0.40734030357248036	0.43698730989353196	0.26200141450060205	0.3031311277646242	0.00502201422975403
BN373_00191_1-449	0.09540275538117188	0.13160797606136462	0.045314338402369474	-1	0.47847700835140017	0.5148901775911352	0.6896302681671905	0.4562779362482152	0.40734030357248036	0.0	0.05002365860165646	0.562617982353988	0.14953914568400797	0.4043489354503439
ENC_04550_1-449	0.14065401911798325	0.1750481221992724	0.09307120801002587	-1	0.5045654964385442	0.5391571457316264	0.7051560976726827	0.4834769031395226	0.43698730989353196	0.05002365860165646	0.0	0.5844974310832157	0.19208230911438423	0.4341455809490891
STM_MW41691_1-449	0.5164897745954194	0.4963311435516829	0.5418575608289018	-1	0.16133703662154483	0.09838556664520873	0.29039210733166887	0.1955779490940764	0.26200141450060205	0.562617982353988	0.5844974310832157	0.0	0.485711758011732	0.26570765389851836
NCTC13441_04463_1-449	0.05984584921618642	0.02064870372866349	0.10917185778952855	-1	0.3867760179649304	0.4295918266584668	0.6350570043786044	0.3606736147907841	0.3031311277646242	0.14953914568400797	0.19208230911438423	0.485711758011732	0.0	0.29961377819238266
ROD_37261_1-449	0.34152898641577584	0.31407584578212616	0.3760762431973091	-1	0.1244488213197454	0.18558053316729378	0.47894035568044274	0.08718023669970676	0.00502201422975403	0.4043489354503439	0.4341455809490891	0.26570765389851836	0.29961377819238266	0.0
