SEN3243_1-329	0.0	0.11630999107759638	0.040263311934796334	0.12496530722660018	0.09075892458949078	0.1363709026433848	0.11261432800470311	0.08322006082732111	0.1363709026433848	-1	0.1177654544102352	0.12853306545156495	0.11431999832426984
STM_MW34081_1-329	0.11630999107759638	0.0	0.07604667914280004	0.008655316149003807	0.025551066488105595	0.02006091156578843	0.0036956630728932696	0.03308993025027526	0.02006091156578843	-1	0.0014554633326388268	0.01222307437396857	0.001989992753326543
STMMW_34081_1-329	0.040263311934796334	0.07604667914280004	0.0	0.08470199529180385	0.05049561265469445	0.09610759070858847	0.07235101606990677	0.04295674889252478	0.09610759070858847	-1	0.07750214247543886	0.0882697535167686	0.07405668638947349
NCTC13441_00400_1-329	0.12496530722660018	0.008655316149003807	0.08470199529180385	0.0	0.0342063826371094	0.011405595416784623	0.012350979221897077	0.04174524639927907	0.011405595416784623	-1	0.0071998528163649805	0.003567758224964763	0.01064530890233035
CS17_03730_1-329	0.09075892458949078	0.025551066488105595	0.05049561265469445	0.0342063826371094	0.0	0.045611978053894026	0.021855403415212325	0.0075388637621696675	0.045611978053894026	-1	0.02700652982074442	0.03777414086207417	0.023561073734779052
ERS227112_00890_1-329	0.1363709026433848	0.02006091156578843	0.09610759070858847	0.011405595416784623	0.045611978053894026	0.0	0.0237565746386817	0.05315084181606369	0.0	-1	0.018605448233149604	0.00783783719181986	0.022050904319114974
ROD_45261_1-329	0.11261432800470311	0.0036956630728932696	0.07235101606990677	0.012350979221897077	0.021855403415212325	0.0237565746386817	0.0	0.029394267177381993	0.0237565746386817	-1	0.005151126405532096	0.01591873744686184	0.0017056703195667267
SL1344_3382_1-329	0.08322006082732111	0.03308993025027526	0.04295674889252478	0.04174524639927907	0.0075388637621696675	0.05315084181606369	0.029394267177381993	0.0	0.05315084181606369	-1	0.034545393582914086	0.045313004624243834	0.03109993749694872
t4090_1-329	0.1363709026433848	0.02006091156578843	0.09610759070858847	0.011405595416784623	0.045611978053894026	0.0	0.0237565746386817	0.05315084181606369	0.0	-1	0.018605448233149604	0.00783783719181986	0.022050904319114974
b3295_1-329	-1	-1	-1	-1	-1	-1	-1	-1	-1	-1	-1	-1	-1
ETEC_3547_1-329	0.1177654544102352	0.0014554633326388268	0.07750214247543886	0.0071998528163649805	0.02700652982074442	0.018605448233149604	0.005151126405532096	0.034545393582914086	0.018605448233149604	-1	0.0	0.010767611041329743	0.0034454560859653698
ENC_25100_1-329	0.12853306545156495	0.01222307437396857	0.0882697535167686	0.003567758224964763	0.03777414086207417	0.00783783719181986	0.01591873744686184	0.045313004624243834	0.00783783719181986	-1	0.010767611041329743	0.0	0.014213067127295113
BN373_43321_1-329	0.11431999832426984	0.001989992753326543	0.07405668638947349	0.01064530890233035	0.023561073734779052	0.022050904319114974	0.0017056703195667267	0.03109993749694872	0.022050904319114974	-1	0.0034454560859653698	0.014213067127295113	0.0
