ROD_30581_1-475	0.0	0.48133294503524104	0.3964737389729309	0.15881469148941796	0.22156712170117399	0.048323365457133005	0.300336950933751	0.0020534187130089032	0.7192650434812109	6.231119176264931	0.9696258037723309	0.2017444330224889	0.11160662363198093
ETEC_2942_1-475	0.48133294503524104	0.0	0.08485920606231012	0.3225182535458231	0.25976582333406706	0.529656310492374	0.18099599410149003	0.47927952632223214	0.23793209844596985	5.74978623122969	0.48829285873708983	0.27958851201275214	0.3697263214032601
SL1344_2913_1-475	0.3964737389729309	0.08485920606231012	0.0	0.23765904748351296	0.17490661727175694	0.4447971044300639	0.09613678803917991	0.394420320259922	0.32279130450828	5.834645437292	0.5731520647994	0.19472930595044202	0.28486711534095
ERS227112_01547_1-475	0.15881469148941796	0.3225182535458231	0.23765904748351296	0.0	0.06275243021175603	0.20713805694655096	0.14152225944433305	0.15676127277640906	0.5604503519917929	6.072304484775513	0.8108111122829129	0.04292974153307094	0.04720806785743703
NCTC13441_01022_1-475	0.22156712170117399	0.25976582333406706	0.17490661727175694	0.06275243021175603	0.0	0.269890487158307	0.07876982923257703	0.21951370298816508	0.4976979217800369	6.009552054563757	0.7480586820711569	0.019822688678685085	0.10996049806919306
t2835_1-475	0.048323365457133005	0.529656310492374	0.4447971044300639	0.20713805694655096	0.269890487158307	0.0	0.348660316390884	0.05037678417014191	0.7675884089383439	6.279442541722064	1.017949169229464	0.2500677984796219	0.15992998908911393
STMMW_28971_1-475	0.300336950933751	0.18099599410149003	0.09613678803917991	0.14152225944433305	0.07876982923257703	0.348660316390884	0.0	0.2982835322207421	0.4189280925474599	5.93078222533118	0.6692888528385799	0.09859251791126211	0.18873032730177008
STM_MW28971_1-475	0.0020534187130089032	0.47927952632223214	0.394420320259922	0.15676127277640906	0.21951370298816508	0.05037678417014191	0.2982835322207421	0.0	0.717211624768202	6.229065757551922	0.967572385059322	0.19969101430948	0.10955320491897202
BN373_37571_1-475	0.7192650434812109	0.23793209844596985	0.32279130450828	0.5604503519917929	0.4976979217800369	0.7675884089383439	0.4189280925474599	0.717211624768202	0.0	5.51185413278372	0.25036076029112	0.517520610458722	0.60765841984923
b2751_1-475	6.231119176264931	5.74978623122969	5.834645437292	6.072304484775513	6.009552054563757	6.279442541722064	5.93078222533118	6.229065757551922	5.51185413278372	0.0	5.2614933724926	6.0293747432424425	6.11951255263295
CS17_03076_1-475	0.9696258037723309	0.48829285873708983	0.5731520647994	0.8108111122829129	0.7480586820711569	1.017949169229464	0.6692888528385799	0.967572385059322	0.25036076029112	5.2614933724926	0.0	0.767881370749842	0.85801918014035
ENC_30060_1-474	0.2017444330224889	0.27958851201275214	0.19472930595044202	0.04292974153307094	0.019822688678685085	0.2500677984796219	0.09859251791126211	0.19969101430948	0.517520610458722	6.0293747432424425	0.767881370749842	0.0	0.09013780939050797
SEN2773_1-475	0.11160662363198093	0.3697263214032601	0.28486711534095	0.04720806785743703	0.10996049806919306	0.15992998908911393	0.18873032730177008	0.10955320491897202	0.60765841984923	6.11951255263295	0.85801918014035	0.09013780939050797	0.0
