ENC_04860_1-237	0.0	0.2369814463584863	0.5045155890847619	-1	0.3235078682126102	0.1231914477777961	0.17960927052380773	0.46752500731378444	0.5433091321961823	0.5543656949268484	0.22672047079259278	0.4472583783582011	0.446595497399483	0.0622028424657377
ERS227112_01914_1-237	0.2369814463584863	0.0	0.3506259991313006	-1	0.11340015448009182	0.1297774734202788	0.06993274518266421	0.3021467300565978	0.6515363945870433	0.415958756249953	0.013269426097973628	0.5782478873174098	0.2747168467144233	0.18637143703046796
t4155_1-237	0.5045155890847619	0.3506259991313006	0.0	-1	0.2675681096155594	0.4349001162688584	0.39603850566229853	0.06946914367634131	0.7737167943958566	0.10060882793467793	0.3592428194457733	0.7261251432124799	0.10466140302998114	0.4716507648434245
b4055_1-237	-1	-1	-1	-1	-1	-1	-1	-1	-1	-1	-1	-1	-1	-1
SEN4018_1-237	0.3235078682126102	0.11340015448009182	0.2675681096155594	-1	0.0	0.228460842366475	0.175402515555825	0.2128881214341107	0.6910522212715624	0.3412572236491185	0.12516482560869308	0.6260746420479206	0.181949831200043	0.278637041760628
ETEC_4365_1-237	0.1231914477777961	0.1297774734202788	0.4349001162688584	-1	0.228460842366475	0.0	0.06434451694503322	0.3927123642479323	0.5995695413878327	0.4917541532370713	0.11807483258735367	0.5153514189753011	0.3688422618621182	0.06503389866569327
SL1344_4185_1-237	0.17960927052380773	0.06993274518266421	0.39603850566229853	-1	0.175402515555825	0.06434451694503322	0.0	0.35094952495843873	0.6253350458173107	0.4568023637252913	0.05742532012625844	0.5465358978094311	0.3254378886584227	0.12519384081603022
ROD_36361_1-237	0.46752500731378444	0.3021467300565978	0.06946914367634131	-1	0.2128881214341107	0.3927123642479323	0.35094952495843873	0.0	0.7568235335063008	0.1630887624881168	0.311406842449341	0.7056789090589163	0.037819551188960465	0.43220664681236076
Ecoli9000q_37080_1-237	0.5433091321961823	0.6515363945870433	0.7737167943958566	-1	0.6910522212715624	0.5995695413878327	0.6253350458173107	0.7568235335063008	0.0	0.7964828824929912	0.6468503007513415	0.1737715237594797	0.7472652174608297	0.5717166023017242
CS17_04536_1-237	0.5543656949268484	0.415958756249953	0.10060882793467793	-1	0.3412572236491185	0.4917541532370713	0.4568023637252913	0.1630887624881168	0.7964828824929912	0.0	0.42370864837206285	0.75367937155465	0.19474036987581372	0.5248073621327111
STMMW_41991_1-237	0.22672047079259278	0.013269426097973628	0.3592428194457733	-1	0.12516482560869308	0.11807483258735367	0.05742532012625844	0.311406842449341	0.6468503007513415	0.42370864837206285	0.0	0.5725762190434909	0.28434093791705156	0.17542986455559229
NCTC13441_04417_1-237	0.4472583783582011	0.5782478873174098	0.7261251432124799	-1	0.6260746420479206	0.5153514189753011	0.5465358978094311	0.7056789090589163	0.1737715237594797	0.75367937155465	0.5725762190434909	0.0	0.694110297808717	0.4816404783734423
STM_MW41991_1-237	0.446595497399483	0.2747168467144233	0.10466140302998114	-1	0.181949831200043	0.3688422618621182	0.3254378886584227	0.037819551188960465	0.7472652174608297	0.19474036987581372	0.28434093791705156	0.694110297808717	0.0	0.4098889102462454
BN373_00491_1-237	0.0622028424657377	0.18637143703046796	0.4716507648434245	-1	0.278637041760628	0.06503389866569327	0.12519384081603022	0.43220664681236076	0.5717166023017242	0.5248073621327111	0.17542986455559229	0.4816404783734423	0.4098889102462454	0.0
