ETEC_0353_6-196	0.0	0.8541033365608349	0.16706330318895765	0.9054797217618514	-1	0.8100795247268405	0.895310929864471	0.5860827324276379	-1	0.2957365389795855	0.9408222547941567	0.1201695476489559	0.8462565266143146	0.319201291561055	0.8651869602760659	0.8922680565325272	0.8638895259247752	0.8067687355249181	0.6995910164339657	0.6898097428261346
t3761_2-204	0.8541033365608349	0.0	0.8248406343510366	0.3521422902343415	-1	0.23180129351864584	0.2824436990693665	0.9396108517213363	-1	0.897250310855003	0.9913661644246144	0.8341763881332971	0.051038328806553665	0.7856977963813964	0.0759690006197613	0.261587339093645	0.06707616975778774	0.24496346988414378	0.5143398785639347	0.5296542684208541
ETEC_3033_1-210	0.16706330318895765	0.8248406343510366	0.0	0.8865216545266571	-1	0.7719869036863382	0.8743132935115736	0.6552331183952244	-1	0.4133931190929437	0.9507086843835194	0.053298627496575414	0.8154199785238143	0.18265252203987228	0.8381473163085797	0.8706601067284798	0.8365896536959729	0.7680120647644874	0.6393375574444353	0.6275944398158335
STM_MW37451_2-205	0.9054797217618514	0.3521422902343415	0.8865216545266571	0.0	-1	0.5023165453740486	0.09713327173711597	0.960876424701486	-1	0.9334328217113889	0.9944065030576373	0.8925698945909684	0.38520786504522203	0.8611626651659177	0.2988788144551576	0.12263461331980144	0.30556205258744745	0.5108437628097318	0.6853613460019192	0.6952828915410814
b2846_1-210	-1	-1	-1	-1	-1	-1	-1	-1	-1	-1	-1	-1	-1	-1	-1	-1	-1	-1	-1	-1
t4353_2-173	0.8100795247268405	0.23180129351864584	0.7719869036863382	0.5023165453740486	-1	0.0	0.4487741777975421	0.9213886358188894	-1	0.8662459487654827	0.9887609345049123	0.7841396887711009	0.19048500081648034	0.7210328502111254	0.2901605815274277	0.4327523490422833	0.2833291203623021	0.017133817402252303	0.3677936224852869	0.3877290763303801
ERS227112_02971_3-209	0.895310929864471	0.2824436990693665	0.8743132935115736	0.09713327173711597	-1	0.4487741777975421	0.0	0.9566673861448105	-1	0.9262713131353434	0.993804736881683	0.8810122224619716	0.31906657349347856	0.8462261034901514	0.2234499693063229	0.02824485694776909	0.23085221143473583	0.45821878038256536	0.6515115197528147	0.6625004566895554
CS17_00339_1-181	0.5860827324276379	0.9396108517213363	0.6552331183952244	0.960876424701486	-1	0.9213886358188894	0.9566673861448105	0.0	-1	0.41226928488859377	0.8570300157977884	0.6358229832359004	0.936362921589113	0.7182056588361586	0.9441985549643449	0.9554078883296835	0.9436615244828042	0.9200182429989217	0.8756555343681565	0.8716068963230253
b0294_6-196	-1	-1	-1	-1	-1	-1	-1	-1	-1	-1	-1	-1	-1	-1	-1	-1	-1	-1	-1	-1
BN373_07781_1-180	0.2957365389795855	0.897250310855003	0.4133931190929437	0.9334328217113889	-1	0.8662459487654827	0.9262713131353434	0.41226928488859377	-1	0.0	0.9159721489453677	0.3803675605160968	0.8917240893240972	0.5205383453365605	0.9050561020533395	0.9241283286311419	0.9041423664466527	0.8639142809034278	0.7884329295121599	0.7815443359079212
CS17_03183_1-211	0.9408222547941567	0.9913661644246144	0.9507086843835194	0.9944065030576373	-1	0.9887609345049123	0.993804736881683	0.8570300157977884	-1	0.9159721489453677	0.0	0.9479336176664281	0.9909018079049206	0.9597118674955329	0.9920220682847918	0.9936246664989515	0.9919452890453299	0.9885650094650907	0.9822224737129829	0.98164363999563
SL1344_3722_2-204	0.1201695476489559	0.8341763881332971	0.053298627496575414	0.8925698945909684	-1	0.7841396887711009	0.8810122224619716	0.6358229832359004	-1	0.3803675605160968	0.9479336176664281	0.0	0.8252578403317834	0.22621602080293451	0.8467738422059697	0.8775537455204053	0.8452992008727176	0.7803767033083047	0.6585603706222095	0.647443145045743
SEN3579_2-204	0.8462565266143146	0.051038328806553665	0.8154199785238143	0.38520786504522203	-1	0.19048500081648034	0.31906657349347856	0.936362921589113	-1	0.8917240893240972	0.9909018079049206	0.8252578403317834	0.0	0.7741719079664304	0.12312999859357832	0.2992746872759058	0.11469104295715922	0.20435508299687521	0.4882194548223611	0.5043575037254948
STMMW_37451_2-204	0.319201291561055	0.7856977963813964	0.18265252203987228	0.8611626651659177	-1	0.7210328502111254	0.8462261034901514	0.7182056588361586	-1	0.5205383453365605	0.9597118674955329	0.22621602080293451	0.7741719079664304	0.0	0.8019781206209143	0.8417565395878914	0.8000723673707858	0.7161697546134356	0.5587403738546085	0.5443730234372445
ERS227112_02640_1-181	0.8651869602760659	0.0759690006197613	0.8381473163085797	0.2988788144551576	-1	0.2901605815274277	0.2234499693063229	0.9441985549643449	-1	0.9050561020533395	0.9920220682847918	0.8467738422059697	0.12312999859357832	0.8019781206209143	0.0	0.20087890838984912	0.009532215357458218	0.3023228405084577	0.5512349926303045	0.5653859635946923
Ecoli9000q_43770_8-197	0.8922680565325272	0.261587339093645	0.8706601067284798	0.12263461331980144	-1	0.4327523490422833	0.02824485694776909	0.9554078883296835	-1	0.9241283286311419	0.9936246664989515	0.8775537455204053	0.2992746872759058	0.8417565395878914	0.20087890838984912	0.0	0.20849630273176417	0.44247146671564935	0.6413824174342916	0.6526907567986966
ERS227112_02977_1-206	0.8638895259247752	0.06707616975778774	0.8365896536959729	0.30556205258744745	-1	0.2833291203623021	0.23085221143473583	0.9436615244828042	-1	0.9041423664466527	0.9919452890453299	0.8452992008727176	0.11469104295715922	0.8000723673707858	0.009532215357458218	0.20849630273176417	0.0	0.29560842835152595	0.546916099313968	0.5612032585571077
NCTC13441_03676_1-181	0.8067687355249181	0.24496346988414378	0.7680120647644874	0.5108437628097318	-1	0.017133817402252303	0.45821878038256536	0.9200182429989217	-1	0.8639142809034278	0.9885650094650907	0.7803767033083047	0.20435508299687521	0.7161697546134356	0.3023228405084577	0.44247146671564935	0.29560842835152595	0.0	0.3567726830891965	0.3770556617876834
ROD_29261_1-211	0.6995910164339657	0.5143398785639347	0.6393375574444353	0.6853613460019192	-1	0.3677936224852869	0.6515115197528147	0.8756555343681565	-1	0.7884329295121599	0.9822224737129829	0.6585603706222095	0.4882194548223611	0.5587403738546085	0.5512349926303045	0.6413824174342916	0.546916099313968	0.3567726830891965	0.0	0.0315331425846448
ROD_29001_1-233	0.6898097428261346	0.5296542684208541	0.6275944398158335	0.6952828915410814	-1	0.3877290763303801	0.6625004566895554	0.8716068963230253	-1	0.7815443359079212	0.98164363999563	0.647443145045743	0.5043575037254948	0.5443730234372445	0.5653859635946923	0.6526907567986966	0.5612032585571077	0.3770556617876834	0.0315331425846448	0.0
