STMMW_27231_1-210	0.0	0.6486505504467581	0.3211709541203589	0.2146815239027099	0.2094106729131101	0.5736294900845504	0.46350140334925527	0.052850965388440474	0.6338298350249825	0.17234410131629563	0.24961650190888307	0.6948927579973179	0.5270618966326397	-1	0.42953352383491583	0.826718951869911	0.682205692235573	0.06812039812388782	1.1610960111973123	0.5606493308908385	0.7865599789021009	0.701299201886548	0.5835453808435962	0.9307366739063929	0.6334103259653177	-1	0.4011946698131279
ERS227112_02067_1-216	0.6486505504467581	0.0	0.3274795963263992	0.43396902654404823	0.439239877533648	0.07502106036220768	0.18514914709750285	0.5957995850583176	0.014820715421775654	0.4763064491304625	0.39903404853787505	0.046242207550559744	0.12158865381411843	-1	0.2191170266118423	0.17806840142315283	0.03355514178881491	0.5805301523228703	0.5124454607505542	0.08800121955591966	0.13790942845534282	0.05264865143978992	0.06510516960316193	0.2820861234596348	0.015240224481440467	-1	0.24745588063363022
SEN3497_1-216	0.3211709541203589	0.3274795963263992	0.0	0.106489430217649	0.11176028120724879	0.25245853596419154	0.14233044922889637	0.2683199887319184	0.31265888090462357	0.14882685280406327	0.07155445221147583	0.37372180387695897	0.2058909425122808	-1	0.10836256971455693	0.5055479977495521	0.36103473811521414	0.2530505559964711	0.8399250570769534	0.23947837677047956	0.46538902478174204	0.38012824776618914	0.2623744267232373	0.609565719786034	0.31223937184495876	-1	0.080023715692769
CS17_04026_1-216	0.2146815239027099	0.43396902654404823	0.106489430217649	0.0	0.005270850989599785	0.35894796618184055	0.24881987944654538	0.16183055851426942	0.4191483111222726	0.042337422586414264	0.03493497800617318	0.480211234094608	0.3123803727299298	-1	0.21485199993220594	0.6120374279672011	0.46752416833286314	0.14656112577882208	0.9464144872946024	0.34596780698812857	0.571878454999391	0.48661767798383815	0.3688638569408863	0.716055150003683	0.41872880206260776	-1	0.186513145910418
ROD_32501_1-217	0.2094106729131101	0.439239877533648	0.11176028120724879	0.005270850989599785	0.0	0.36421881717144033	0.25409073043614516	0.15655970752466963	0.42441916211187236	0.03706657159681448	0.04020582899577296	0.48548208508420776	0.3176512237195296	-1	0.22012285092180572	0.6173082789568008	0.47279501932246293	0.1412902747892223	0.9516853382842022	0.35123865797772835	0.5771493059889908	0.49188852897343793	0.3741347079304861	0.7213260009932828	0.42399965305220755	-1	0.1917839969000178
CS17_04675_1-216	0.5736294900845504	0.07502106036220768	0.25245853596419154	0.35894796618184055	0.36421881717144033	0.0	0.11012808673529517	0.52077852469611	0.06020034494043203	0.4012853887682548	0.32401298817566737	0.12126326791276743	0.04656759345191075	-1	0.1440959662496346	0.2530894617853605	0.1085762021510226	0.5055090919606626	0.5874665211127619	0.012980159193711982	0.2129304888175505	0.1276697118019976	0.009915890759045753	0.3571071838218425	0.059780835880767214	-1	0.17243482027142254
SL1344_2739_1-210	0.46350140334925527	0.18514914709750285	0.14233044922889637	0.24881987944654538	0.25409073043614516	0.11012808673529517	0.0	0.4106504379608148	0.1703284316757272	0.29115730203295964	0.2138849014403722	0.2313913546480626	0.06356049328338442	-1	0.03396787951433944	0.3632175485206557	0.21870428888631777	0.39538100522536745	0.697594607848057	0.09714792754158319	0.3230585755528457	0.23779779853729277	0.12004397749434093	0.46723527055713765	0.16990892261606239	-1	0.06230673353612737
t4437_1-216	0.052850965388440474	0.5957995850583176	0.2683199887319184	0.16183055851426942	0.15655970752466963	0.52077852469611	0.4106504379608148	0.0	0.580978869636542	0.11949313592785515	0.1967655365204426	0.6420417926088774	0.4742109312441992	-1	0.37668255844647536	0.7738679864814705	0.6293547268471326	0.015269432735447341	1.108245045808872	0.507798365502398	0.7337090135136605	0.6484482364981076	0.5306944154551557	0.8778857085179524	0.5805593605768772	-1	0.34834370442468743
ENC_42940_1-212	0.6338298350249825	0.014820715421775654	0.31265888090462357	0.4191483111222726	0.42441916211187236	0.06020034494043203	0.1703284316757272	0.580978869636542	0.0	0.46148573370868684	0.3842133331160994	0.0610629229723354	0.10676793839234278	-1	0.20429631119006664	0.1928891168449285	0.04837585721059057	0.5657094369010947	0.5272661761723298	0.07318050413414401	0.15273014387711847	0.06746936686156557	0.05028445418138627	0.29690683888141045	0.0004195090596648132	-1	0.23263516521185457
Ecoli9000q_38540_1-216	0.17234410131629563	0.4763064491304625	0.14882685280406327	0.042337422586414264	0.03706657159681448	0.4012853887682548	0.29115730203295964	0.11949313592785515	0.46148573370868684	0.0	0.07727240059258744	0.5225486566810222	0.35471779531634406	-1	0.2571894225186202	0.6543748505536153	0.5098615909192774	0.10422370319240781	0.9887519098810167	0.38830522957454283	0.6142158775858053	0.5289551005702524	0.41120127952730057	0.7583925725900973	0.461066224649022	-1	0.22885056849683227
NCTC13441_04257_1-216	0.24961650190888307	0.39903404853787505	0.07155445221147583	0.03493497800617318	0.04020582899577296	0.32401298817566737	0.2138849014403722	0.1967655365204426	0.3842133331160994	0.07727240059258744	0.0	0.4452762560884348	0.2774453947237566	-1	0.17991702192603276	0.5771024499610279	0.43258919032668997	0.18149610378499526	0.9114795092884292	0.3110328289819554	0.5369434769932179	0.45168269997766497	0.3339288789347131	0.6811201719975098	0.3837938240564346	-1	0.15157816790424483
STM_MW43301_1-216	0.6948927579973179	0.046242207550559744	0.37372180387695897	0.480211234094608	0.48548208508420776	0.12126326791276743	0.2313913546480626	0.6420417926088774	0.0610629229723354	0.5225486566810222	0.4452762560884348	0.0	0.16783086136467817	-1	0.26535923416240204	0.1318261938725931	0.012687065761744831	0.62677235987343	0.46620325319999445	0.1342434271064794	0.09166722090478308	0.006406443889230173	0.11134737715372167	0.23584391590907505	0.06148243203200021	-1	0.29369808818418996
ENC_47490_1-216	0.5270618966326397	0.12158865381411843	0.2058909425122808	0.3123803727299298	0.3176512237195296	0.04656759345191075	0.06356049328338442	0.4742109312441992	0.10676793839234278	0.35471779531634406	0.2774453947237566	0.16783086136467817	0.0	-1	0.09752837279772386	0.29965705523727126	0.15514379560293334	0.4589414985087519	0.6340341145646726	0.03358743425819877	0.25949808226946125	0.17423730525390835	0.0564834842109565	0.4036747772737532	0.10634842933267796	-1	0.1258672268195118
b4196_1-216	-1	-1	-1	-1	-1	-1	-1	-1	-1	-1	-1	-1	-1	-1	-1	-1	-1	-1	-1	-1	-1	-1	-1	-1	-1	-1	-1
ETEC_3824_1-216	0.42953352383491583	0.2191170266118423	0.10836256971455693	0.21485199993220594	0.22012285092180572	0.1440959662496346	0.03396787951433944	0.37668255844647536	0.20429631119006664	0.2571894225186202	0.17991702192603276	0.26535923416240204	0.09752837279772386	-1	0.0	0.3971854280349951	0.2526721684006572	0.361413125711028	0.7315624873623965	0.13111580705592263	0.3570264550671851	0.2717656780516322	0.15401185700868036	0.5012031500714771	0.20387680213040182	-1	0.02833885402178793
STM_MW27231_1-210	0.826718951869911	0.17806840142315283	0.5055479977495521	0.6120374279672011	0.6173082789568008	0.2530894617853605	0.3632175485206557	0.7738679864814705	0.1928891168449285	0.6543748505536153	0.5771024499610279	0.1318261938725931	0.29965705523727126	-1	0.3971854280349951	0.0	0.14451325963433792	0.7585985537460231	0.33437705932740136	0.2660696209790725	0.040158972967810014	0.12541974998336292	0.24317357102631476	0.10401772203648196	0.1933086259045933	-1	0.42552428205678305
STMMW_43301_1-216	0.682205692235573	0.03355514178881491	0.36103473811521414	0.46752416833286314	0.47279501932246293	0.1085762021510226	0.21870428888631777	0.6293547268471326	0.04837585721059057	0.5098615909192774	0.43258919032668997	0.012687065761744831	0.15514379560293334	-1	0.2526721684006572	0.14451325963433792	0.0	0.6140852941116852	0.4788903189617393	0.12155636134473458	0.1043542866665279	0.019093509650975005	0.09866031139197684	0.24853098167081988	0.04879536627025538	-1	0.28101102242244513
t3844_1-216	0.06812039812388782	0.5805301523228703	0.2530505559964711	0.14656112577882208	0.1412902747892223	0.5055090919606626	0.39538100522536745	0.015269432735447341	0.5657094369010947	0.10422370319240781	0.18149610378499526	0.62677235987343	0.4589414985087519	-1	0.361413125711028	0.7585985537460231	0.6140852941116852	0.0	1.0929756130734245	0.49252893276695064	0.7184395807782131	0.6331788037626602	0.5154249827197084	0.8626162757825051	0.5652899278414298	-1	0.3330742716892401
BN373_02001_1-216	1.1610960111973123	0.5124454607505542	0.8399250570769534	0.9464144872946024	0.9516853382842022	0.5874665211127619	0.697594607848057	1.108245045808872	0.5272661761723298	0.9887519098810167	0.9114795092884292	0.46620325319999445	0.6340341145646726	-1	0.7315624873623965	0.33437705932740136	0.4788903189617393	1.0929756130734245	0.0	0.6004466803064739	0.3745360322952114	0.4597968093107643	0.5775506303537161	0.2303593372909194	0.5276856852319947	-1	0.7599013413841844
SL1344_3640_1-216	0.5606493308908385	0.08800121955591966	0.23947837677047956	0.34596780698812857	0.35123865797772835	0.012980159193711982	0.09714792754158319	0.507798365502398	0.07318050413414401	0.38830522957454283	0.3110328289819554	0.1342434271064794	0.03358743425819877	-1	0.13111580705592263	0.2660696209790725	0.12155636134473458	0.49252893276695064	0.6004466803064739	0.0	0.22591064801126248	0.14064987099570958	0.022896049952757735	0.37008734301555446	0.0727609950744792	-1	0.15945466107771056
STM_MW36631_1-216	0.7865599789021009	0.13790942845534282	0.46538902478174204	0.571878454999391	0.5771493059889908	0.2129304888175505	0.3230585755528457	0.7337090135136605	0.15273014387711847	0.6142158775858053	0.5369434769932179	0.09166722090478308	0.25949808226946125	-1	0.3570264550671851	0.040158972967810014	0.1043542866665279	0.7184395807782131	0.3745360322952114	0.22591064801126248	0.0	0.0852607770155529	0.20301459805850475	0.14417669500429198	0.1531496529367833	-1	0.38536530908897304
NCTC13441_00101_1-216	0.701299201886548	0.05264865143978992	0.38012824776618914	0.48661767798383815	0.49188852897343793	0.1276697118019976	0.23779779853729277	0.6484482364981076	0.06746936686156557	0.5289551005702524	0.45168269997766497	0.006406443889230173	0.17423730525390835	-1	0.2717656780516322	0.12541974998336292	0.019093509650975005	0.6331788037626602	0.4597968093107643	0.14064987099570958	0.0852607770155529	0.0	0.11775382104295185	0.22943747201984488	0.06788887592123038	-1	0.30010453207342014
SEN4152_1-216	0.5835453808435962	0.06510516960316193	0.2623744267232373	0.3688638569408863	0.3741347079304861	0.009915890759045753	0.12004397749434093	0.5306944154551557	0.05028445418138627	0.41120127952730057	0.3339288789347131	0.11134737715372167	0.0564834842109565	-1	0.15401185700868036	0.24317357102631476	0.09866031139197684	0.5154249827197084	0.5775506303537161	0.022896049952757735	0.20301459805850475	0.11775382104295185	0.0	0.3471912930627967	0.04986494512172146	-1	0.1823507110304683
SL1344_4319_1-216	0.9307366739063929	0.2820861234596348	0.609565719786034	0.716055150003683	0.7213260009932828	0.3571071838218425	0.46723527055713765	0.8778857085179524	0.29690683888141045	0.7583925725900973	0.6811201719975098	0.23584391590907505	0.4036747772737532	-1	0.5012031500714771	0.10401772203648196	0.24853098167081988	0.8626162757825051	0.2303593372909194	0.37008734301555446	0.14417669500429198	0.22943747201984488	0.3471912930627967	0.0	0.29732634794107526	-1	0.529542004093265
STMMW_36631_1-216	0.6334103259653177	0.015240224481440467	0.31223937184495876	0.41872880206260776	0.42399965305220755	0.059780835880767214	0.16990892261606239	0.5805593605768772	0.0004195090596648132	0.461066224649022	0.3837938240564346	0.06148243203200021	0.10634842933267796	-1	0.20387680213040182	0.1933086259045933	0.04879536627025538	0.5652899278414298	0.5276856852319947	0.0727609950744792	0.1531496529367833	0.06788887592123038	0.04986494512172146	0.29732634794107526	0.0	-1	0.23221565615218975
b3581_1-216	-1	-1	-1	-1	-1	-1	-1	-1	-1	-1	-1	-1	-1	-1	-1	-1	-1	-1	-1	-1	-1	-1	-1	-1	-1	-1	-1
ETEC_4542_1-216	0.4011946698131279	0.24745588063363022	0.080023715692769	0.186513145910418	0.1917839969000178	0.17243482027142254	0.06230673353612737	0.34834370442468743	0.23263516521185457	0.22885056849683227	0.15157816790424483	0.29369808818418996	0.1258672268195118	-1	0.02833885402178793	0.42552428205678305	0.28101102242244513	0.3330742716892401	0.7599013413841844	0.15945466107771056	0.38536530908897304	0.30010453207342014	0.1823507110304683	0.529542004093265	0.23221565615218975	-1	0.0
