ERS227112_03667_1-91	0.0	-1	0.21492417511011624	0.47371046166214575	0.07372512428389455	0.2781090882928904	0.3581088106918246	0.10396582581246949	0.36155803227949773	0.3433553288989037	0.7470207466675205	0.13254172975939593	0.36318844693436
b1777_1-90	-1	-1	-1	-1	-1	-1	-1	-1	-1	-1	-1	-1	-1
STM_MW12991_1-91	0.21492417511011624	-1	0.0	0.688634636772262	0.2886492993940108	0.4930332634030066	0.5730329858019408	0.31889000092258574	0.576482207389614	0.5582795040090199	0.9619449217776368	0.3474659048695122	0.5781126220444762
t1171_1-91	0.47371046166214575	-1	0.688634636772262	0.0	0.3999853373782512	0.19560137336925537	0.11560165097032116	0.36974463584967626	0.11215242938264802	0.13035513276324207	0.2733102850053748	0.3411687319027498	0.11052201472778578
NCTC13441_02103_1-91	0.07372512428389455	-1	0.2886492993940108	0.3999853373782512	0.0	0.20438396400899583	0.28438368640793005	0.030240701528574943	0.2878329079956032	0.26963020461500914	0.673295622383626	0.05881660547550138	0.2894633226504654
SEN1760_1-91	0.2781090882928904	-1	0.4930332634030066	0.19560137336925537	0.20438396400899583	0.0	0.07999972239893421	0.1741432624804209	0.08344894398660735	0.0652462406060133	0.46891165837463017	0.14556735853349445	0.0850793586414696
ENC_14740_1-90	0.3581088106918246	-1	0.5730329858019408	0.11560165097032116	0.28438368640793005	0.07999972239893421	0.0	0.2541429848793551	0.0034492215876731347	0.014753481792920908	0.38891193597569595	0.22556708093242867	0.005079636242535379
BN373_18211_1-91	0.10396582581246949	-1	0.31889000092258574	0.36974463584967626	0.030240701528574943	0.1741432624804209	0.2541429848793551	0.0	0.25759220646702824	0.2393895030864342	0.6430549208550511	0.02857590394692644	0.2592226211218905
SL1344_1227_1-91	0.36155803227949773	-1	0.576482207389614	0.11215242938264802	0.2878329079956032	0.08344894398660735	0.0034492215876731347	0.25759220646702824	0.0	0.018202703380594043	0.3854627143880228	0.2290163025201018	0.0016304146548622445
ROD_12751_1-91	0.3433553288989037	-1	0.5582795040090199	0.13035513276324207	0.26963020461500914	0.0652462406060133	0.014753481792920908	0.2393895030864342	0.018202703380594043	0.0	0.40366541776861686	0.21081359913950776	0.019833118035456287
CS17_01964_1-91	0.7470207466675205	-1	0.9619449217776368	0.2733102850053748	0.673295622383626	0.46891165837463017	0.38891193597569595	0.6430549208550511	0.3854627143880228	0.40366541776861686	0.0	0.6144790169081247	0.3838322997331606
STMMW_12991_1-91	0.13254172975939593	-1	0.3474659048695122	0.3411687319027498	0.05881660547550138	0.14556735853349445	0.22556708093242867	0.02857590394692644	0.2290163025201018	0.21081359913950776	0.6144790169081247	0.0	0.23064671717496404
ETEC_1809_1-90	0.36318844693436	-1	0.5781126220444762	0.11052201472778578	0.2894633226504654	0.0850793586414696	0.005079636242535379	0.2592226211218905	0.0016304146548622445	0.019833118035456287	0.3838322997331606	0.23064671717496404	0.0
