SL1344_3054_1-306	0.0	0.3750609784924501	0.14449591077757007	0.8009481342667368	0.34257112506097487	0.47853216415435085	0.7403567198162659	0.6177384621144402	0.1440704562150601	0.16251258906794996	-1	0.37325961066983493	0.046978602863840146	0.056905549768180075	0.12821128829540007	0.6006673265936959	0.32303242523447384	0.2602273340913739	0.15782872003301018	0.015546603656920066	0.6255477744732398	0.42152267669226184	0.3860342120969139	0.5518340362868979
CS17_03300_1-306	0.3750609784924501	0.0	0.23056506771488006	1.176009112759187	0.717632103553425	0.853593142646801	1.115417698308716	0.24267748362199004	0.23099052227739003	0.5375735675604001	-1	0.748320589162285	0.32808237562861	0.31815542872427005	0.24684969019705005	0.975728305086146	0.698093403726924	0.635288312583824	0.21723225845943994	0.35951437483553006	1.00060875296569	0.796583655184712	0.761095190589364	0.926895014779348
BN373_36111_7-315	0.14449591077757007	0.23056506771488006	0.0	0.9454440450443069	0.48706703583854494	0.6230280749319209	0.884852630593836	0.4732425513368701	0.0004254545625099748	0.30700849984552003	-1	0.517755521447405	0.09751730791372992	0.08759036100939	0.016284622482169997	0.745163237371266	0.4675283360120439	0.40472324486894395	0.013332809255440115	0.12894930712065	0.7700436852508099	0.5660185874698319	0.530530122874484	0.6963299470644679
STM_MW30391_1-306	0.8009481342667368	1.176009112759187	0.9454440450443069	0.0	0.458377009205762	0.32241597011238604	0.060591414450471004	1.418686596381177	0.9450185904817969	0.6384355451987869	-1	0.42768852359690196	0.847926737130577	0.8578536840349169	0.9291594225621369	0.20028080767304096	0.47791570903226305	0.540720800175363	0.958776854299747	0.8164947379236569	0.17540035979349705	0.37942545757447504	0.414913922169823	0.24911409797983902
ERS227112_01290_1-306	0.34257112506097487	0.717632103553425	0.48706703583854494	0.458377009205762	0.0	0.13596103909337598	0.397785594755291	0.960309587175415	0.48664158127603496	0.1800585359930249	-1	0.03068848560886006	0.389549727924815	0.39947667482915494	0.47078241335637494	0.25809620153272106	0.019538699826501027	0.08234379096960098	0.500399845093985	0.35811772871789493	0.28297664941226497	0.07895155163128698	0.04346308703593904	0.209262911225923
ROD_50491_1-306	0.47853216415435085	0.853593142646801	0.6230280749319209	0.32241597011238604	0.13596103909337598	0.0	0.26182455566191504	1.0962706262687911	0.6226026203694109	0.3160195750864009	-1	0.10527255348451592	0.525510767018191	0.5354377139225309	0.6067434524497509	0.12213516243934508	0.155499738919877	0.21830483006297696	0.636360884187361	0.4940787678112709	0.147015610318889	0.057009487462089004	0.09249795205743694	0.07330187213254702
t2099_1-317	0.7403567198162659	1.115417698308716	0.884852630593836	0.060591414450471004	0.397785594755291	0.26182455566191504	0.0	1.358095181930706	0.884427176031326	0.577844130748316	-1	0.36709710914643096	0.7873353226801061	0.797262269584446	0.868568008111666	0.13968939322256996	0.41732429458179204	0.480129385724892	0.8981854398492761	0.755903323473186	0.11480894534302605	0.31883404312400404	0.354322507719352	0.18852268352936802
SL1344_0765_1-313	0.6177384621144402	0.24267748362199004	0.4732425513368701	1.418686596381177	0.960309587175415	1.0962706262687911	1.358095181930706	0.0	0.4736680058993801	0.7802510511823901	-1	0.9909980727842751	0.5707598592506	0.5608329123462601	0.4895271738190401	1.218405788708136	0.940770887348914	0.877965796205814	0.45990974208143	0.6021918584575201	1.24328623658768	1.039261138806702	1.003772674211354	1.169572498401338
ENC_19690_1-312	0.1440704562150601	0.23099052227739003	0.0004254545625099748	0.9450185904817969	0.48664158127603496	0.6226026203694109	0.884427176031326	0.4736680058993801	0.0	0.30658304528301006	-1	0.517330066884895	0.09709185335121995	0.08716490644688002	0.015859167919660022	0.744737782808756	0.46710288144953394	0.404297790306434	0.01375826381795009	0.12852385255814003	0.7696182306882999	0.5655931329073219	0.530104668311974	0.695904492501958
ERS227112_03227_1-318	0.16251258906794996	0.5375735675604001	0.30700849984552003	0.6384355451987869	0.1800585359930249	0.3160195750864009	0.577844130748316	0.7802510511823901	0.30658304528301006	0.0	-1	0.21074702160188497	0.2094911919317901	0.21941813883613004	0.29072387736335004	0.43815473752574596	0.16051983616652388	0.09771474502342392	0.32034130910096015	0.17805919272487003	0.4630351854052899	0.2590100876243119	0.22352162302896394	0.3893214472189479
b2937_1-306	-1	-1	-1	-1	-1	-1	-1	-1	-1	-1	-1	-1	-1	-1	-1	-1	-1	-1	-1	-1	-1	-1	-1	-1
ERS227112_01691_7-315	0.37325961066983493	0.748320589162285	0.517755521447405	0.42768852359690196	0.03068848560886006	0.10527255348451592	0.36709710914643096	0.9909980727842751	0.517330066884895	0.21074702160188497	-1	0.0	0.4202382135336751	0.430165160438015	0.501470898965235	0.227407715923861	0.05022718543536109	0.11303227657846104	0.5310883307028451	0.388806214326755	0.2522881638034049	0.048263066022426915	0.01277460142707898	0.17857442561706294
BN373_40241_1-306	0.046978602863840146	0.32808237562861	0.09751730791372992	0.847926737130577	0.389549727924815	0.525510767018191	0.7873353226801061	0.5707598592506	0.09709185335121995	0.2094911919317901	-1	0.4202382135336751	0.0	0.009926946904339928	0.08123268543155993	0.6476459294575361	0.370011028098314	0.30720593695521403	0.11085011716917004	0.03143199920692008	0.67252637733708	0.468501279556102	0.43301281496075406	0.598812639150738
STMMW_08401_1-313	0.056905549768180075	0.31815542872427005	0.08759036100939	0.8578536840349169	0.39947667482915494	0.5354377139225309	0.797262269584446	0.5608329123462601	0.08716490644688002	0.21941813883613004	-1	0.430165160438015	0.009926946904339928	0.0	0.07130573852722	0.657572876361876	0.3799379750026539	0.31713288385955396	0.10092317026483011	0.04135894611126001	0.6824533242414199	0.4784282264604419	0.442939761865094	0.6087395860550779
ENC_31900_1-306	0.12821128829540007	0.24684969019705005	0.016284622482169997	0.9291594225621369	0.47078241335637494	0.6067434524497509	0.868568008111666	0.4895271738190401	0.015859167919660022	0.29072387736335004	-1	0.501470898965235	0.08123268543155993	0.07130573852722	0.0	0.728878614889096	0.4512437135298739	0.38843862238677396	0.02961743173761011	0.11266468463848	0.7537590627686399	0.5497339649876619	0.514245500392314	0.6800453245822979
SEN0733_1-313	0.6006673265936959	0.975728305086146	0.745163237371266	0.20028080767304096	0.25809620153272106	0.12213516243934508	0.13968939322256996	1.218405788708136	0.744737782808756	0.43815473752574596	-1	0.227407715923861	0.6476459294575361	0.657572876361876	0.728878614889096	0.0	0.2776349013592221	0.34043999250232204	0.7584960466267061	0.616213930250616	0.02488044787954391	0.17914464990143408	0.21463311449678202	0.04883329030679806
NCTC13441_00814_1-306	0.32303242523447384	0.698093403726924	0.4675283360120439	0.47791570903226305	0.019538699826501027	0.155499738919877	0.41732429458179204	0.940770887348914	0.46710288144953394	0.16051983616652388	-1	0.05022718543536109	0.370011028098314	0.3799379750026539	0.4512437135298739	0.2776349013592221	0.0	0.06280509114309996	0.480861145267484	0.3385790288913939	0.302515349238766	0.098490251457788	0.06300178686244007	0.22880161105242403
STMMW_30391_1-306	0.2602273340913739	0.635288312583824	0.40472324486894395	0.540720800175363	0.08234379096960098	0.21830483006297696	0.480129385724892	0.877965796205814	0.404297790306434	0.09771474502342392	-1	0.11303227657846104	0.30720593695521403	0.31713288385955396	0.38843862238677396	0.34043999250232204	0.06280509114309996	0.0	0.41805605412438407	0.27577393774829395	0.36532044038186595	0.16129534260088796	0.12580687800554002	0.291606702195524
BN373_13551_1-318	0.15782872003301018	0.21723225845943994	0.013332809255440115	0.958776854299747	0.500399845093985	0.636360884187361	0.8981854398492761	0.45990974208143	0.01375826381795009	0.32034130910096015	-1	0.5310883307028451	0.11085011716917004	0.10092317026483011	0.02961743173761011	0.7584960466267061	0.480861145267484	0.41805605412438407	0.0	0.14228211637609012	0.78337649450625	0.579351396725272	0.5438629321299241	0.709662756319908
ETEC_3129_1-306	0.015546603656920066	0.35951437483553006	0.12894930712065	0.8164947379236569	0.35811772871789493	0.4940787678112709	0.755903323473186	0.6021918584575201	0.12852385255814003	0.17805919272487003	-1	0.388806214326755	0.03143199920692008	0.04135894611126001	0.11266468463848	0.616213930250616	0.3385790288913939	0.27577393774829395	0.14228211637609012	0.0	0.6410943781301599	0.4370692803491819	0.401580815753834	0.5673806399438179
STM_MW08401_1-313	0.6255477744732398	1.00060875296569	0.7700436852508099	0.17540035979349705	0.28297664941226497	0.147015610318889	0.11480894534302605	1.24328623658768	0.7696182306882999	0.4630351854052899	-1	0.2522881638034049	0.67252637733708	0.6824533242414199	0.7537590627686399	0.02488044787954391	0.302515349238766	0.36532044038186595	0.78337649450625	0.6410943781301599	0.0	0.204025097780978	0.23951356237632593	0.07371373818634197
ROD_07701_1-313	0.42152267669226184	0.796583655184712	0.5660185874698319	0.37942545757447504	0.07895155163128698	0.057009487462089004	0.31883404312400404	1.039261138806702	0.5655931329073219	0.2590100876243119	-1	0.048263066022426915	0.468501279556102	0.4784282264604419	0.5497339649876619	0.17914464990143408	0.098490251457788	0.16129534260088796	0.579351396725272	0.4370692803491819	0.204025097780978	0.0	0.035488464595347935	0.13031135959463602
SEN2921_1-306	0.3860342120969139	0.761095190589364	0.530530122874484	0.414913922169823	0.04346308703593904	0.09249795205743694	0.354322507719352	1.003772674211354	0.530104668311974	0.22352162302896394	-1	0.01277460142707898	0.43301281496075406	0.442939761865094	0.514245500392314	0.21463311449678202	0.06300178686244007	0.12580687800554002	0.5438629321299241	0.401580815753834	0.23951356237632593	0.035488464595347935	0.0	0.16579982418998396
t2998_1-306	0.5518340362868979	0.926895014779348	0.6963299470644679	0.24911409797983902	0.209262911225923	0.07330187213254702	0.18852268352936802	1.169572498401338	0.695904492501958	0.3893214472189479	-1	0.17857442561706294	0.598812639150738	0.6087395860550779	0.6800453245822979	0.04883329030679806	0.22880161105242403	0.291606702195524	0.709662756319908	0.5673806399438179	0.07371373818634197	0.13031135959463602	0.16579982418998396	0.0
