ETEC_4202_1-319	0.0	0.3371569859572744	0.3515859581414782	0.02604535336657321	0.03848171524479849	0.580790648485451	0.14693750775243375	0.29507963199454124	-1	0.3987906929307248	0.1932496856882937	0.049215922368367915	0.8966629384115598	0.6180489184098765
ROD_38131_1-310	0.3371569859572744	0.0	0.6887429440987526	0.3632023393238476	0.2986752707124759	0.24363366252817664	0.48409449370970814	0.6322366179518156	-1	0.061633706973450386	0.1439073002689807	0.3863729083256423	0.5595059524542854	0.28089193245260213
CS17_04389_1-284	0.3515859581414782	0.6887429440987526	0.0	0.325540604774905	0.3900676733862767	0.9323766066269292	0.20464845038904445	0.05650632614693696	-1	0.750376651072203	0.5448356438297719	0.3023700357731103	1.2482488965530378	0.9696348765513547
NCTC13441_04567_1-284	0.02604535336657321	0.3632023393238476	0.325540604774905	0.0	0.0645270686113717	0.6068360018520242	0.12089215438586054	0.269034278627968	-1	0.424836046297298	0.2192950390548669	0.023170569001794705	0.922708291778133	0.6440942717764497
SL1344_4042_1-324	0.03848171524479849	0.2986752707124759	0.3900676733862767	0.0645270686113717	0.0	0.5423089332406525	0.18541922299723224	0.3335613472393397	-1	0.3603089776859263	0.15476797044349522	0.0876976376131664	0.8581812231667613	0.579567203165078
Ecoli9000q_35580_1-319	0.580790648485451	0.24363366252817664	0.9323766066269292	0.6068360018520242	0.5423089332406525	0.0	0.7277281562378848	0.8758702804799923	-1	0.18199995555472626	0.38754096279715733	0.630006570853819	0.3158722899261087	0.03725826992442549
STMMW_40581_1-324	0.14693750775243375	0.48409449370970814	0.20464845038904445	0.12089215438586054	0.18541922299723224	0.7277281562378848	0.0	0.1481421242421075	-1	0.5457282006831585	0.34018719344072745	0.09772158538406583	1.0436004461639934	0.7649864261623103
ENC_00960_1-287	0.29507963199454124	0.6322366179518156	0.05650632614693696	0.269034278627968	0.3335613472393397	0.8758702804799923	0.1481421242421075	0.0	-1	0.693870324925266	0.48832931768283494	0.24586370962617332	1.191742570406101	0.9131285504044178
b3933_1-319	-1	-1	-1	-1	-1	-1	-1	-1	-1	-1	-1	-1	-1	-1
SEN3883_1-324	0.3987906929307248	0.061633706973450386	0.750376651072203	0.424836046297298	0.3603089776859263	0.18199995555472626	0.5457282006831585	0.693870324925266	-1	0.0	0.20554100724243107	0.4480066152990927	0.497872245480835	0.21925822547915175
BN373_48611_1-316	0.1932496856882937	0.1439073002689807	0.5448356438297719	0.2192950390548669	0.15476797044349522	0.38754096279715733	0.34018719344072745	0.48832931768283494	-1	0.20554100724243107	0.0	0.24246560805666162	0.703413252723266	0.4247992327215828
STM_MW40581_1-324	0.049215922368367915	0.3863729083256423	0.3023700357731103	0.023170569001794705	0.0876976376131664	0.630006570853819	0.09772158538406583	0.24586370962617332	-1	0.4480066152990927	0.24246560805666162	0.0	0.9458788607799277	0.6672648407782444
t3525_1-331	0.8966629384115598	0.5595059524542854	1.2482488965530378	0.922708291778133	0.8581812231667613	0.3158722899261087	1.0436004461639934	1.191742570406101	-1	0.497872245480835	0.703413252723266	0.9458788607799277	0.0	0.2786140200016832
ERS227112_00354_1-284	0.6180489184098765	0.28089193245260213	0.9696348765513547	0.6440942717764497	0.579567203165078	0.03725826992442549	0.7649864261623103	0.9131285504044178	-1	0.21925822547915175	0.4247992327215828	0.6672648407782444	0.2786140200016832	0.0
