ERS227112_02720_1-324	0.0	0.0331641540412078	0.0333593550119418	0.08348593051675521	0.009252866485095601	0.2100772350579467	0.33386407856731426	0.005245095648360398	0.03578734104038539	0.18322691428376345	-1	0.44662745289914874	0.03998035723668247	0.00950181168941075
ETEC_0470_1-325	0.0331641540412078	0.0	0.00019520097073399967	0.050321776475547406	0.0239112875561122	0.17691308101673892	0.3006999245261065	0.027919058392847404	0.06895149508159319	0.15006276024255566	-1	0.4134632988579409	0.07314451127789028	0.04266596573061855
ENC_23420_1-323	0.0333593550119418	0.00019520097073399967	0.0	0.050126575504813406	0.0241064885268462	0.17671788004600492	0.3005047235553725	0.028114259363581404	0.06914669605232719	0.14986755927182166	-1	0.4132680978872069	0.07333971224862428	0.04286116670135255
CS17_00447_1-325	0.08348593051675521	0.050321776475547406	0.050126575504813406	0.0	0.0742330640316596	0.1265913045411915	0.2503781480505591	0.07824083486839481	0.1192732715571406	0.09974098376700824	-1	0.3631415223823935	0.12346628775343768	0.09298774220616596
SEN0401_1-326	0.009252866485095601	0.0239112875561122	0.0241064885268462	0.0742330640316596	0.0	0.2008243685728511	0.32461121208221866	0.004007770836735203	0.04504020752548099	0.17397404779866785	-1	0.43737458641405313	0.049233223721778074	0.01875467817450635
Ecoli9000q_45270_1-325	0.2100772350579467	0.17691308101673892	0.17671788004600492	0.1265913045411915	0.2008243685728511	0.0	0.12378684350936758	0.2048321394095863	0.2458645760983321	0.026850320774183256	-1	0.236550217841202	0.2500575922946292	0.21957904674735745
BN373_08581_1-323	0.33386407856731426	0.3006999245261065	0.3005047235553725	0.2503781480505591	0.32461121208221866	0.12378684350936758	0.0	0.32861898291895386	0.36965141960769965	0.15063716428355084	-1	0.11276337433183442	0.3738444358039968	0.34336589025672504
STMMW_04891_1-325	0.005245095648360398	0.027919058392847404	0.028114259363581404	0.07824083486839481	0.004007770836735203	0.2048321394095863	0.32861898291895386	0.0	0.04103243668874579	0.17798181863540305	-1	0.44138235725078834	0.04522545288504287	0.014746907337771148
NCTC13441_03562_1-325	0.03578734104038539	0.06895149508159319	0.06914669605232719	0.1192732715571406	0.04504020752548099	0.2458645760983321	0.36965141960769965	0.04103243668874579	0.0	0.21901425532414884	-1	0.4824147939395341	0.004193016196297087	0.02628552935097464
SL1344_0413_1-325	0.18322691428376345	0.15006276024255566	0.14986755927182166	0.09974098376700824	0.17397404779866785	0.026850320774183256	0.15063716428355084	0.17798181863540305	0.21901425532414884	0.0	-1	0.26340053861538526	0.22320727152044592	0.1927287259731742
b0417_1-325	-1	-1	-1	-1	-1	-1	-1	-1	-1	-1	-1	-1	-1	-1
ROD_04661_1-325	0.44662745289914874	0.4134632988579409	0.4132680978872069	0.3631415223823935	0.43737458641405313	0.236550217841202	0.11276337433183442	0.44138235725078834	0.4824147939395341	0.26340053861538526	-1	0.0	0.4866078101358312	0.45612926458855946
t2444_1-325	0.03998035723668247	0.07314451127789028	0.07333971224862428	0.12346628775343768	0.049233223721778074	0.2500575922946292	0.3738444358039968	0.04522545288504287	0.004193016196297087	0.22320727152044592	-1	0.4866078101358312	0.0	0.030478545547271727
STM_MW04891_1-325	0.00950181168941075	0.04266596573061855	0.04286116670135255	0.09298774220616596	0.01875467817450635	0.21957904674735745	0.34336589025672504	0.014746907337771148	0.02628552935097464	0.1927287259731742	-1	0.45612926458855946	0.030478545547271727	0.0
