NCTC13441_01328_1-321	0.0	-1	0.030834309071569366	0.14110472869142743	0.43691830728832154	0.09948566625637412	0.16691165450622047	0.06935718754796505	0.24185686660844685	0.08997472201553114	0.22868625583719082	0.04699251463765708	0.19462108003054912
b2388_1-321	-1	-1	-1	-1	-1	-1	-1	-1	-1	-1	-1	-1	-1
ROD_28061_1-321	0.030834309071569366	-1	0.0	0.11027041961985806	0.4060839982167522	0.06865135718480475	0.19774596357778984	0.03852287847639568	0.2110225575368775	0.05914041294396177	0.2595205649087602	0.07782682370922644	0.2254553891021185
SL1344_2371_1-321	0.14110472869142743	-1	0.11027041961985806	0.0	0.2958135785968941	0.04161906243505331	0.3080163831976479	0.07174754114346238	0.10075213791701942	0.05113000667589629	0.36979098452861825	0.1880972433290845	0.33572580872197655
STM_MW24271_1-321	0.43691830728832154	-1	0.4060839982167522	0.2958135785968941	0.0	0.3374326410319474	0.603829961794542	0.3675611197403565	0.1950614406798747	0.3469435852727904	0.6656045631255123	0.4839108219259786	0.6315393873188706
SEN2389_1-321	0.09948566625637412	-1	0.06865135718480475	0.04161906243505331	0.3374326410319474	0.0	0.2663973207625946	0.030128478708409068	0.14237120035207274	0.009510944240842978	0.32817192209356494	0.1464781808940312	0.29410674628692324
ENC_38610_1-321	0.16691165450622047	-1	0.19774596357778984	0.3080163831976479	0.603829961794542	0.2663973207625946	0.0	0.23626884205418552	0.4087685211146673	0.2568863765217516	0.06177460133097035	0.1199191398685634	0.027709425524328646
BN373_34021_1-321	0.06935718754796505	-1	0.03852287847639568	0.07174754114346238	0.3675611197403565	0.030128478708409068	0.23626884205418552	0.0	0.1724996790604818	0.02061753446756609	0.29804344338515587	0.11634970218562213	0.26397826757851417
t0454_1-321	0.24185686660844685	-1	0.2110225575368775	0.10075213791701942	0.1950614406798747	0.14237120035207274	0.4087685211146673	0.1724996790604818	0.0	0.1518821445929157	0.4705431224456377	0.28884938124610393	0.436477946638996
STMMW_24271_1-321	0.08997472201553114	-1	0.05914041294396177	0.05113000667589629	0.3469435852727904	0.009510944240842978	0.2568863765217516	0.02061753446756609	0.1518821445929157	0.0	0.31866097785272196	0.13696723665318822	0.28459580204608026
ETEC_2507_1-321	0.22868625583719082	-1	0.2595205649087602	0.36979098452861825	0.6656045631255123	0.32817192209356494	0.06177460133097035	0.29804344338515587	0.4705431224456377	0.31866097785272196	0.0	0.18169374119953374	0.0340651758066417
ERS227112_03841_1-321	0.04699251463765708	-1	0.07782682370922644	0.1880972433290845	0.4839108219259786	0.1464781808940312	0.1199191398685634	0.11634970218562213	0.28884938124610393	0.13696723665318822	0.18169374119953374	0.0	0.14762856539289204
CS17_02678_1-321	0.19462108003054912	-1	0.2254553891021185	0.33572580872197655	0.6315393873188706	0.29410674628692324	0.027709425524328646	0.26397826757851417	0.436477946638996	0.28459580204608026	0.0340651758066417	0.14762856539289204	0.0
