NCTC13441_04565_1-732	0.0	0.0278835847529351	0.04668847763924734	0.007127508152518834	-1	0.01367165297164597	0.021306282479566306	0.041764878942177064	0.011242924073840019	0.015999407237202102	0.010580726273615226	0.030685218458792816	0.03977182295612702	0.03359354626007896
SEN3885_1-732	0.0278835847529351	0.0	0.018804892886312242	0.035011092905453935	-1	0.04155523772458107	0.006577302273368793	0.013881294189241965	0.01664066067909508	0.043882991990137205	0.038464311026550325	0.0028016337058577173	0.011888238203191924	0.005709961507143861
STMMW_40601_1-732	0.04668847763924734	0.018804892886312242	0.0	0.05381598579176618	-1	0.06036013061089331	0.025382195159681036	0.004923598697070278	0.03544555356540732	0.06268788487644944	0.05726920391286257	0.016003259180454525	0.0069166546831203185	0.013094931379168381
ERS227112_00352_1-731	0.007127508152518834	0.035011092905453935	0.05381598579176618	0.0	-1	0.006544144819127136	0.02843379063208514	0.0488923870946959	0.018370432226358854	0.008871899084683268	0.0034532181210963925	0.03781272661131165	0.04689933110864586	0.040721054412597796
b3935_1-732	-1	-1	-1	-1	-1	-1	-1	-1	-1	-1	-1	-1	-1	-1
CS17_04391_1-732	0.01367165297164597	0.04155523772458107	0.06036013061089331	0.006544144819127136	-1	0.0	0.03497793545121228	0.055436531913823035	0.02491457704548599	0.0023277542655561322	0.0030909266980307434	0.04435687143043879	0.053443475927772995	0.04726519923172493
ETEC_4204_1-732	0.021306282479566306	0.006577302273368793	0.025382195159681036	0.02843379063208514	-1	0.03497793545121228	0.0	0.020458596462610758	0.010063358405726287	0.03730568971676841	0.03188700875318153	0.00937893597922651	0.018465540476560717	0.012287263780512654
Ecoli9000q_35600_1-732	0.041764878942177064	0.013881294189241965	0.004923598697070278	0.0488923870946959	-1	0.055436531913823035	0.020458596462610758	0.0	0.030521954868337045	0.05776428617937916	0.05234560521579229	0.011079660483384247	0.0019930559860500408	0.008171332682098104
ENC_00980_1-731	0.011242924073840019	0.01664066067909508	0.03544555356540732	0.018370432226358854	-1	0.02491457704548599	0.010063358405726287	0.030521954868337045	0.0	0.02724233131104212	0.021823650347455245	0.019442294384952798	0.028528898882287004	0.02235062218623894
t3523_1-732	0.015999407237202102	0.043882991990137205	0.06268788487644944	0.008871899084683268	-1	0.0023277542655561322	0.03730568971676841	0.05776428617937916	0.02724233131104212	0.0	0.005418680963586876	0.04668462569599492	0.05577123019332912	0.04959295349728106
BN373_48631_1-731	0.010580726273615226	0.038464311026550325	0.05726920391286257	0.0034532181210963925	-1	0.0030909266980307434	0.03188700875318153	0.05234560521579229	0.021823650347455245	0.005418680963586876	0.0	0.04126594473240804	0.05035254922974225	0.04417427253369419
SL1344_4044_1-732	0.030685218458792816	0.0028016337058577173	0.016003259180454525	0.03781272661131165	-1	0.04435687143043879	0.00937893597922651	0.011079660483384247	0.019442294384952798	0.04668462569599492	0.04126594473240804	0.0	0.009086604497334207	0.002908327801286144
ROD_38111_1-778	0.03977182295612702	0.011888238203191924	0.0069166546831203185	0.04689933110864586	-1	0.053443475927772995	0.018465540476560717	0.0019930559860500408	0.028528898882287004	0.05577123019332912	0.05035254922974225	0.009086604497334207	0.0	0.006178276696048063
STM_MW40601_1-732	0.03359354626007896	0.005709961507143861	0.013094931379168381	0.040721054412597796	-1	0.04726519923172493	0.012287263780512654	0.008171332682098104	0.02235062218623894	0.04959295349728106	0.04417427253369419	0.002908327801286144	0.006178276696048063	0.0
