ETEC_1412_1-104	0.0	0.3957833611797362	0.33181789021898994	0.33053318521892333	-1	0.38375135832179197	0.2228332691053243	0.03511774214051023	0.5046230381096228	0.049785254109309736
CS17_01494_1-105	0.3957833611797362	0.0	0.5962732515082856	0.5954970113712698	-1	0.6276523170476399	0.22253923797704447	0.3737923628519529	0.7006849971376024	0.4258644400804761
STMMW_16811_1-104	0.33181789021898994	0.5962732515082856	0.0	0.001918997285155592	-1	0.07772352378578747	0.4807110940991851	0.35528293725318155	0.2586198363605815	0.2968093658084784
STM_MW16811_1-105	0.33053318521892333	0.5954970113712698	0.001918997285155592	0.0	-1	0.0794933698398054	0.4797126641141193	0.35404334819203387	0.26004254288187373	0.2954573503765747
b1308_1-104	-1	-1	-1	-1	-1	-1	-1	-1	-1	-1
NCTC13441_02457_1-105	0.38375135832179197	0.6276523170476399	0.07772352378578747	0.0794933698398054	-1	0.0	0.5210720577286626	0.40539261921468694	0.19614108918547124	0.3514638197910061
t1591_1-104	0.2228332691053243	0.22253923797704447	0.4807110940991851	0.4797126641141193	-1	0.5210720577286626	0.0	0.19454759939440197	0.6150095059671192	0.2615247122882173
SEN1347_1-104	0.03511774214051023	0.3737923628519529	0.35528293725318155	0.35404334819203387	-1	0.40539261921468694	0.19454759939440197	0.0	0.5220195585196385	0.08315465053360944
Ecoli9000q_3420_1-105	0.5046230381096228	0.7006849971376024	0.2586198363605815	0.26004254288187373	-1	0.19614108918547124	0.6150095059671192	0.5220195585196385	0.0	0.4786684125533832
SL1344_1616_1-104	0.049785254109309736	0.4258644400804761	0.2968093658084784	0.2954573503765747	-1	0.3514638197910061	0.2615247122882173	0.08315465053360944	0.4786684125533832	0.0
