ETEC_4456_1-272	0.0	0.48857927294901704	3.724147451888345	-1	0.06751315222837762	0.2025394566851324	2.8133535823653277	0.5830827076236551	1.0519742577793383	0.5586972691304125	0.4909181658034537	0.504713904377432	0.2796294099918888	0.261255546293637	-1	0.1219667959841797	0.4495309500815182	0.6751315222837743
NCTC13441_04865_1-272	0.48857927294901704	0.0	3.235568178939328	-1	0.5560924251773947	0.6911187296341494	2.324774309416311	1.0716619805726721	1.5405535307283555	1.0472765420794294	0.9794974387524708	0.9932931773264491	0.7682086829409058	0.749834819242654	-1	0.36661247696483734	0.9381102230305353	1.1637107952327912
ERS227112_05682_1-272	3.724147451888345	3.235568178939328	0.0	-1	3.7916606041167222	3.926686908573477	0.9107938695230171	4.307230159512	4.776121709667684	4.2828447210187575	4.215065617691798	4.228861356265777	4.003776861880233	3.985402998181982	-1	3.6021806559041654	4.173678401969863	4.399278974172119
b0252_2-273	-1	-1	-1	-1	-1	-1	-1	-1	-1	-1	-1	-1	-1	-1	-1	-1	-1	-1
ETEC_3944_1-272	0.06751315222837762	0.5560924251773947	3.7916606041167222	-1	0.0	0.1350263044567548	2.880866734593705	0.5155695553952775	0.9844611055509608	0.4911841169020349	0.4234050135750761	0.4372007521490544	0.21211625776351117	0.1937423940652594	-1	0.18947994821255731	0.3820177978531406	0.6076183700553967
ETEC_3221_1-272	0.2025394566851324	0.6911187296341494	3.926686908573477	-1	0.1350263044567548	0.0	3.01589303905046	0.3805432509385227	0.849434801094206	0.3561578124452801	0.2883787091183213	0.3021744476922996	0.07708995330675639	0.05871608960850461	-1	0.3245062526693121	0.24699149339638582	0.47259206559864186
ERS227112_00154_1-272	2.8133535823653277	2.324774309416311	0.9107938695230171	-1	2.880866734593705	3.01589303905046	0.0	3.3964362899889826	3.865327840144666	3.3720508514957404	3.3042717481687816	3.31806748674276	3.0929829923572165	3.074609128658965	-1	2.6913867863811483	3.262884532446846	3.488485104649102
CS17_01159_1-272	0.5830827076236551	1.0716619805726721	4.307230159512	-1	0.5155695553952775	0.3805432509385227	3.3964362899889826	0.0	0.4688915501556833	0.024385438493242595	0.0921645418202014	0.07836880324622308	0.3034532976317663	0.3218271613300181	-1	0.7050495036078348	0.13355175754213688	0.09204881466011916
Ecoli9000q_53850_1-272	1.0519742577793383	1.5405535307283555	4.776121709667684	-1	0.9844611055509608	0.849434801094206	3.865327840144666	0.4688915501556833	0.0	0.4932769886489259	0.5610560919758847	0.5472603534019064	0.7723448477874496	0.7907187114857014	-1	1.1739410537635182	0.6024433076978202	0.37684273549556413
CS17_00298_1-273	0.5586972691304125	1.0472765420794294	4.2828447210187575	-1	0.4911841169020349	0.3561578124452801	3.3720508514957404	0.024385438493242595	0.4932769886489259	0.0	0.0677791033269588	0.05398336475298049	0.2790678591385237	0.2974417228367755	-1	0.6806640651145922	0.10916631904889429	0.11643425315336176
NCTC13441_04970_1-272	0.4909181658034537	0.9794974387524708	4.215065617691798	-1	0.4234050135750761	0.2883787091183213	3.3042717481687816	0.0921645418202014	0.5610560919758847	0.0677791033269588	0.0	0.013795738573978311	0.21128875581156492	0.2296626195098167	-1	0.6128849617876334	0.04138721572193549	0.18421335648032056
NCTC13441_04128_1-272	0.504713904377432	0.9932931773264491	4.228861356265777	-1	0.4372007521490544	0.3021744476922996	3.31806748674276	0.07836880324622308	0.5472603534019064	0.05398336475298049	0.013795738573978311	0.0	0.22508449438554323	0.243458358083795	-1	0.6266807003616117	0.0551829542959138	0.17041761790634224
ROD_49721_1-272	0.2796294099918888	0.7682086829409058	4.003776861880233	-1	0.21211625776351117	0.07708995330675639	3.0929829923572165	0.3034532976317663	0.7723448477874496	0.2790678591385237	0.21128875581156492	0.22508449438554323	0.0	0.01837386369825178	-1	0.4015962059760685	0.16990154008962943	0.3955021122918855
CS17_03368_1-272	0.261255546293637	0.749834819242654	3.985402998181982	-1	0.1937423940652594	0.05871608960850461	3.074609128658965	0.3218271613300181	0.7907187114857014	0.2974417228367755	0.2296626195098167	0.243458358083795	0.01837386369825178	0.0	-1	0.3832223422778167	0.1882754037878812	0.41387597599013726
b2633_2-273	-1	-1	-1	-1	-1	-1	-1	-1	-1	-1	-1	-1	-1	-1	-1	-1	-1	-1
ENC_36090_2-272	0.1219667959841797	0.36661247696483734	3.6021806559041654	-1	0.18947994821255731	0.3245062526693121	2.6913867863811483	0.7050495036078348	1.1739410537635182	0.6806640651145922	0.6128849617876334	0.6266807003616117	0.4015962059760685	0.3832223422778167	-1	0.0	0.5714977460656979	0.797098318267954
NCTC13441_01716_1-272	0.4495309500815182	0.9381102230305353	4.173678401969863	-1	0.3820177978531406	0.24699149339638582	3.262884532446846	0.13355175754213688	0.6024433076978202	0.10916631904889429	0.04138721572193549	0.0551829542959138	0.16990154008962943	0.1882754037878812	-1	0.5714977460656979	0.0	0.22560057220225604
ETEC_2121_1-272	0.6751315222837743	1.1637107952327912	4.399278974172119	-1	0.6076183700553967	0.47259206559864186	3.488485104649102	0.09204881466011916	0.37684273549556413	0.11643425315336176	0.18421335648032056	0.17041761790634224	0.3955021122918855	0.41387597599013726	-1	0.797098318267954	0.22560057220225604	0.0
