SEN3733_1-450	0.0	0.0543930586856298	1.019890964926205	-1	0.62553151361384	1.078438833442645	0.040970458160526	0.181962231322851	0.5776944158880231	0.08812284608957718	0.05100111577148449	1.328397564410715	0.22793280520342302
STM_MW39031_1-450	0.0543930586856298	0.0	1.0742840236118347	-1	0.6799245722994698	1.1328318921282747	0.0134226005251038	0.2363552900084808	0.6320874745736529	0.033729787403947394	0.00339194291414531	1.382790623096345	0.2823258638890528
ENC_02100_1-449	1.019890964926205	1.0742840236118347	0.0	-1	0.39435945131236494	0.058547868516440005	1.0608614230867308	0.8379287336033538	0.44219654903818184	1.108013811015782	1.0708920806976894	0.3085065994845102	0.7919581597227818
b3793_1-450	-1	-1	-1	-1	-1	-1	-1	-1	-1	-1	-1	-1	-1
ERS227112_01764_1-449	0.62553151361384	0.6799245722994698	0.39435945131236494	-1	0.0	0.45290731982880494	0.666501971774366	0.44356928229098896	0.0478370977258169	0.7136543597034172	0.6765326293853244	0.7028660507968751	0.39759870841041695
CS17_04245_1-450	1.078438833442645	1.1328318921282747	0.058547868516440005	-1	0.45290731982880494	0.0	1.1194092916031708	0.8964766021197939	0.5007444175546218	1.166561679532222	1.1294399492141294	0.2499587309680702	0.8505060282392218
t3369_1-450	0.040970458160526	0.0134226005251038	1.0608614230867308	-1	0.666501971774366	1.1194092916031708	0.0	0.222932689483377	0.6186648740485491	0.047152387929051194	0.01003065761095849	1.369368022571241	0.268903263363949
NCTC13441_04729_1-450	0.181962231322851	0.2363552900084808	0.8379287336033538	-1	0.44356928229098896	0.8964766021197939	0.222932689483377	0.0	0.39573218456517206	0.2700850774124282	0.23296334709433547	1.146435333087864	0.04597057388057202
ETEC_4076_1-450	0.5776944158880231	0.6320874745736529	0.44219654903818184	-1	0.0478370977258169	0.5007444175546218	0.6186648740485491	0.39573218456517206	0.0	0.6658172619776003	0.6286955316595075	0.750703148522692	0.34976161068460004
SL1344_3887_1-450	0.08812284608957718	0.033729787403947394	1.108013811015782	-1	0.7136543597034172	1.166561679532222	0.047152387929051194	0.2700850774124282	0.6658172619776003	0.0	0.037121730318092704	1.4165204105002922	0.31605565129300023
STMMW_39031_1-450	0.05100111577148449	0.00339194291414531	1.0708920806976894	-1	0.6765326293853244	1.1294399492141294	0.01003065761095849	0.23296334709433547	0.6286955316595075	0.037121730318092704	0.0	1.3793986801821996	0.2789339209749075
BN373_49221_1-448	1.328397564410715	1.382790623096345	0.3085065994845102	-1	0.7028660507968751	0.2499587309680702	1.369368022571241	1.146435333087864	0.750703148522692	1.4165204105002922	1.3793986801821996	0.0	1.100464759207292
ROD_39531_1-450	0.22793280520342302	0.2823258638890528	0.7919581597227818	-1	0.39759870841041695	0.8505060282392218	0.268903263363949	0.04597057388057202	0.34976161068460004	0.31605565129300023	0.2789339209749075	1.100464759207292	0.0
