STM_MW12911_1-644	0.0	0.1494105191961584	0.12285769154209542	0.3294183944182677	0.4491886579232589	0.05239952838220657	0.2595714413450153	0.15347860277359537	0.4012316600188196	0.20513433369652856	0.36747590550444487	0.1780410965623037	-1
CS17_01970_1-644	0.1494105191961584	0.0	0.02655282765406297	0.18000787522210931	0.2997781387271005	0.09701099081395181	0.11016092214885692	0.004068083577436987	0.2518211408226612	0.05572381450037017	0.21806538630828648	0.028630577366145327	-1
STMMW_12911_1-644	0.12285769154209542	0.02655282765406297	0.0	0.2065607028761723	0.3263309663811635	0.07045816315988884	0.1367137498029199	0.03062091123149996	0.2783739684767242	0.08227664215443314	0.24461821396234945	0.0551834050202083	-1
SL1344_1220_1-594	0.3294183944182677	0.18000787522210931	0.2065607028761723	0.0	0.1197702635049912	0.27701886603606113	0.0698469530732524	0.17593979164467233	0.0718132656005519	0.12428406072173914	0.038057511086177165	0.151377297855964	-1
ROD_12691_1-644	0.4491886579232589	0.2997781387271005	0.3263309663811635	0.1197702635049912	0.0	0.39678912954105233	0.1896172165782436	0.29571005514966353	0.0479569979044393	0.24405432422673035	0.08171275241881404	0.2711475613609552	-1
NCTC13441_02097_1-644	0.05239952838220657	0.09701099081395181	0.07045816315988884	0.27701886603606113	0.39678912954105233	0.0	0.20717191296280874	0.1010790743913888	0.34883213163661303	0.152734805314322	0.3150763771222383	0.12564156818009714	-1
ERS227112_03661_1-644	0.2595714413450153	0.11016092214885692	0.1367137498029199	0.0698469530732524	0.1896172165782436	0.20717191296280874	0.0	0.10609283857141993	0.1416602186738043	0.05443710764848675	0.10790446415942956	0.0815303447827116	-1
t1164_1-644	0.15347860277359537	0.004068083577436987	0.03062091123149996	0.17593979164467233	0.29571005514966353	0.1010790743913888	0.10609283857141993	0.0	0.24775305724522423	0.051655730922933185	0.2139973027308495	0.02456249378870834	-1
BN373_18151_1-644	0.4012316600188196	0.2518211408226612	0.2783739684767242	0.0718132656005519	0.0479569979044393	0.34883213163661303	0.1416602186738043	0.24775305724522423	0.0	0.19609732632229104	0.033755754514374736	0.2231905634565159	-1
SEN1767_1-644	0.20513433369652856	0.05572381450037017	0.08227664215443314	0.12428406072173914	0.24405432422673035	0.152734805314322	0.05443710764848675	0.051655730922933185	0.19609732632229104	0.0	0.1623415718079163	0.027093237134224846	-1
ENC_14790_1-644	0.36747590550444487	0.21806538630828648	0.24461821396234945	0.038057511086177165	0.08171275241881404	0.3150763771222383	0.10790446415942956	0.2139973027308495	0.033755754514374736	0.1623415718079163	0.0	0.18943480894214115	-1
ETEC_1815_1-644	0.1780410965623037	0.028630577366145327	0.0551834050202083	0.151377297855964	0.2711475613609552	0.12564156818009714	0.0815303447827116	0.02456249378870834	0.2231905634565159	0.027093237134224846	0.18943480894214115	0.0	-1
b1783_1-644	-1	-1	-1	-1	-1	-1	-1	-1	-1	-1	-1	-1	-1
