CS17_02083_1-143	0.0	1.96080681767482	0.24256879098369	0.18403584095160008	0.04598970873385011	0.06415950510209001	0.04886148732079998	0.4648159799948801	0.17121099515470006	0.92673967202314	0.029006228854709937	0.49939698832999	0.36240477633379986	0.50057573177103	1.3592555762062	5.47229551995352	0.599633361694436	0.6266326316811751	5.47229551995352	0.10626271514609997	0.724398244276765	0.44323692562716	1.77640244702349	0.747622015882869	0.8257632696799381	0.16083981199875996	0.6307228879330071	0.03524607930153989	5.47229551995352	0.16531293779980016	1.057602385246916
BN373_44961_1-144	1.96080681767482	0.0	1.71823802669113	2.1448426586264198	2.00679652640867	2.02496632277691	2.00966830499562	2.4256227976697	2.13201781282952	1.03406714565168	1.93180058882011	2.46020380600481	1.59840204134102	2.46138254944585	0.6015512414686199	3.5114887022787	2.560440179369256	2.587439449355995	3.5114887022787	1.85454410252872	2.685205061951585	2.4040437433019797	0.18440437065132986	2.708428833557689	2.786570087354758	2.12164662967358	2.591529705607827	1.92556073837328	3.5114887022787	2.12611975547462	3.018409202921736
NCTC13441_04577_1-143	0.24256879098369	1.71823802669113	0.0	0.4266046319352901	0.2885584997175401	0.30672829608578	0.29143027830449	0.7073847709785701	0.41377978613839006	0.68417088103945	0.21356256212898006	0.74196577931368	0.11983598535010986	0.74314452275472	1.11668678522251	5.22972672896983	0.842202152678126	0.8692014226648651	5.22972672896983	0.13630607583759002	0.966967035260455	0.68580571661085	1.5338336560398	0.990190806866559	1.0683320606636282	0.40340860298244996	0.8732916789166971	0.2073227116821501	5.22972672896983	0.40788172878349016	1.300171176230606
t3925_1-144	0.18403584095160008	2.1448426586264198	0.4266046319352901	0.0	0.13804613221774997	0.11987633584951007	0.1351743536308001	0.28078013904328003	0.01282484579690002	1.11077551297474	0.21304206980631002	0.31536114737838994	0.5464406172853999	0.3165398908194299	1.5432914171578	5.65633136090512	0.41559752074283596	0.44259679072957503	5.65633136090512	0.29029855609770006	0.5403624033251649	0.2592010846755599	1.9604382879750901	0.563586174931269	0.641727428728338	0.02319602895284012	0.44668704698140704	0.21928192025313997	5.65633136090512	0.01872290315179992	0.873566544295316
STMMW_35801_1-144	0.04598970873385011	2.00679652640867	0.2885584997175401	0.13804613221774997	0.0	0.0181697963682399	0.002871778586949869	0.41882627126103	0.12522128642084995	0.9727293807569901	0.07499593758856005	0.4534072795961399	0.40839448506764997	0.4545860230371799	1.40524528494005	5.51828522868737	0.5536436529605859	0.580642922947325	5.51828522868737	0.15225242387995008	0.6784085355429149	0.3972472168933099	1.8223921557573401	0.7016323071490189	0.779773560946088	0.11485010326490985	0.584733179199157	0.08123578803539	5.51828522868737	0.11932322906595005	1.011612676513066
SEN3414_1-144	0.06415950510209001	2.02496632277691	0.30672829608578	0.11987633584951007	0.0181697963682399	0.0	0.01529801778129003	0.4006564748927901	0.10705149005261005	0.99089917712523	0.09316573395679995	0.4352374832279	0.42656428143588987	0.43641622666894	1.42341508130829	5.53645502505561	0.535473856592346	0.5624731265790851	5.53645502505561	0.17042222024818998	0.660238739174675	0.37907742052507	1.84056195212558	0.683462510780779	0.7616037645778481	0.09668030689666995	0.5665633828309171	0.0994055844036299	5.53645502505561	0.10115343269771015	0.9934428801448261
ROD_43041_1-166	0.04886148732079998	2.00966830499562	0.29143027830449	0.1351743536308001	0.002871778586949869	0.01529801778129003	0.0	0.41595449267408013	0.12234950783390008	0.97560115934394	0.07786771617550992	0.45053550100919004	0.41126626365459984	0.45171424445023	1.408117063527	5.52115700727432	0.5507718743736361	0.5777711443603751	5.52115700727432	0.15512420246689995	0.675536756955965	0.39437543830636	1.82526393434429	0.698760528562069	0.7769017823591381	0.11197832467795998	0.5818614006122071	0.08410756662233987	5.52115700727432	0.11645145047900018	1.008740897926116
STMMW_19101_1-142	0.4648159799948801	2.4256227976697	0.7073847709785701	0.28078013904328003	0.41882627126103	0.4006564748927901	0.41595449267408013	0.0	0.29360498484018005	1.3915556520180201	0.49382220884959005	0.03458100833510991	0.82722075632868	0.03575975177614987	1.82407155620108	5.9371114999484	0.13481738169955593	0.161816651686295	5.9371114999484	0.5710786951409801	0.2595822642818849	0.02157905436772012	2.24121842701837	0.2828060358879889	0.36094728968505796	0.30397616799612015	0.165906907938127	0.50006205929642	5.9371114999484	0.29950304219507995	0.592786405252036
ETEC_1926_1-142	0.17121099515470006	2.13201781282952	0.41377978613839006	0.01282484579690002	0.12522128642084995	0.10705149005261005	0.12234950783390008	0.29360498484018005	0.0	1.09795066717784	0.20021722400941	0.32818599317528996	0.5336157714884999	0.3293647366163299	1.5304665713609	5.6435065151082195	0.428422366539736	0.45542163652647505	5.6435065151082195	0.27747371030080004	0.553187249122065	0.27202593047245993	1.94761344217819	0.576411020728169	0.654552274525238	0.0103711831559401	0.45951189277830706	0.20645707445623995	5.6435065151082195	0.005898057354899899	0.886391390092216
ENC_27030_1-144	0.92673967202314	1.03406714565168	0.68417088103945	1.11077551297474	0.9727293807569901	0.99089917712523	0.97560115934394	1.3915556520180201	1.09795066717784	0.0	0.8977334431684301	1.42613666035313	0.5643348956893401	1.42731540379417	0.43251590418305996	4.54555584793038	1.526373033717576	1.553372303704315	4.54555584793038	0.82047695687704	1.6511379162999051	1.3699765976503	0.84966277500035	1.674361687906009	1.752502941703078	1.0875794840219	1.5574625599561471	0.8914935927216001	4.54555584793038	1.0920526098229402	1.984342057270056
ETEC_4192_1-142	0.029006228854709937	1.93180058882011	0.21356256212898006	0.21304206980631002	0.07499593758856005	0.09316573395679995	0.07786771617550992	0.49382220884959005	0.20021722400941	0.8977334431684301	0.0	0.5284032171847	0.3333985474790899	0.5295819606257399	1.33024934735149	5.44328929109881	0.628639590549146	0.655638860535885	5.44328929109881	0.07725648629139004	0.753404473131475	0.47224315448186993	1.74739621816878	0.776628244737579	0.854769498534648	0.1898460408534699	0.6597291167877171	0.006239850446829953	5.44328929109881	0.1943191666545101	1.086608614101626
STM_MW35801_1-144	0.49939698832999	2.46020380600481	0.74196577931368	0.31536114737838994	0.4534072795961399	0.4352374832279	0.45053550100919004	0.03458100833510991	0.32818599317528996	1.42613666035313	0.5284032171847	0.0	0.8618017646637899	0.0011787434410399644	1.85865256453619	5.97169250828351	0.10023637336444602	0.1272356433511851	5.97169250828351	0.60565970347609	0.225001255946775	0.05616006270283003	2.27579943535348	0.248225027552879	0.32636628134994805	0.33855717633123006	0.1313258996030171	0.5346430676315299	5.97169250828351	0.33408405053018986	0.558205396916926
CS17_04379_1-143	0.36240477633379986	1.59840204134102	0.11983598535010986	0.5464406172853999	0.40839448506764997	0.42656428143588987	0.41126626365459984	0.82722075632868	0.5336157714884999	0.5643348956893401	0.3333985474790899	0.8618017646637899	0.0	0.8629805081048298	0.9968507998724001	5.1098907436197205	0.9620381380282359	0.989037408014975	5.1098907436197205	0.2561420611876999	1.086803020610565	0.8056417019609599	1.4139976706896902	1.110026792216669	1.1881680460137378	0.5232445883325598	0.993127664266807	0.32715869703225997	5.1098907436197205	0.5277177141336	1.420007161580716
NCTC13441_01988_1-142	0.50057573177103	2.46138254944585	0.74314452275472	0.3165398908194299	0.4545860230371799	0.43641622666894	0.45171424445023	0.03575975177614987	0.3293647366163299	1.42731540379417	0.5295819606257399	0.0011787434410399644	0.8629805081048298	0.0	1.85983130797723	5.97287125172455	0.09905762992340605	0.12605689991014513	5.97287125172455	0.60683844691713	0.22382251250573504	0.05733880614386999	2.2769781787945202	0.24704628411183904	0.3251875379089081	0.33973591977227	0.13014715616197714	0.5358218110725699	5.97287125172455	0.3352627939712298	0.5570266534758861
CS17_03930_1-144	1.3592555762062	0.6015512414686199	1.11668678522251	1.5432914171578	1.40524528494005	1.42341508130829	1.408117063527	1.82407155620108	1.5304665713609	0.43251590418305996	1.33024934735149	1.85865256453619	0.9968507998724001	1.85983130797723	0.0	4.11303994374732	1.958888937900636	1.985888207887375	4.11303994374732	1.2529928610601	2.083653820482965	1.80249250183336	0.41714687081729007	2.106877592089069	2.185018845886138	1.52009538820496	1.989978464139207	1.32400949690466	4.11303994374732	1.5245685140060001	2.416857961453116
b1895_1-142	5.47229551995352	3.5114887022787	5.22972672896983	5.65633136090512	5.51828522868737	5.53645502505561	5.52115700727432	5.9371114999484	5.6435065151082195	4.54555584793038	5.44328929109881	5.97169250828351	5.1098907436197205	5.97287125172455	4.11303994374732	0.0	6.071928881647956	6.098928151634695	0.0	5.3660328048074195	6.196693764230285	5.91553244558068	3.69589307293003	6.219917535836389	6.298058789633458	5.63313533195228	6.103018407886527	5.43704944065198	0.0	5.63760845775332	6.529897905200436
SL1344_1861_1-142	0.599633361694436	2.560440179369256	0.842202152678126	0.41559752074283596	0.5536436529605859	0.535473856592346	0.5507718743736361	0.13481738169955593	0.428422366539736	1.526373033717576	0.628639590549146	0.10023637336444602	0.9620381380282359	0.09905762992340605	1.958888937900636	6.071928881647956	0.0	0.026999269986739072	6.071928881647956	0.705896076840536	0.12476488258232898	0.15639643606727605	2.3760358087179263	0.147988654188433	0.22612990798550203	0.4387935496956761	0.031089526238571086	0.6348794409959759	6.071928881647956	0.4343204238946359	0.45796902355248004
SEN1077_1-142	0.6266326316811751	2.587439449355995	0.8692014226648651	0.44259679072957503	0.580642922947325	0.5624731265790851	0.5777711443603751	0.161816651686295	0.45542163652647505	1.553372303704315	0.655638860535885	0.1272356433511851	0.989037408014975	0.12605689991014513	1.985888207887375	6.098928151634695	0.026999269986739072	0.0	6.098928151634695	0.7328953468272751	0.09776561259558991	0.18339570605401512	2.403035078704665	0.12098938420169392	0.19913063799876296	0.46579281968241515	0.004090256251832014	0.661878710982715	6.098928151634695	0.46131969388137495	0.43096975356574097
b3923_1-142	5.47229551995352	3.5114887022787	5.22972672896983	5.65633136090512	5.51828522868737	5.53645502505561	5.52115700727432	5.9371114999484	5.6435065151082195	4.54555584793038	5.44328929109881	5.97169250828351	5.1098907436197205	5.97287125172455	4.11303994374732	0.0	6.071928881647956	6.098928151634695	0.0	5.3660328048074195	6.196693764230285	5.91553244558068	3.69589307293003	6.219917535836389	6.298058789633458	5.63313533195228	6.103018407886527	5.43704944065198	0.0	5.63760845775332	6.529897905200436
BN373_31551_1-140	0.10626271514609997	1.85454410252872	0.13630607583759002	0.29029855609770006	0.15225242387995008	0.17042222024818998	0.15512420246689995	0.5710786951409801	0.27747371030080004	0.82047695687704	0.07725648629139004	0.60565970347609	0.2561420611876999	0.60683844691713	1.2529928610601	5.3660328048074195	0.705896076840536	0.7328953468272751	5.3660328048074195	0.0	0.830660959422865	0.54949964077326	1.67013973187739	0.853884731028969	0.932025984826038	0.26710252714485994	0.7369856030791071	0.07101663584456008	5.3660328048074195	0.27157565294590014	1.163865100393016
ERS227112_04270_1-142	0.724398244276765	2.685205061951585	0.966967035260455	0.5403624033251649	0.6784085355429149	0.660238739174675	0.675536756955965	0.2595822642818849	0.553187249122065	1.6511379162999051	0.753404473131475	0.225001255946775	1.086803020610565	0.22382251250573504	2.083653820482965	6.196693764230285	0.12476488258232898	0.09776561259558991	6.196693764230285	0.830660959422865	0.0	0.28116131864960503	2.500800691300255	0.023223771606104004	0.10136502540317305	0.5635584322780051	0.0936753563437579	0.7596443235783049	6.196693764230285	0.5590853064769649	0.33320414097015105
t0950_1-128	0.44323692562716	2.4040437433019797	0.68580571661085	0.2592010846755599	0.3972472168933099	0.37907742052507	0.39437543830636	0.02157905436772012	0.27202593047245993	1.3699765976503	0.47224315448186993	0.05616006270283003	0.8056417019609599	0.05733880614386999	1.80249250183336	5.91553244558068	0.15639643606727605	0.18339570605401512	5.91553244558068	0.54949964077326	0.28116131864960503	0.0	2.21963937265065	0.30438509025570903	0.3825263440527781	0.28239711362840003	0.18748596230584713	0.4784830049286999	5.91553244558068	0.27792398782735983	0.6143654596197561
ERS227112_00724_1-144	1.77640244702349	0.18440437065132986	1.5338336560398	1.9604382879750901	1.8223921557573401	1.84056195212558	1.82526393434429	2.24121842701837	1.94761344217819	0.84966277500035	1.74739621816878	2.27579943535348	1.4139976706896902	2.2769781787945202	0.41714687081729007	3.69589307293003	2.3760358087179263	2.403035078704665	3.69589307293003	1.67013973187739	2.500800691300255	2.21963937265065	0.0	2.5240244629063593	2.602165716703428	1.93724225902225	2.407125334956497	1.7411563677219501	3.69589307293003	1.9417153848232902	2.834004832270406
ROD_19471_1-142	0.747622015882869	2.708428833557689	0.990190806866559	0.563586174931269	0.7016323071490189	0.683462510780779	0.698760528562069	0.2828060358879889	0.576411020728169	1.674361687906009	0.776628244737579	0.248225027552879	1.110026792216669	0.24704628411183904	2.106877592089069	6.219917535836389	0.147988654188433	0.12098938420169392	6.219917535836389	0.853884731028969	0.023223771606104004	0.30438509025570903	2.5240244629063593	0.0	0.07814125379706904	0.5867822038841091	0.1168991279498619	0.7828680951844089	6.219917535836389	0.5823090780830689	0.30998036936404705
STM_MW19101_1-143	0.8257632696799381	2.786570087354758	1.0683320606636282	0.641727428728338	0.779773560946088	0.7616037645778481	0.7769017823591381	0.36094728968505796	0.654552274525238	1.752502941703078	0.854769498534648	0.32636628134994805	1.1881680460137378	0.3251875379089081	2.185018845886138	6.298058789633458	0.22612990798550203	0.19913063799876296	6.298058789633458	0.932025984826038	0.10136502540317305	0.3825263440527781	2.602165716703428	0.07814125379706904	0.0	0.6649234576811781	0.19504038174693095	0.861009348981478	6.298058789633458	0.6604503318801379	0.231839115566978
SL1344_3556_1-144	0.16083981199875996	2.12164662967358	0.40340860298244996	0.02319602895284012	0.11485010326490985	0.09668030689666995	0.11197832467795998	0.30397616799612015	0.0103711831559401	1.0875794840219	0.1898460408534699	0.33855717633123006	0.5232445883325598	0.33973591977227	1.52009538820496	5.63313533195228	0.4387935496956761	0.46579281968241515	5.63313533195228	0.26710252714485994	0.5635584322780051	0.28239711362840003	1.93724225902225	0.5867822038841091	0.6649234576811781	0.0	0.46988307593424716	0.19608589130029985	5.63313533195228	0.004473125801040201	0.8967625732481561
ERS227112_04027_1-141	0.6307228879330071	2.591529705607827	0.8732916789166971	0.44668704698140704	0.584733179199157	0.5665633828309171	0.5818614006122071	0.165906907938127	0.45951189277830706	1.5574625599561471	0.6597291167877171	0.1313258996030171	0.993127664266807	0.13014715616197714	1.989978464139207	6.103018407886527	0.031089526238571086	0.004090256251832014	6.103018407886527	0.7369856030791071	0.0936753563437579	0.18748596230584713	2.407125334956497	0.1168991279498619	0.19504038174693095	0.46988307593424716	0.0	0.665968967234547	6.103018407886527	0.46540995013320696	0.42687949731390895
ETEC_3742_1-144	0.03524607930153989	1.92556073837328	0.2073227116821501	0.21928192025313997	0.08123578803539	0.0994055844036299	0.08410756662233987	0.50006205929642	0.20645707445623995	0.8914935927216001	0.006239850446829953	0.5346430676315299	0.32715869703225997	0.5358218110725699	1.32400949690466	5.43704944065198	0.6348794409959759	0.661878710982715	5.43704944065198	0.07101663584456008	0.7596443235783049	0.4784830049286999	1.7411563677219501	0.7828680951844089	0.861009348981478	0.19608589130029985	0.665968967234547	0.0	5.43704944065198	0.20055901710134005	1.092848464548456
b3495_1-144	5.47229551995352	3.5114887022787	5.22972672896983	5.65633136090512	5.51828522868737	5.53645502505561	5.52115700727432	5.9371114999484	5.6435065151082195	4.54555584793038	5.44328929109881	5.97169250828351	5.1098907436197205	5.97287125172455	4.11303994374732	0.0	6.071928881647956	6.098928151634695	0.0	5.3660328048074195	6.196693764230285	5.91553244558068	3.69589307293003	6.219917535836389	6.298058789633458	5.63313533195228	6.103018407886527	5.43704944065198	0.0	5.63760845775332	6.529897905200436
NCTC13441_00203_1-144	0.16531293779980016	2.12611975547462	0.40788172878349016	0.01872290315179992	0.11932322906595005	0.10115343269771015	0.11645145047900018	0.29950304219507995	0.005898057354899899	1.0920526098229402	0.1943191666545101	0.33408405053018986	0.5277177141336	0.3352627939712298	1.5245685140060001	5.63760845775332	0.4343204238946359	0.46131969388137495	5.63760845775332	0.27157565294590014	0.5590853064769649	0.27792398782735983	1.9417153848232902	0.5823090780830689	0.6604503318801379	0.004473125801040201	0.46540995013320696	0.20055901710134005	5.63760845775332	0.0	0.8922894474471159
BN373_29771_1-142	1.057602385246916	3.018409202921736	1.300171176230606	0.873566544295316	1.011612676513066	0.9934428801448261	1.008740897926116	0.592786405252036	0.886391390092216	1.984342057270056	1.086608614101626	0.558205396916926	1.420007161580716	0.5570266534758861	2.416857961453116	6.529897905200436	0.45796902355248004	0.43096975356574097	6.529897905200436	1.163865100393016	0.33320414097015105	0.6143654596197561	2.834004832270406	0.30998036936404705	0.231839115566978	0.8967625732481561	0.42687949731390895	1.092848464548456	6.529897905200436	0.8922894474471159	0.0
