STMMW_23871_1-422	0.0	0.019054182319281254	0.010782012666318591	0.04995165457049859	0.03559592387860634	0.022169973091376742	0.00338841929110497	0.04995165457049859	0.014383494455596786	-1	0.01556896489756577	0.015321724835136441	0.009244780627487036
ERS227112_03874_1-422	0.019054182319281254	0.0	0.008272169652962662	0.030897472251217337	0.0546501061978876	0.0031157907720954885	0.022442601610386224	0.030897472251217337	0.0046706878636844675	-1	0.0034852174217154842	0.0343759071544177	0.02829896294676829
SEN2347_1-422	0.010782012666318591	0.008272169652962662	0.0	0.03916964190418	0.04637793654492493	0.011387960425058151	0.014170431957423561	0.03916964190418	0.003601481789278195	-1	0.004786952231247178	0.026103737501455032	0.020026793293805627
t0499_1-422	0.04995165457049859	0.030897472251217337	0.03916964190418	0.0	0.08554757844910493	0.02778168147912185	0.05334007386160356	0.0	0.035568160114901805	-1	0.03438268967293282	0.06527337940563503	0.05919643519798563
ENC_38920_1-422	0.03559592387860634	0.0546501061978876	0.04637793654492493	0.08554757844910493	0.0	0.057765896969983084	0.03220750458750137	0.08554757844910493	0.04997941833420313	-1	0.05116488877617211	0.0202741990434699	0.026351143251119306
ROD_27271_1-422	0.022169973091376742	0.0031157907720954885	0.011387960425058151	0.02778168147912185	0.057765896969983084	0.0	0.025558392382481712	0.02778168147912185	0.007786478635779956	-1	0.006601008193810973	0.03749169792651318	0.03141475371886378
CS17_02562_1-422	0.00338841929110497	0.022442601610386224	0.014170431957423561	0.05334007386160356	0.03220750458750137	0.025558392382481712	0.0	0.05334007386160356	0.017771913746701756	-1	0.01895738418867074	0.011933305544031471	0.0058563613363820655
STM_MW23871_1-422	0.04995165457049859	0.030897472251217337	0.03916964190418	0.0	0.08554757844910493	0.02778168147912185	0.05334007386160356	0.0	0.035568160114901805	-1	0.03438268967293282	0.06527337940563503	0.05919643519798563
NCTC13441_01396_1-422	0.014383494455596786	0.0046706878636844675	0.003601481789278195	0.035568160114901805	0.04997941833420313	0.007786478635779956	0.017771913746701756	0.035568160114901805	0.0	-1	0.0011854704419689832	0.029705219290733227	0.023628275083083822
b2315_1-422	-1	-1	-1	-1	-1	-1	-1	-1	-1	-1	-1	-1	-1
BN373_33151_1-422	0.01556896489756577	0.0034852174217154842	0.004786952231247178	0.03438268967293282	0.05116488877617211	0.006601008193810973	0.01895738418867074	0.03438268967293282	0.0011854704419689832	-1	0.0	0.03089068973270221	0.024813745525052805
ETEC_2451_1-422	0.015321724835136441	0.0343759071544177	0.026103737501455032	0.06527337940563503	0.0202741990434699	0.03749169792651318	0.011933305544031471	0.06527337940563503	0.029705219290733227	-1	0.03089068973270221	0.0	0.006076944207649405
SL1344_2334_1-422	0.009244780627487036	0.02829896294676829	0.020026793293805627	0.05919643519798563	0.026351143251119306	0.03141475371886378	0.0058563613363820655	0.05919643519798563	0.023628275083083822	-1	0.024813745525052805	0.006076944207649405	0.0
