ETEC_0670_1-860	0.0	0.0358520805685466	0.0269501587277468	0.042364360397683	0.0129989363157562	0.0	0.0408973273370982	0.00583898307005442	0.0	0.00353266816126701	0.0	0.0	0.00554784218442156	0.00464905079816469	0.0533084774114812	0.0	0.0	0.0171822207049723	0.00768049465419143	0.0204167984882944	0.0153271990388119	0.0	0.00441503546869812	0.0154093514936219	0.0244976475143666	0.0209394727061809
CS17_04743_1-951	0.0358520805685466	0.0	0.008901921840799801	0.006512279829136401	0.0228531442527904	0.0358520805685466	0.005045246768551601	0.03001309749849218	0.0358520805685466	0.03231941240727959	0.0358520805685466	0.0358520805685466	0.03030423838412504	0.03120302977038191	0.017456396842934603	0.0358520805685466	0.0358520805685466	0.0186698598635743	0.02817158591435517	0.015435282080252199	0.020524881529734702	0.0358520805685466	0.03143704509984848	0.020442729074924698	0.011354433054180001	0.014912607862365701
STMMW_07131_1-860	0.0269501587277468	0.008901921840799801	0.0	0.015414201669936203	0.013951222411990599	0.0269501587277468	0.013947168609351402	0.02111117565769238	0.0269501587277468	0.02341749056647979	0.0269501587277468	0.0269501587277468	0.021402316543325237	0.02230110792958211	0.026358318683734405	0.0269501587277468	0.0269501587277468	0.009767938022774498	0.01926966407355537	0.006533360239452397	0.011622959688934899	0.0269501587277468	0.02253512325904868	0.011540807234124898	0.0024525112133802	0.0060106860215659
SEN4228_1-951	0.042364360397683	0.006512279829136401	0.015414201669936203	0.0	0.0293654240819268	0.042364360397683	0.0014670330605848006	0.03652537732762858	0.042364360397683	0.03883169223641599	0.042364360397683	0.042364360397683	0.03681651821326144	0.03771530959951831	0.010944117013798202	0.042364360397683	0.042364360397683	0.0251821396927107	0.03468386574349157	0.0219475619093886	0.027037161358871104	0.042364360397683	0.03794932492898488	0.0269550089040611	0.017866712883316403	0.021424887691502102
STM_MW07131_1-860	0.0129989363157562	0.0228531442527904	0.013951222411990599	0.0293654240819268	0.0	0.0129989363157562	0.027898391021342	0.00715995324570178	0.0129989363157562	0.00946626815448919	0.0129989363157562	0.0129989363157562	0.0074510941313346395	0.00834988551759151	0.040309541095725	0.0129989363157562	0.0129989363157562	0.004183284389216101	0.00531844166156477	0.0074178621725382015	0.0023282627230556997	0.0129989363157562	0.00858390084705808	0.0024104151778657004	0.011498711198610399	0.0079405363904247
ENC_34520_1-951	0.0	0.0358520805685466	0.0269501587277468	0.042364360397683	0.0129989363157562	0.0	0.0408973273370982	0.00583898307005442	0.0	0.00353266816126701	0.0	0.0	0.00554784218442156	0.00464905079816469	0.0533084774114812	0.0	0.0	0.0171822207049723	0.00768049465419143	0.0204167984882944	0.0153271990388119	0.0	0.00441503546869812	0.0154093514936219	0.0244976475143666	0.0209394727061809
BN373_02801_1-951	0.0408973273370982	0.005045246768551601	0.013947168609351402	0.0014670330605848006	0.027898391021342	0.0408973273370982	0.0	0.03505834426704378	0.0408973273370982	0.03736465917583119	0.0408973273370982	0.0408973273370982	0.03534948515267664	0.03624827653893351	0.012411150074383002	0.0408973273370982	0.0408973273370982	0.0237151066321259	0.033216832682906774	0.0204805288488038	0.025570128298286303	0.0408973273370982	0.03648229186840008	0.0254879758434763	0.016399679822731602	0.0199578546309173
ERS227112_03116_1-860	0.00583898307005442	0.03001309749849218	0.02111117565769238	0.03652537732762858	0.00715995324570178	0.00583898307005442	0.03505834426704378	0.0	0.00583898307005442	0.0023063149087874098	0.00583898307005442	0.00583898307005442	0.0002911408856328592	0.0011899322718897298	0.047469494341426784	0.00583898307005442	0.00583898307005442	0.011343237634917881	0.0018415115841370101	0.014577815418239982	0.00948821596875748	0.00583898307005442	0.0014239476013562999	0.00957036842356748	0.01865866444431218	0.01510048963612648
t4510_1-951	0.0	0.0358520805685466	0.0269501587277468	0.042364360397683	0.0129989363157562	0.0	0.0408973273370982	0.00583898307005442	0.0	0.00353266816126701	0.0	0.0	0.00554784218442156	0.00464905079816469	0.0533084774114812	0.0	0.0	0.0171822207049723	0.00768049465419143	0.0204167984882944	0.0153271990388119	0.0	0.00441503546869812	0.0154093514936219	0.0244976475143666	0.0209394727061809
NCTC13441_04190_1-951	0.00353266816126701	0.03231941240727959	0.02341749056647979	0.03883169223641599	0.00946626815448919	0.00353266816126701	0.03736465917583119	0.0023063149087874098	0.00353266816126701	0.0	0.00353266816126701	0.00353266816126701	0.0020151740231545505	0.00111638263689768	0.049775809250214194	0.00353266816126701	0.00353266816126701	0.013649552543705291	0.00414782649292442	0.016884130327027392	0.01179453087754489	0.00353266816126701	0.0008823673074311099	0.01187668333235489	0.02096497935309959	0.01740680454491389
BN373_12541_1-860	0.0	0.0358520805685466	0.0269501587277468	0.042364360397683	0.0129989363157562	0.0	0.0408973273370982	0.00583898307005442	0.0	0.00353266816126701	0.0	0.0	0.00554784218442156	0.00464905079816469	0.0533084774114812	0.0	0.0	0.0171822207049723	0.00768049465419143	0.0204167984882944	0.0153271990388119	0.0	0.00441503546869812	0.0154093514936219	0.0244976475143666	0.0209394727061809
NCTC13441_03353_1-860	0.0	0.0358520805685466	0.0269501587277468	0.042364360397683	0.0129989363157562	0.0	0.0408973273370982	0.00583898307005442	0.0	0.00353266816126701	0.0	0.0	0.00554784218442156	0.00464905079816469	0.0533084774114812	0.0	0.0	0.0171822207049723	0.00768049465419143	0.0204167984882944	0.0153271990388119	0.0	0.00441503546869812	0.0154093514936219	0.0244976475143666	0.0209394727061809
SL1344_4405_1-951	0.00554784218442156	0.03030423838412504	0.021402316543325237	0.03681651821326144	0.0074510941313346395	0.00554784218442156	0.03534948515267664	0.0002911408856328592	0.00554784218442156	0.0020151740231545505	0.00554784218442156	0.00554784218442156	0.0	0.0008987913862568706	0.047760635227059645	0.00554784218442156	0.00554784218442156	0.01163437852055074	0.0021326524697698693	0.014868956303872841	0.00977935685439034	0.00554784218442156	0.0011328067157234407	0.00986150930920034	0.018949805329945037	0.015391630521759339
t2219_1-860	0.00464905079816469	0.03120302977038191	0.02230110792958211	0.03771530959951831	0.00834988551759151	0.00464905079816469	0.03624827653893351	0.0011899322718897298	0.00464905079816469	0.00111638263689768	0.00464905079816469	0.00464905079816469	0.0008987913862568706	0.0	0.048659426613316514	0.00464905079816469	0.00464905079816469	0.012533169906807612	0.00303144385602674	0.015767747690129712	0.010678148240647209	0.00464905079816469	0.0002340153294665701	0.01076030069545721	0.01984859671620191	0.01629042190801621
SEN0617_1-860	0.0533084774114812	0.017456396842934603	0.026358318683734405	0.010944117013798202	0.040309541095725	0.0533084774114812	0.012411150074383002	0.047469494341426784	0.0533084774114812	0.049775809250214194	0.0533084774114812	0.0533084774114812	0.047760635227059645	0.048659426613316514	0.0	0.0533084774114812	0.0533084774114812	0.0361262567065089	0.04562798275728977	0.0328916789231868	0.037981278372669305	0.0533084774114812	0.048893441942783084	0.0378991259178593	0.028810829897114604	0.032369004705300304
b0642_1-860	0.0	0.0358520805685466	0.0269501587277468	0.042364360397683	0.0129989363157562	0.0	0.0408973273370982	0.00583898307005442	0.0	0.00353266816126701	0.0	0.0	0.00554784218442156	0.00464905079816469	0.0533084774114812	0.0	0.0	0.0171822207049723	0.00768049465419143	0.0204167984882944	0.0153271990388119	0.0	0.00441503546869812	0.0154093514936219	0.0244976475143666	0.0209394727061809
b4258_1-951	0.0	0.0358520805685466	0.0269501587277468	0.042364360397683	0.0129989363157562	0.0	0.0408973273370982	0.00583898307005442	0.0	0.00353266816126701	0.0	0.0	0.00554784218442156	0.00464905079816469	0.0533084774114812	0.0	0.0	0.0171822207049723	0.00768049465419143	0.0204167984882944	0.0153271990388119	0.0	0.00441503546869812	0.0154093514936219	0.0244976475143666	0.0209394727061809
STM_MW44211_1-951	0.0171822207049723	0.0186698598635743	0.009767938022774498	0.0251821396927107	0.004183284389216101	0.0171822207049723	0.0237151066321259	0.011343237634917881	0.0171822207049723	0.013649552543705291	0.0171822207049723	0.0171822207049723	0.01163437852055074	0.012533169906807612	0.0361262567065089	0.0171822207049723	0.0171822207049723	0.0	0.009501726050780871	0.0032345777833221005	0.0018550216661604012	0.0171822207049723	0.012767185236274181	0.0017728692113504006	0.007315426809394298	0.0037572520012085983
SL1344_0636_1-860	0.00768049465419143	0.02817158591435517	0.01926966407355537	0.03468386574349157	0.00531844166156477	0.00768049465419143	0.033216832682906774	0.0018415115841370101	0.00768049465419143	0.00414782649292442	0.00768049465419143	0.00768049465419143	0.0021326524697698693	0.00303144385602674	0.04562798275728977	0.00768049465419143	0.00768049465419143	0.009501726050780871	0.0	0.012736303834102972	0.00764670438462047	0.00768049465419143	0.00326545918549331	0.0077288568394304705	0.01681715286017517	0.01325897805198947
CS17_00648_1-860	0.0204167984882944	0.015435282080252199	0.006533360239452397	0.0219475619093886	0.0074178621725382015	0.0204167984882944	0.0204805288488038	0.014577815418239982	0.0204167984882944	0.016884130327027392	0.0204167984882944	0.0204167984882944	0.014868956303872841	0.015767747690129712	0.0328916789231868	0.0204167984882944	0.0204167984882944	0.0032345777833221005	0.012736303834102972	0.0	0.005089599449482502	0.0204167984882944	0.01600176301959628	0.005007446994672501	0.0040808490260721975	0.0005226742178864978
ROD_06621_1-860	0.0153271990388119	0.020524881529734702	0.011622959688934899	0.027037161358871104	0.0023282627230556997	0.0153271990388119	0.025570128298286303	0.00948821596875748	0.0153271990388119	0.01179453087754489	0.0153271990388119	0.0153271990388119	0.00977935685439034	0.010678148240647209	0.037981278372669305	0.0153271990388119	0.0153271990388119	0.0018550216661604012	0.00764670438462047	0.005089599449482502	0.0	0.0153271990388119	0.01091216357011378	8.215245481000069e-05	0.0091704484755547	0.0056122736673689996
ERS227112_02145_1-951	0.0	0.0358520805685466	0.0269501587277468	0.042364360397683	0.0129989363157562	0.0	0.0408973273370982	0.00583898307005442	0.0	0.00353266816126701	0.0	0.0	0.00554784218442156	0.00464905079816469	0.0533084774114812	0.0	0.0	0.0171822207049723	0.00768049465419143	0.0204167984882944	0.0153271990388119	0.0	0.00441503546869812	0.0154093514936219	0.0244976475143666	0.0209394727061809
ENC_20680_1-860	0.00441503546869812	0.03143704509984848	0.02253512325904868	0.03794932492898488	0.00858390084705808	0.00441503546869812	0.03648229186840008	0.0014239476013562999	0.00441503546869812	0.0008823673074311099	0.00441503546869812	0.00441503546869812	0.0011328067157234407	0.0002340153294665701	0.048893441942783084	0.00441503546869812	0.00441503546869812	0.012767185236274181	0.00326545918549331	0.01600176301959628	0.01091216357011378	0.00441503546869812	0.0	0.01099431602492378	0.02008261204566848	0.01652443723748278
ETEC_4604_1-951	0.0154093514936219	0.020442729074924698	0.011540807234124898	0.0269550089040611	0.0024104151778657004	0.0154093514936219	0.0254879758434763	0.00957036842356748	0.0154093514936219	0.01187668333235489	0.0154093514936219	0.0154093514936219	0.00986150930920034	0.01076030069545721	0.0378991259178593	0.0154093514936219	0.0154093514936219	0.0017728692113504006	0.0077288568394304705	0.005007446994672501	8.215245481000069e-05	0.0154093514936219	0.01099431602492378	0.0	0.009088296020744699	0.005530121212558999
ROD_33241_1-951	0.0244976475143666	0.011354433054180001	0.0024525112133802	0.017866712883316403	0.011498711198610399	0.0244976475143666	0.016399679822731602	0.01865866444431218	0.0244976475143666	0.02096497935309959	0.0244976475143666	0.0244976475143666	0.018949805329945037	0.01984859671620191	0.028810829897114604	0.0244976475143666	0.0244976475143666	0.007315426809394298	0.01681715286017517	0.0040808490260721975	0.0091704484755547	0.0244976475143666	0.02008261204566848	0.009088296020744699	0.0	0.0035581748081856997
STMMW_44211_1-951	0.0209394727061809	0.014912607862365701	0.0060106860215659	0.021424887691502102	0.0079405363904247	0.0209394727061809	0.0199578546309173	0.01510048963612648	0.0209394727061809	0.01740680454491389	0.0209394727061809	0.0209394727061809	0.015391630521759339	0.01629042190801621	0.032369004705300304	0.0209394727061809	0.0209394727061809	0.0037572520012085983	0.01325897805198947	0.0005226742178864978	0.0056122736673689996	0.0209394727061809	0.01652443723748278	0.005530121212558999	0.0035581748081856997	0.0
