SEN4178_1-577	0.0	0.21705603774056015	0.21705603774056015	0.21705603774056015	1.225596271426724	1.225596271426724	1.225596271426724	0.20794318078619	0.31827399083326013	0.18703951548670994	0.16020962247380988	1.47906486357172	1.47906486357172	1.47906486357172	0.22997882232195987	5.76709837168071	0.5667038170153209	0.20144586757734007	0.308975029426964	0.26701017387299997	0.05888846203263998	1.228215315656034	1.228215315656034	1.228215315656034	0.276567804937764
BN373_00601_12-477	0.21705603774056015	0.0	0.0	0.0	1.442652309167284	1.442652309167284	1.442652309167284	0.42499921852675016	0.10121795309269999	0.4040955532272701	0.37726566021437	1.26200882583116	1.26200882583116	1.26200882583116	0.44703486006252	5.55004233394015	0.7837598547558811	0.015610170163220083	0.5260310671675241	0.04995413613243982	0.2759444997732001	1.4452713533965942	1.4452713533965942	1.4452713533965942	0.49362384267832415
BN373_00601_579-711	0.21705603774056015	0.0	0.0	0.0	1.442652309167284	1.442652309167284	1.442652309167284	0.42499921852675016	0.10121795309269999	0.4040955532272701	0.37726566021437	1.26200882583116	1.26200882583116	1.26200882583116	0.44703486006252	5.55004233394015	0.7837598547558811	0.015610170163220083	0.5260310671675241	0.04995413613243982	0.2759444997732001	1.4452713533965942	1.4452713533965942	1.4452713533965942	0.49362384267832415
BN373_00601_719-806	0.21705603774056015	0.0	0.0	0.0	1.442652309167284	1.442652309167284	1.442652309167284	0.42499921852675016	0.10121795309269999	0.4040955532272701	0.37726566021437	1.26200882583116	1.26200882583116	1.26200882583116	0.44703486006252	5.55004233394015	0.7837598547558811	0.015610170163220083	0.5260310671675241	0.04995413613243982	0.2759444997732001	1.4452713533965942	1.4452713533965942	1.4452713533965942	0.49362384267832415
ROD_01801_11-477	1.225596271426724	1.442652309167284	1.442652309167284	1.442652309167284	0.0	0.0	0.0	1.0176530906405339	1.543870262259984	1.038556755940014	1.065386648952914	2.7046611349984437	2.7046611349984437	2.7046611349984437	0.995617449104764	6.992694643107434	0.658892454411403	1.427042139004064	0.9166212419997599	1.4926064452997239	1.166707809394084	0.00261904422931017	0.00261904422931017	0.00261904422931017	0.9490284664889599
ROD_01801_571-690	1.225596271426724	1.442652309167284	1.442652309167284	1.442652309167284	0.0	0.0	0.0	1.0176530906405339	1.543870262259984	1.038556755940014	1.065386648952914	2.7046611349984437	2.7046611349984437	2.7046611349984437	0.995617449104764	6.992694643107434	0.658892454411403	1.427042139004064	0.9166212419997599	1.4926064452997239	1.166707809394084	0.00261904422931017	0.00261904422931017	0.00261904422931017	0.9490284664889599
ROD_01801_729-808	1.225596271426724	1.442652309167284	1.442652309167284	1.442652309167284	0.0	0.0	0.0	1.0176530906405339	1.543870262259984	1.038556755940014	1.065386648952914	2.7046611349984437	2.7046611349984437	2.7046611349984437	0.995617449104764	6.992694643107434	0.658892454411403	1.427042139004064	0.9166212419997599	1.4926064452997239	1.166707809394084	0.00261904422931017	0.00261904422931017	0.00261904422931017	0.9490284664889599
SL1344_4342_1-577	0.20794318078619	0.42499921852675016	0.42499921852675016	0.42499921852675016	1.0176530906405339	1.0176530906405339	1.0176530906405339	0.0	0.5262171716194501	0.020903665299480068	0.04773355831238013	1.68700804435791	1.68700804435791	1.68700804435791	0.022035641535769868	5.9750415524669	0.3587606362291309	0.4093890483635301	0.10103184864077397	0.47495335465919	0.14905471875355003	1.020272134869844	1.020272134869844	1.020272134869844	0.068624624151574
ENC_43300_1-565	0.31827399083326013	0.10121795309269999	0.10121795309269999	0.10121795309269999	1.543870262259984	1.543870262259984	1.543870262259984	0.5262171716194501	0.0	0.5053135063199701	0.47848361330707	1.16079087273846	1.16079087273846	1.16079087273846	0.54825281315522	5.44882438084745	0.884977807848581	0.11682812325592007	0.6272490202602241	0.05126381696026017	0.3771624528659001	1.5464893064892942	1.5464893064892942	1.5464893064892942	0.5948417957710241
t4463_1-577	0.18703951548670994	0.4040955532272701	0.4040955532272701	0.4040955532272701	1.038556755940014	1.038556755940014	1.038556755940014	0.020903665299480068	0.5053135063199701	0.0	0.026829893012900063	1.66610437905843	1.66610437905843	1.66610437905843	0.042939306835249935	5.95413788716742	0.37966430152861097	0.38848538306405	0.12193551394025404	0.4540496893597099	0.12815105345406996	1.041175800169324	1.041175800169324	1.041175800169324	0.08952828945105407
STMMW_43531_1-577	0.16020962247380988	0.37726566021437	0.37726566021437	0.37726566021437	1.065386648952914	1.065386648952914	1.065386648952914	0.04773355831238013	0.47848361330707	0.026829893012900063	0.0	1.63927448604553	1.63927448604553	1.63927448604553	0.06976919984815	5.9273079941545195	0.40649419454151103	0.36165549005114994	0.1487654069531541	0.42721979634680984	0.1013211604411699	1.0680056931822242	1.0680056931822242	1.0680056931822242	0.11635818246395413
ERS227112_01924_12-476	1.47906486357172	1.26200882583116	1.26200882583116	1.26200882583116	2.7046611349984437	2.7046611349984437	2.7046611349984437	1.68700804435791	1.16079087273846	1.66610437905843	1.63927448604553	0.0	0.0	0.0	1.70904368589368	4.28803350810899	2.0457686805870408	1.27761899599438	1.788039892998684	1.21205468969872	1.53795332560436	2.7072801792277543	2.7072801792277543	2.7072801792277543	1.755632668509484
ERS227112_01924_579-711	1.47906486357172	1.26200882583116	1.26200882583116	1.26200882583116	2.7046611349984437	2.7046611349984437	2.7046611349984437	1.68700804435791	1.16079087273846	1.66610437905843	1.63927448604553	0.0	0.0	0.0	1.70904368589368	4.28803350810899	2.0457686805870408	1.27761899599438	1.788039892998684	1.21205468969872	1.53795332560436	2.7072801792277543	2.7072801792277543	2.7072801792277543	1.755632668509484
ERS227112_01924_719-807	1.47906486357172	1.26200882583116	1.26200882583116	1.26200882583116	2.7046611349984437	2.7046611349984437	2.7046611349984437	1.68700804435791	1.16079087273846	1.66610437905843	1.63927448604553	0.0	0.0	0.0	1.70904368589368	4.28803350810899	2.0457686805870408	1.27761899599438	1.788039892998684	1.21205468969872	1.53795332560436	2.7072801792277543	2.7072801792277543	2.7072801792277543	1.755632668509484
ETEC_4572_1-577	0.22997882232195987	0.44703486006252	0.44703486006252	0.44703486006252	0.995617449104764	0.995617449104764	0.995617449104764	0.022035641535769868	0.54825281315522	0.042939306835249935	0.06976919984815	1.70904368589368	1.70904368589368	1.70904368589368	0.0	5.99707719400267	0.33672499469336103	0.43142468989929994	0.0789962071050041	0.49698899619495984	0.1710903602893199	0.9982364933340742	0.9982364933340742	0.9982364933340742	0.04658898261580413
b4220_1-577	5.76709837168071	5.55004233394015	5.55004233394015	5.55004233394015	6.992694643107434	6.992694643107434	6.992694643107434	5.9750415524669	5.44882438084745	5.95413788716742	5.9273079941545195	4.28803350810899	4.28803350810899	4.28803350810899	5.99707719400267	0.0	6.333802188696031	5.56565250410337	6.076073401107674	5.50008819780771	5.82598683371335	6.995313687336744	6.995313687336744	6.995313687336744	6.0436661766184745
STM_MW43531_1-577	0.5667038170153209	0.7837598547558811	0.7837598547558811	0.7837598547558811	0.658892454411403	0.658892454411403	0.658892454411403	0.3587606362291309	0.884977807848581	0.37966430152861097	0.40649419454151103	2.0457686805870408	2.0457686805870408	2.0457686805870408	0.33672499469336103	6.333802188696031	0.0	0.768149684592661	0.25772878758835693	0.8337139908883209	0.5078153549826809	0.6615114986407131	0.6615114986407131	0.6615114986407131	0.2901360120775569
CS17_04708_1-577	0.20144586757734007	0.015610170163220083	0.015610170163220083	0.015610170163220083	1.427042139004064	1.427042139004064	1.427042139004064	0.4093890483635301	0.11682812325592007	0.38848538306405	0.36165549005114994	1.27761899599438	1.27761899599438	1.27761899599438	0.43142468989929994	5.56565250410337	0.768149684592661	0.0	0.510420897004304	0.0655643062956599	0.26033432960998004	1.429661183233374	1.429661183233374	1.429661183233374	0.47801367251510407
ROD_32811_1-577	0.308975029426964	0.5260310671675241	0.5260310671675241	0.5260310671675241	0.9166212419997599	0.9166212419997599	0.9166212419997599	0.10103184864077397	0.6272490202602241	0.12193551394025404	0.1487654069531541	1.788039892998684	1.788039892998684	1.788039892998684	0.0789962071050041	6.076073401107674	0.25772878758835693	0.510420897004304	0.0	0.5759852032999639	0.250086567394324	0.9192402862290701	0.9192402862290701	0.9192402862290701	0.03240722448919997
BN373_02261_1-577	0.26701017387299997	0.04995413613243982	0.04995413613243982	0.04995413613243982	1.4926064452997239	1.4926064452997239	1.4926064452997239	0.47495335465919	0.05126381696026017	0.4540496893597099	0.42721979634680984	1.21205468969872	1.21205468969872	1.21205468969872	0.49698899619495984	5.50008819780771	0.8337139908883209	0.0655643062956599	0.5759852032999639	0.0	0.32589863590563994	1.495225489529034	1.495225489529034	1.495225489529034	0.543577978810764
ERS227112_02091_1-577	0.05888846203263998	0.2759444997732001	0.2759444997732001	0.2759444997732001	1.166707809394084	1.166707809394084	1.166707809394084	0.14905471875355003	0.3771624528659001	0.12815105345406996	0.1013211604411699	1.53795332560436	1.53795332560436	1.53795332560436	0.1710903602893199	5.82598683371335	0.5078153549826809	0.26033432960998004	0.250086567394324	0.32589863590563994	0.0	1.169326853623394	1.169326853623394	1.169326853623394	0.21767934290512403
t0225_12-476	1.228215315656034	1.4452713533965942	1.4452713533965942	1.4452713533965942	0.00261904422931017	0.00261904422931017	0.00261904422931017	1.020272134869844	1.5464893064892942	1.041175800169324	1.0680056931822242	2.7072801792277543	2.7072801792277543	2.7072801792277543	0.9982364933340742	6.995313687336744	0.6615114986407131	1.429661183233374	0.9192402862290701	1.495225489529034	1.169326853623394	0.0	0.0	0.0	0.95164751071827
t0225_568-683	1.228215315656034	1.4452713533965942	1.4452713533965942	1.4452713533965942	0.00261904422931017	0.00261904422931017	0.00261904422931017	1.020272134869844	1.5464893064892942	1.041175800169324	1.0680056931822242	2.7072801792277543	2.7072801792277543	2.7072801792277543	0.9982364933340742	6.995313687336744	0.6615114986407131	1.429661183233374	0.9192402862290701	1.495225489529034	1.169326853623394	0.0	0.0	0.0	0.95164751071827
t0225_721-802	1.228215315656034	1.4452713533965942	1.4452713533965942	1.4452713533965942	0.00261904422931017	0.00261904422931017	0.00261904422931017	1.020272134869844	1.5464893064892942	1.041175800169324	1.0680056931822242	2.7072801792277543	2.7072801792277543	2.7072801792277543	0.9982364933340742	6.995313687336744	0.6615114986407131	1.429661183233374	0.9192402862290701	1.495225489529034	1.169326853623394	0.0	0.0	0.0	0.95164751071827
NCTC13441_04225_1-577	0.276567804937764	0.49362384267832415	0.49362384267832415	0.49362384267832415	0.9490284664889599	0.9490284664889599	0.9490284664889599	0.068624624151574	0.5948417957710241	0.08952828945105407	0.11635818246395413	1.755632668509484	1.755632668509484	1.755632668509484	0.04658898261580413	6.0436661766184745	0.2901360120775569	0.47801367251510407	0.03240722448919997	0.543577978810764	0.21767934290512403	0.95164751071827	0.95164751071827	0.95164751071827	0.0
