SL1344_3023_1-88	0.0	0.11932168797071843	-1	0.18438985976525535	0.2209364060440723	0.3485929075747549	0.3308356528677415	0.07253022021163516	0.015366283050956208	0.4992919196915857	0.12038736597491374	0.25393304509310377	0.1759182112934386
STM_MW30071_1-88	0.11932168797071843	0.0	-1	0.28170983842409947	0.313895589111428	0.426319901399033	0.24017165179150057	0.18319747987781337	0.1328544401901987	0.4314517872539975	0.0012100650028950479	0.3429550134917685	0.06426469523509554
b2897_1-88	-1	-1	-1	-1	-1	-1	-1	-1	-1	-1	-1	-1	-1
STMMW_30071_1-88	0.18438985976525535	0.28170983842409947	-1	0.0	0.0448088424554142	0.20132541236213602	0.45422277299536734	0.12060731464387436	0.1716613739757262	0.5916174124029844	0.28257901621054626	0.08526522893380513	0.3278705367481422
ROD_49361_1-88	0.2209364060440723	0.313895589111428	-1	0.0448088424554142	0.0	0.16385889742642018	0.4786784187759707	0.16001188293844062	0.20877826896898213	0.6099165634321535	0.31472582004737615	0.04235423052113265	0.35798787997663684
ENC_31330_1-88	0.3485929075747549	0.426319901399033	-1	0.20132541236213602	0.16385889742642018	0.0	0.5641015982799381	0.2976514096514425	0.33842698943554833	0.6738352052524698	0.42701409160920734	0.12687850850258342	0.46318727809806365
ERS227112_01338_1-88	0.3308356528677415	0.24017165179150057	-1	0.45422277299536734	0.4786784187759707	0.5641015982799381	0.0	0.37937029032301933	0.3411182216333841	0.2517412464453209	0.23925109616698148	0.5007585932027747	0.18798794451877626
CS17_03254_1-88	0.07253022021163516	0.18319747987781337	-1	0.12060731464387436	0.16001188293844062	0.2976514096514425	0.37937029032301933	0.0	0.058056042746337584	0.5356083870181001	0.1841858640216897	0.19558893328347807	0.23568904490072368
t2965_1-88	0.015366283050956208	0.1328544401901987	-1	0.1716613739757262	0.20877826896898213	0.33842698943554833	0.3411182216333841	0.058056042746337584	0.0	0.5069859417795057	0.1339037426845404	0.2422898565583995	0.1885812853158419
NCTC13441_00858_1-88	0.4992919196915857	0.4314517872539975	-1	0.5916174124029844	0.6099165634321535	0.6738352052524698	0.2517412464453209	0.5356083870181001	0.5069859417795057	0.0	0.4307629734498171	0.6264382472270237	0.3924048714942466
ETEC_3090_1-88	0.12038736597491374	0.0012100650028950479	-1	0.28257901621054626	0.31472582004737615	0.42701409160920734	0.23925109616698148	0.1841858640216897	0.1339037426845404	0.4307629734498171	0.0	0.34375008063526974	0.06313102287357678
BN373_39921_1-88	0.25393304509310377	0.3429550134917685	-1	0.08526522893380513	0.04235423052113265	0.12687850850258342	0.5007585932027747	0.19558893328347807	0.2422898565583995	0.6264382472270237	0.34375008063526974	0.0	0.38517980930546747
SEN2890_1-88	0.1759182112934386	0.06426469523509554	-1	0.3278705367481422	0.35798787997663684	0.46318727809806365	0.18798794451877626	0.23568904490072368	0.1885812853158419	0.3924048714942466	0.06313102287357678	0.38517980930546747	0.0
