Ecoli9000q_4760_1-213	0.0	0.798351243268459	0.8638524382192173	0.8559255761441349	0.37624265078414293	0.6100967431196386	0.6260941483477134	0.8587855561496932	0.8189222828057557	-1	0.7844349111593674	0.3460023388242706	0.8757663943969904	0.5456401579099224	0.3783826555078469	0.5142506805616216	0.817789557147638	0.5475885616730687	0.8262906292413575	0.8066970687131152	0.8320426410259959	0.7286239055267136	0.8137219341463348	0.7320625406585711	-1	0.8698135265372862	0.783379672288521
ROD_15601_1-218	0.798351243268459	0.0	0.3248281616631109	0.2855179164448093	0.6767192290639311	0.48282361541438673	0.4606964404529725	0.29970089506523306	0.10201421457154541	-1	0.06455744844370417	0.6916674650349278	0.38391087742532276	0.5561915071456429	0.6756062897564685	0.5848707375139783	0.09639689425438784	0.5542801537528297	0.1385547147711645	0.041387934048942525	0.16707962054232242	0.2569398674451377	0.07622507139153442	0.24740363953894617	-1	0.3543899026561628	0.06911433999803995
STMMW_39991_1-211	0.8638524382192173	0.3248281616631109	0.0	0.055019217588631146	0.7817299275881276	0.6508170696749055	0.6358774242790054	0.03588076354919575	0.2481263631419896	-1	0.3684155328071856	0.7918225555485591	0.08750767198428598	0.7003530040099996	0.7809785023099507	0.7197164126998757	0.25280044519128997	0.6990625120260625	0.21623363675670296	0.2956777174851871	0.18939210158778927	0.4983067243080811	0.26911651590941243	0.49186813178185823	-1	0.043784025509520146	0.3714922176550283
BN373_48201_1-211	0.8559255761441349	0.2855179164448093	0.055019217588631146	0.0	0.7690216812082692	0.6304867391757304	0.614677269106109	0.019850712770641793	0.20435034145413455	-1	0.33164305671787386	0.7797019279903015	0.13771228592733914	0.68290678332593	0.7682265060130028	0.7033975795942575	0.2092965606114948	0.6815411555714225	0.17060073830992678	0.2546702582484821	0.14219641975815644	0.46909684828540577	0.22656259503442525	0.46228338430173294	-1	0.09639428027173683	0.33489887409015073
STMMW_15631_1-213	0.37624265078414293	0.6767192290639311	0.7817299275881276	0.7690216812082692	0.0	0.37491196316881903	0.4005588036400145	0.7736067654708495	0.7096984629970579	-1	0.6544087390527332	0.046239174472745864	0.8008302334887321	0.2715759699484645	0.0034308288734300296	0.22125275149218268	0.7078824913543323	0.2746996265524238	0.7215113040719803	0.6900991522907244	0.730732857600559	0.5649332311443851	0.7013613289080433	0.5704460080858996	-1	0.7912866700065738	0.6527169932606028
ENC_09860_1-218	0.6100967431196386	0.48282361541438673	0.6508170696749055	0.6304867391757304	0.37491196316881903	0.0	0.04102916542957611	0.6378218407812962	0.5355829580828395	-1	0.44713185889909873	0.4038155179646822	0.6813732550043057	0.1418624166106156	0.37276001010090326	0.19731589674450564	0.5326778126701527	0.13816666898991806	0.5544808418670284	0.5042284775112866	0.5692332495044012	0.3039912088845264	0.5222454222514408	0.3128104097277565	-1	0.6661057040037485	0.4444254468539946
SL1344_1498_1-213	0.6260941483477134	0.4606964404529725	0.6358774242790054	0.614677269106109	0.4005588036400145	0.04102916542957611	0.0	0.6223261999610827	0.5157130694958012	-1	0.42347762708699943	0.4282764697046554	0.6677409431972716	0.17707108548083533	0.39849514341051895	0.23024935560466628	0.5126836286536423	0.17352697130065334	0.5354194913210846	0.4830171006078648	0.5508030745392136	0.27421276432535674	0.5018048927811533	0.28340929098216655	-1	0.6518201764229657	0.4206554223363028
ENC_00410_1-211	0.8587855561496932	0.29970089506523306	0.03588076354919575	0.019850712770641793	0.7736067654708495	0.6378218407812962	0.6223261999610827	0.0	0.22014455429198773	-1	0.34491041842723147	0.7840750017416922	0.12024859344627299	0.6892013096916458	0.7728273750699868	0.7092853490488091	0.22499258747355458	0.6878627906214447	0.1870649048259188	0.26946558487140815	0.15922443224316546	0.47963565425912064	0.24191587880646742	0.4729574423919608	-1	0.07809378479217685	0.34810160550401764
SEN3824_1-211	0.8189222828057557	0.10201421457154541	0.2481263631419896	0.20435034145413455	0.7096984629970579	0.5355829580828395	0.5157130694958012	0.22014455429198773	0.0	-1	0.15998588561752206	0.7231217664162432	0.3139210747297925	0.6014662819643615	0.7086990593189119	0.6272198231721547	0.006216579249716512	0.5997499137866847	0.04069162429134062	0.06324381120996468	0.07245705558661206	0.3327425632471504	0.02791712827588711	0.32417916614078424	-1	0.2810464176381164	0.16407790945905457
b3892_1-211	-1	-1	-1	-1	-1	-1	-1	-1	-1	-1	-1	-1	-1	-1	-1	-1	-1	-1	-1	-1	-1	-1	-1	-1	-1	-1	-1
ROD_38661_1-211	0.7844349111593674	0.06455744844370417	0.3684155328071856	0.33164305671787386	0.6544087390527332	0.44713185889909873	0.42347762708699943	0.34491041842723147	0.15998588561752206	-1	0.0	0.6703885936639301	0.4236840191926644	0.5255630694626914	0.6532189927603382	0.556221531941891	0.15473120516713118	0.5235198083456583	0.19416742435939707	0.10327348307409066	0.22085083499687197	0.2056592558050378	0.13586162371876195	0.19546490673429467	-1	0.39606884323017244	0.004871375101287065
ETEC_1547_1-217	0.3460023388242706	0.6916674650349278	0.7918225555485591	0.7797019279903015	0.046239174472745864	0.4038155179646822	0.4282764697046554	0.7840750017416922	0.7231217664162432	-1	0.6703885936639301	0.0	0.8100396790721427	0.3052576957641581	0.04951136465131122	0.25726138138610644	0.7213897638031432	0.308236917065414	0.7343883914716834	0.7044287116572054	0.7431835479777444	0.5850503593767936	0.7151701345249732	0.5903082300634802	-1	0.8009374020869277	0.6687750728006455
ERS227112_04811_1-218	0.8757663943969904	0.38391087742532276	0.08750767198428598	0.13771228592733914	0.8008302334887321	0.6813732550043057	0.6677409431972716	0.12024859344627299	0.3139210747297925	-1	0.4236840191926644	0.8100396790721427	0.0	0.7265744150461693	0.8001445636873186	0.744243376919914	0.3181861387402951	0.7253968510114608	0.2848192065837141	0.357311320754717	0.26032651166991644	0.5422087349140515	0.33307442809394366	0.5363335686306538	-1	0.045725701767389944	0.4264914705120431
STM_MW15631_1-213	0.5456401579099224	0.5561915071456429	0.7003530040099996	0.68290678332593	0.2715759699484645	0.1418624166106156	0.17707108548083533	0.6892013096916458	0.6014662819643615	-1	0.5255630694626914	0.3052576957641581	0.7265744150461693	0.0	0.2690682682587003	0.06462073355983959	0.5989732675005236	0.004288239370327056	0.6176832662860988	0.5745598237782596	0.6303428617252088	0.40272869797440064	0.5900208411976356	0.4102967856734357	-1	0.7134727557262769	0.5232405955706498
NCTC13441_02354_1-218	0.3783826555078469	0.6756062897564685	0.7809785023099507	0.7682265060130028	0.0034308288734300296	0.37276001010090326	0.39849514341051895	0.7728273750699868	0.7086990593189119	-1	0.6532189927603382	0.04951136465131122	0.8001445636873186	0.2690682682587003	0.0	0.2185718050785338	0.7068768359396028	0.27220267848777463	0.7205525677528208	0.6890322752419196	0.7298058677702739	0.5634354528910478	0.7003332234787465	0.5689672083388735	-1	0.7905681451519452	0.6515214228965044
CS17_01637_1-218	0.5142506805616216	0.5848707375139783	0.7197164126998757	0.7033975795942575	0.22125275149218268	0.19731589674450564	0.23024935560466628	0.7092853490488091	0.6272198231721547	-1	0.556221531941891	0.25726138138610644	0.744243376919914	0.06462073355983959	0.2185718050785338	0.0	0.6248879091317454	0.06863186375637592	0.642388854070893	0.602052080051536	0.654230377166157	0.4413248076455354	0.6165139951836903	0.4484038399658136	-1	0.7319883564361243	0.5540491380164266
SL1344_3982_1-211	0.817789557147638	0.09639689425438784	0.25280044519128997	0.2092965606114948	0.7078824913543323	0.5326778126701527	0.5126836286536423	0.22499258747355458	0.006216579249716512	-1	0.15473120516713118	0.7213897638031432	0.3181861387402951	0.5989732675005236	0.7068768359396028	0.6248879091317454	0.0	0.5972461626386002	0.04665524083385032	0.057383963919617344	0.07822319980807328	0.3285685564676802	0.021836296091342706	0.31995159131454753	-1	0.28551584955973663	0.15884882652817495
Ecoli9000q_35100_1-212	0.5475885616730687	0.5542801537528297	0.6990625120260625	0.6815411555714225	0.2746996265524238	0.13816666898991806	0.17352697130065334	0.6878627906214447	0.5997499137866847	-1	0.5235198083456583	0.308236917065414	0.7253968510114608	0.004288239370327056	0.27220267848777463	0.06863186375637592	0.5972461626386002	0.0	0.6160367399174537	0.5727275773536123	0.6287508565319893	0.4001564251406511	0.588255180853644	0.40775710638021895	-1	0.7122387666762843	0.5211873322377404
NCTC13441_04604_1-212	0.8262906292413575	0.1385547147711645	0.21623363675670296	0.17060073830992678	0.7215113040719803	0.5544808418670284	0.5354194913210846	0.1870649048259188	0.04069162429134062	-1	0.19416742435939707	0.7343883914716834	0.2848192065837141	0.6176832662860988	0.7205525677528208	0.642388854070893	0.04665524083385032	0.6160367399174537	0.0	0.10136194209679694	0.03311284681717253	0.3598943521691003	0.06747275927213217	0.351679413600444	-1	0.2505500831984513	0.19809293710417875
ERS227112_00395_1-212	0.8066970687131152	0.041387934048942525	0.2956777174851871	0.2546702582484821	0.6900991522907244	0.5042284775112866	0.4830171006078648	0.26946558487140815	0.06324381120996468	-1	0.10327348307409066	0.7044287116572054	0.357311320754717	0.5745598237782596	0.6890322752419196	0.602052080051536	0.057383963919617344	0.5727275773536123	0.10136194209679694	0.0	0.13111840645222714	0.2876935912057168	0.03634122559059311	0.27855204807118245	-1	0.32651578226973915	0.1076417743013074
CS17_04348_1-212	0.8320426410259959	0.16707962054232242	0.18939210158778927	0.14219641975815644	0.730732857600559	0.5692332495044012	0.5508030745392136	0.15922443224316546	0.07245705558661206	-1	0.22085083499687197	0.7431835479777444	0.26032651166991644	0.6303428617252088	0.7298058677702739	0.654230377166157	0.07822319980807328	0.6287508565319893	0.03311284681717253	0.13111840645222714	0.0	0.3810900724325319	0.09835139094719464	0.373147153866312	-1	0.224883778490088	0.22464636283945683
SEN1487_1-218	0.7286239055267136	0.2569398674451377	0.4983067243080811	0.46909684828540577	0.5649332311443851	0.3039912088845264	0.27421276432535674	0.47963565425912064	0.3327425632471504	-1	0.2056592558050378	0.5850503593767936	0.5422087349140515	0.40272869797440064	0.5634354528910478	0.4413248076455354	0.3285685564676802	0.4001564251406511	0.3598943521691003	0.2876935912057168	0.3810900724325319	0.0	0.3135796790973351	0.012671105531721471	-1	0.5202728754889308	0.2017707818667034
ETEC_4162_1-211	0.8137219341463348	0.07622507139153442	0.26911651590941243	0.22656259503442525	0.7013613289080433	0.5222454222514408	0.5018048927811533	0.24191587880646742	0.02791712827588711	-1	0.13586162371876195	0.7151701345249732	0.33307442809394366	0.5900208411976356	0.7003332234787465	0.6165139951836903	0.021836296091342706	0.588255180853644	0.06747275927213217	0.03634122559059311	0.09835139094719464	0.3135796790973351	0.0	0.304770350844099	-1	0.30111753702132166	0.140071165889045
BN373_24451_1-218	0.7320625406585711	0.24740363953894617	0.49186813178185823	0.46228338430173294	0.5704460080858996	0.3128104097277565	0.28340929098216655	0.4729574423919608	0.32417916614078424	-1	0.19546490673429467	0.5903082300634802	0.5363335686306538	0.4102967856734357	0.5689672083388735	0.4484038399658136	0.31995159131454753	0.40775710638021895	0.351679413600444	0.27855204807118245	0.373147153866312	0.012671105531721471	0.304770350844099	0.0	-1	0.5141161904621215	0.1915265291985815
b1476_1-217	-1	-1	-1	-1	-1	-1	-1	-1	-1	-1	-1	-1	-1	-1	-1	-1	-1	-1	-1	-1	-1	-1	-1	-1	-1	-1	-1
STM_MW39991_1-212	0.8698135265372862	0.3543899026561628	0.043784025509520146	0.09639428027173683	0.7912866700065738	0.6661057040037485	0.6518201764229657	0.07809378479217685	0.2810464176381164	-1	0.39606884323017244	0.8009374020869277	0.045725701767389944	0.7134727557262769	0.7905681451519452	0.7319883564361243	0.28551584955973663	0.7122387666762843	0.2505500831984513	0.32651578226973915	0.224883778490088	0.5202728754889308	0.30111753702132166	0.5141161904621215	-1	0.0	0.39901081843015246
t3585_1-211	0.783379672288521	0.06911433999803995	0.3714922176550283	0.33489887409015073	0.6527169932606028	0.4444254468539946	0.4206554223363028	0.34810160550401764	0.16407790945905457	-1	0.004871375101287065	0.6687750728006455	0.4264914705120431	0.5232405955706498	0.6515214228965044	0.5540491380164266	0.15884882652817495	0.5211873322377404	0.19809293710417875	0.1076417743013074	0.22464636283945683	0.2017707818667034	0.140071165889045	0.1915265291985815	-1	0.39901081843015246	0.0
