ENC_12840_1-548	0.0	0.046376654482601684	0.16835173356040842	0.42155815753563214	0.667034890259403	-1	0.2753718161690313	0.31284772640352315	0.46707536975738306	0.07868348097492378	0.5325524610295109	0.18304742368229926	0.26831354038040844	0.15145976473355943	0.13548908057567965	0.4634070155297322	0.2137931034482758	0.5197571008929105	0.13608623825121605	0.5889485603576188	0.43870705602469484	0.3034961717170764	0.6649758112636086	0.3246585061117605	-1	0.5117166230953822	0.4174440899306294	0.0375239698990467
ERS227112_05138_1-548	0.046376654482601684	0.0	0.127906976744186	0.4483843550018816	0.6824766981086042	-1	0.3089776470789153	0.2794301053696885	0.4917906311994132	0.12141105884686305	0.5542311140330878	0.14331734834526877	0.23273013075974203	0.11019351691096006	0.17558220478225767	0.48829240296829785	0.25025474904149364	0.5420291598925229	0.09407234438030823	0.6080117509484896	0.41141023170865243	0.33579768910716284	0.6805131123079502	0.35597858523157944	-1	0.5343615725556857	0.4444610840887142	0.009197823433199095
ERS227112_05169_1-548	0.16835173356040842	0.127906976744186	0.0	0.5189398444783851	0.7230901436993642	-1	0.39736422710370517	0.1737465208239095	0.5567941551157674	0.23378871411063634	0.6112480645637394	0.01767055943590822	0.12019721660450423	0.01990709235083581	0.28103099254266656	0.553743374681655	0.3461523974199072	0.6006068254876653	0.037348051087736686	0.6581497828039153	0.3250837323592548	0.4207537986399676	0.7213777142220495	0.4383534173531216	-1	0.593919976066005	0.5155183872866693	0.1359283343894178
STM_MW42511_1-548	0.42155815753563214	0.4483843550018816	0.5189398444783851	0.0	0.42437582260293055	-1	0.20173979515086204	0.6025223728072745	0.07868934935244565	0.37215730911189276	0.19188498366750859	0.5274404465487771	0.5767619361914131	0.5091688229073319	0.330902792009205	0.07234756361297975	0.2642625687953216	0.16976459195779467	0.5002761319237105	0.2893815601389486	0.6753246753246752	0.16950658564162022	0.42081612334773494	0.14348244895479098	-1	0.15586435651965122	0.007062099163173487	0.4432635918206142
CS17_04599_1-548	0.667034890259403	0.6824766981086042	0.7230901436993642	0.42437582260293055	0.0	-1	0.5405021262348988	0.7712022678134484	0.37521163247978845	0.6385985675227707	0.2876952342632448	0.7279832957735134	0.7563739376770537	0.7174657074451977	0.6148514700516228	0.3794829239720589	0.576491746382574	0.3066735388286314	0.7123468595129042	0.1899672945306312	0.8131090333126397	0.5219479115262741	0.006146060687619641	0.5069677892534491	-1	0.31809042558162065	0.42844093762442886	0.679529063014742
b1612_1-548	-1	-1	-1	-1	-1	-1	-1	-1	-1	-1	-1	-1	-1	-1	-1	-1	-1	-1	-1	-1	-1	-1	-1	-1	-1	-1	-1	-1
t4207_1-548	0.2753718161690313	0.3089776470789153	0.39736422710370517	0.20173979515086204	0.5405021262348988	-1	0.0	0.5020700959684641	0.2645543712843907	0.21348617020591387	0.35491394152076094	0.40801313834687364	0.46979936963214397	0.38512383041137627	0.16180563189010944	0.2594919761008953	0.07832380126762761	0.3372561131032215	0.37398373983739847	0.4327415786269423	0.5932713134100369	0.038812119340096714	0.537660559978245	0.06801652356683127	-1	0.3261601083149179	0.19606230744502592	0.30256274232710545
ETEC_1646_1-548	0.31284772640352315	0.2794301053696885	0.1737465208239095	0.6025223728072745	0.7712022678134484	-1	0.5020700959684641	0.0	0.633799628673224	0.3669152592499272	0.6787923608093507	0.1588835221088115	0.06086512253659624	0.19019482513906735	0.4059493561685977	0.6312789107253365	0.45975614351725264	0.67	0.20460547797559833	0.7175450686846329	0.18316075556650385	0.5213958108267389	0.7697873669999735	0.535937557020655	-1	0.6644749674006265	0.5996953818987674	0.286057780031777
NCTC13441_04343_1-548	0.46707536975738306	0.4917906311994132	0.5567941551157674	0.07868934935244565	0.37521163247978845	-1	0.2645543712843907	0.633799628673224	0.0	0.4215618419535666	0.12286369883546014	0.5646258503401361	0.6100662640536997	0.547792008874649	0.38355361595953863	0.006836381268145639	0.32215726855105753	0.09885399950747958	0.5395990779585211	0.2286874797750524	0.7008731653741705	0.23485757205897217	0.37134789851264755	0.21088125775548863	-1	0.08376654184227893	0.08519573652740656	0.4870728175410676
Ecoli9000q_37820_1-548	0.07868348097492378	0.12141105884686305	0.23378871411063634	0.37215730911189276	0.6385985675227707	-1	0.21348617020591387	0.3669152592499272	0.4215618419535666	0.0	0.49263089359872186	0.247328096178408	0.32588517800549593	0.21822586419160375	0.06165698587589284	0.4175801981298645	0.14664843154698132	0.47874276734419613	0.20406198028775133	0.5538434065229288	0.4828715387033347	0.24401243883051846	0.6363636363636362	0.26698210664574207	-1	0.4700156061227339	0.3676918865127668	0.11325493430231522
STMMW_42511_1-548	0.5325524610295109	0.5542311140330878	0.6112480645637394	0.19188498366750859	0.2876952342632448	-1	0.35491394152076094	0.6787923608093507	0.12286369883546014	0.49263089359872186	0.0	0.6181175287446902	0.6579749651527917	0.6033519553072626	0.4592924988364943	0.12886013701435195	0.40543953376560604	0.026643517604093097	0.5961656381877936	0.12064690607274393	0.737624994697243	0.3288658008917514	0.2832902929080516	0.3078353052480354	-1	0.04267161021580048	0.1975919720480982	0.550092948411223
NCTC13441_02271_1-548	0.18304742368229926	0.14331734834526877	0.01767055943590822	0.5274404465487771	0.7279832957735134	-1	0.40801313834687364	0.1588835221088115	0.5646258503401361	0.247328096178408	0.6181175287446902	0.0	0.10437095024834155	0.03722588232816247	0.2937355771215173	0.5616289789030107	0.35770625034332487	0.6076643263161816	0.054358649567083715	0.6641904673850568	0.3129430517187981	0.4309894030691241	0.7263011258830575	0.448278026673758	-1	0.6010956372646657	0.524079448419725	0.15119696411347378
CS17_01790_1-548	0.26831354038040844	0.23273013075974203	0.12019721660450423	0.5767619361914131	0.7563739376770537	-1	0.46979936963214397	0.06086512253659624	0.6100662640536997	0.32588517800549593	0.6579749651527917	0.10437095024834155	0.0	0.13771153186408075	0.36744906606394107	0.6073821789362394	0.42474305933356243	0.6486127733948849	0.15305613590589215	0.6992392274065299	0.2328777762716493	0.49037757977217566	0.7548673374565439	0.505861773302708	-1	0.6427296646615616	0.573751728630873	0.23978734354262768
STMMW_14691_1-548	0.15145976473355943	0.11019351691096006	0.01990709235083581	0.5091688229073319	0.7174657074451977	-1	0.38512383041137627	0.19019482513906735	0.547792008874649	0.21822586419160375	0.6033519553072626	0.03722588232816247	0.13771153186408075	0.0	0.2664277010412804	0.5446792627152774	0.33287181503190183	0.5924945774066328	0.01779520961817231	0.6512063146992448	0.33851935282826057	0.4089884776848315	0.7157184960696741	0.42694556989088384	-1	0.5856719084846637	0.505677871013881	0.11837779983212891
SEN1581_1-548	0.13548908057567965	0.17558220478225767	0.28103099254266656	0.330902792009205	0.6148514700516228	-1	0.16180563189010944	0.4059493561685977	0.38355361595953863	0.06165698587589284	0.4592924988364943	0.2937355771215173	0.36744906606394107	0.2664277010412804	0.0	0.3793103448275862	0.09057609466024899	0.444491806503862	0.25313711952723555	0.5245271859421958	0.5147561209375254	0.19433773173538746	0.6124696852186845	0.21881669888224103	-1	0.4351911977817855	0.32614395378916006	0.16792896229355506
SEN4072_1-548	0.4634070155297322	0.48829240296829785	0.553743374681655	0.07234756361297975	0.3794829239720589	-1	0.2594919761008953	0.6312789107253365	0.006836381268145639	0.4175801981298645	0.12886013701435195	0.5616289789030107	0.6073821789362394	0.5446792627152774	0.3793103448275862	0.0	0.3174913794018524	0.105014577145111	0.5364299362582841	0.23396046624020445	0.6988141440301883	0.22959076076707385	0.3756456039634361	0.20544940696466787	-1	0.09003026309287666	0.07889873710770437	0.48354211452703416
ENC_41940_1-548	0.2137931034482758	0.25025474904149364	0.3461523974199072	0.2642625687953216	0.576491746382574	-1	0.07832380126762761	0.45975614351725264	0.32215726855105753	0.14664843154698132	0.40543953376560604	0.35770625034332487	0.42474305933356243	0.33287181503190183	0.09057609466024899	0.3174913794018524	0.0	0.3891647335918599	0.3207850424871629	0.4771714144899538	0.5587076164607945	0.11409600788575514	0.5738727423966952	0.14101301215969547	-1	0.37893781007745997	0.25902976350825685	0.2432947073689056
ETEC_4432_1-548	0.5197571008929105	0.5420291598925229	0.6006068254876653	0.16976459195779467	0.3066735388286314	-1	0.3372561131032215	0.67	0.09885399950747958	0.47874276734419613	0.026643517604093097	0.6076643263161816	0.6486127733948849	0.5924945774066328	0.444491806503862	0.105014577145111	0.3891647335918599	0.0	0.5851115504792527	0.1440759657110085	0.7304430493369463	0.31049496125380627	0.3023859606059803	0.28888880151267043	-1	0.016466826801476063	0.17562779673816653	0.5377777209832358
t1336_1-548	0.13608623825121605	0.09407234438030823	0.037348051087736686	0.5002761319237105	0.7123468595129042	-1	0.37398373983739847	0.20460547797559833	0.5395990779585211	0.20406198028775133	0.5961656381877936	0.054358649567083715	0.15305613590589215	0.01779520961817231	0.25313711952723555	0.5364299362582841	0.3207850424871629	0.5851115504792527	0.0	0.6448870045062973	0.3502905396030459	0.3982807576356704	0.7105679928319096	0.4165631895499676	-1	0.5781652710589325	0.4967219323029838	0.10240490699995015
ROD_14521_1-548	0.5889485603576188	0.6080117509484896	0.6581497828039153	0.2893815601389486	0.1899672945306312	-1	0.4327415786269423	0.7175450686846329	0.2286874797750524	0.5538434065229288	0.12064690607274393	0.6641904673850568	0.6992392274065299	0.6512063146992448	0.5245271859421958	0.23396046624020445	0.4771714144899538	0.1440759657110085	0.6448870045062973	0.0	0.7692797273178403	0.40983606557377045	0.18495799691672227	0.3913428341626451	-1	0.15817031853886598	0.29440001802842697	0.6043728422057193
STM_MW14691_1-548	0.43870705602469484	0.41141023170865243	0.3250837323592548	0.6753246753246752	0.8131090333126397	-1	0.5932713134100369	0.18316075556650385	0.7008731653741705	0.4828715387033347	0.737624994697243	0.3129430517187981	0.2328777762716493	0.33851935282826057	0.5147561209375254	0.6988141440301883	0.5587076164607945	0.7304430493369463	0.3502905396030459	0.7692797273178403	0.0	0.6090573157330074	0.8119532868012126	0.6209355847067896	-1	0.7259299858830035	0.6730154782069498	0.4168239764719838
ROD_34851_1-548	0.3034961717170764	0.33579768910716284	0.4207537986399676	0.16950658564162022	0.5219479115262741	-1	0.038812119340096714	0.5213958108267389	0.23485757205897217	0.24401243883051846	0.3288658008917514	0.4309894030691241	0.49037757977217566	0.4089884776848315	0.19433773173538746	0.22959076076707385	0.11409600788575514	0.31049496125380627	0.3982807576356704	0.40983606557377045	0.6090573157330074	0.0	0.5189916047377378	0.030383658402646816	-1	0.29895090726439716	0.16359984480554327	0.3296317604041356
Ecoli9000q_48290_1-548	0.6649758112636086	0.6805131123079502	0.7213777142220495	0.42081612334773494	0.006146060687619641	-1	0.537660559978245	0.7697873669999735	0.37134789851264755	0.6363636363636362	0.2832902929080516	0.7263011258830575	0.7548673374565439	0.7157184960696741	0.6124696852186845	0.3756456039634361	0.5738727423966952	0.3023859606059803	0.7105679928319096	0.18495799691672227	0.8119532868012126	0.5189916047377378	0.0	0.5039188443649315	-1	0.3138734501669597	0.4249063773183645	0.6775472488372056
BN373_20721_1-548	0.3246585061117605	0.35597858523157944	0.4383534173531216	0.14348244895479098	0.5069677892534491	-1	0.06801652356683127	0.535937557020655	0.21088125775548863	0.26698210664574207	0.3078353052480354	0.448278026673758	0.505861773302708	0.42694556989088384	0.21881669888224103	0.20544940696466787	0.14101301215969547	0.28888880151267043	0.4165631895499676	0.3913428341626451	0.6209355847067896	0.030383658402646816	0.5039188443649315	0.0	-1	0.27698300589624003	0.1373906159455142	0.35000000000000003
b4122_1-548	-1	-1	-1	-1	-1	-1	-1	-1	-1	-1	-1	-1	-1	-1	-1	-1	-1	-1	-1	-1	-1	-1	-1	-1	-1	-1	-1	-1
SL1344_4237_1-548	0.5117166230953822	0.5343615725556857	0.593919976066005	0.15586435651965122	0.31809042558162065	-1	0.3261601083149179	0.6644749674006265	0.08376654184227893	0.4700156061227339	0.04267161021580048	0.6010956372646657	0.6427296646615616	0.5856719084846637	0.4351911977817855	0.09003026309287666	0.37893781007745997	0.016466826801476063	0.5781652710589325	0.15817031853886598	0.7259299858830035	0.29895090726439716	0.3138734501669597	0.27698300589624003	-1	0.0	0.1618257261410787	0.5300389538325561
SL1344_1398_1-548	0.4174440899306294	0.4444610840887142	0.5155183872866693	0.007062099163173487	0.42844093762442886	-1	0.19606230744502592	0.5996953818987674	0.08519573652740656	0.3676918865127668	0.1975919720480982	0.524079448419725	0.573751728630873	0.505677871013881	0.32614395378916006	0.07889873710770437	0.25902976350825685	0.17562779673816653	0.4967219323029838	0.29440001802842697	0.6730154782069498	0.16359984480554327	0.4249063773183645	0.1373906159455142	-1	0.1618257261410787	0.0	0.4393039003645843
BN373_21021_1-548	0.0375239698990467	0.009197823433199095	0.1359283343894178	0.4432635918206142	0.679529063014742	-1	0.30256274232710545	0.286057780031777	0.4870728175410676	0.11325493430231522	0.550092948411223	0.15119696411347378	0.23978734354262768	0.11837779983212891	0.16792896229355506	0.48354211452703416	0.2432947073689056	0.5377777209832358	0.10240490699995015	0.6043728422057193	0.4168239764719838	0.3296317604041356	0.6775472488372056	0.35000000000000003	-1	0.5300389538325561	0.4393039003645843	0.0
