t3305_1-73	0.0	1.2578409880968198	0.36999193701270006	1.70319131278301	0.9698525735146202	1.1148200692339403	0.9899921295288201	1.2403519382687	2.09142638784546	1.4832769689333696	0.49593758984533	-1	1.55757996991288
ENC_35170_1-73	1.2578409880968198	0.0	1.6278329251095198	2.96103230087983	2.22769356161144	2.37266105733076	2.24783311762564	2.49819292636552	3.34926737594228	0.2254359808365498	0.7619033982514898	-1	2.8154209580096996
ETEC_3526_1-73	0.36999193701270006	1.6278329251095198	0.0	1.33319937577031	0.5998606365019201	0.7448281322212402	0.62000019251612	0.870360001256	1.7214344508327601	1.8532689059460696	0.86592952685803	-1	1.18758803290018
CS17_03704_1-73	1.70319131278301	2.96103230087983	1.33319937577031	0.0	0.7333387392683899	0.5883712435490698	0.71319918325419	0.46283937451431	0.38823507506245014	3.1864682817163796	2.19912890262834	-1	0.14561134287013
STM_MW33911_1-73	0.9698525735146202	2.22769356161144	0.5998606365019201	0.7333387392683899	0.0	0.1449674957193201	0.020139556014199922	0.2704993647540799	1.12157381433084	2.4531295424479898	1.4657901633599502	-1	0.5877273963982599
SEN3226_1-73	1.1148200692339403	2.37266105733076	0.7448281322212402	0.5883712435490698	0.1449674957193201	0.0	0.12482793970512018	0.12553186903475977	0.9766063186115199	2.59809703816731	1.6107576590792703	-1	0.4427599006789398
STMMW_33911_1-73	0.9899921295288201	2.24783311762564	0.62000019251612	0.71319918325419	0.020139556014199922	0.12482793970512018	0.0	0.25035980873987995	1.10143425831664	2.4732690984621897	1.48592971937415	-1	0.56758784038406
SL1344_3365_1-73	1.2403519382687	2.49819292636552	0.870360001256	0.46283937451431	0.2704993647540799	0.12553186903475977	0.25035980873987995	0.0	0.8510744495767602	2.7236289072020696	1.73628952811403	-1	0.31722803164418
ERS227112_00909_1-73	2.09142638784546	3.34926737594228	1.7214344508327601	0.38823507506245014	1.12157381433084	0.9766063186115199	1.10143425831664	0.8510744495767602	0.0	3.57470335677883	2.5873639776907904	-1	0.5338464179325801
NCTC13441_00426_1-73	1.4832769689333696	0.2254359808365498	1.8532689059460696	3.1864682817163796	2.4531295424479898	2.59809703816731	2.4732690984621897	2.7236289072020696	3.57470335677883	0.0	0.9873393790880396	-1	3.0408569388462494
ROD_45471_1-73	0.49593758984533	0.7619033982514898	0.86592952685803	2.19912890262834	1.4657901633599502	1.6107576590792703	1.48592971937415	1.73628952811403	2.5873639776907904	0.9873393790880396	0.0	-1	2.05351755975821
b3267_1-73	-1	-1	-1	-1	-1	-1	-1	-1	-1	-1	-1	-1	-1
BN373_43151_1-73	1.55757996991288	2.8154209580096996	1.18758803290018	0.14561134287013	0.5877273963982599	0.4427599006789398	0.56758784038406	0.31722803164418	0.5338464179325801	3.0408569388462494	2.05351755975821	-1	0.0
