ETEC_2780_1-226	0.0	0.1071868675575679	0.20987644612518935	-1	0.6570937077184332	0.6925608614898112	0.357565962980291	0.7633225632519498	0.028900505909111158	0.7603938216328412	0.43250614094963474
STMMW_25971_1-226	0.1071868675575679	0.0	0.11501799742427377	-1	0.6159260209989383	0.6556511913426496	0.42642645502079624	0.7349082040263213	0.13298961876745247	0.7316278517188943	0.3643755468763148
BN373_35501_1-226	0.20987644612518935	0.11501799742427377	0.0	-1	0.5660092771568006	0.6108973881331726	0.49239773553984584	0.7004551559216649	0.23271141656287622	0.6967484677654316	0.28176567289084953
b2567_1-226	-1	-1	-1	-1	-1	-1	-1	-1	-1	-1	-1
SEN2561_1-226	0.6570937077184332	0.6159260209989383	0.5660092771568006	-1	0.0	0.10343103806988531	0.7797053263300928	0.30978975284095983	0.6670038730447881	0.3012488141500366	0.3957532988015406
SL1344_2543_1-200	0.6925608614898112	0.6556511913426496	0.6108973881331726	-1	0.10343103806988531	0.0	0.802490633109038	0.23016491037881778	0.701446008129017	0.22063866192098974	0.4582511623568011
t0277_1-226	0.357565962980291	0.42642645502079624	0.49239773553984584	-1	0.7797053263300928	0.802490633109038	0.0	0.8479503588384733	0.33844673905310346	0.8460688355367216	0.6354226291463801
ERS227112_00020A_1-226	0.7633225632519498	0.7349082040263213	0.7004551559216649	-1	0.30978975284095983	0.23016491037881778	0.8479503588384733	0.0	0.7701626609112402	0.012223147328950886	0.5829427350207768
ENC_36940_1-226	0.028900505909111158	0.13298961876745247	0.23271141656287622	-1	0.6670038730447881	0.701446008129017	0.33844673905310346	0.7701626609112402	0.0	0.7673185614066007	0.4489070005765041
STM_MW25971_1-226	0.7603938216328412	0.7316278517188943	0.6967484677654316	-1	0.3012488141500366	0.22063866192098974	0.8460688355367216	0.012223147328950886	0.7673185614066007	0.0	0.5777819009916481
ROD_25131_1-226	0.43250614094963474	0.3643755468763148	0.28176567289084953	-1	0.3957532988015406	0.4582511623568011	0.6354226291463801	0.5829427350207768	0.4489070005765041	0.5777819009916481	0.0
