STMMW_29271_1-149	0.0	-1	0.28066980755808	0.13049650370846	0.508820462213097	0.022093609715299944	0.2932420341336609	0.35118025387389395	0.4827417497910469	0.530367288292023	0.36355674017557194	0.03072119932870998	0.15795958017460987	0.3451005779864259	0.4890190589721899	0.33350215911305003	0.55742951167517	-1	0.21985561505624396	0.08939742506909987	0.49641879134535893	0.45514404368394	0.608535721815517	0.5583220033004339	0.16788239101909985	0.16027888191165007
b3742_1-147	-1	-1	-1	-1	-1	-1	-1	-1	-1	-1	-1	-1	-1	-1	-1	-1	-1	-1	-1	-1	-1	-1	-1	-1	-1	-1
SL1344_2944_1-149	0.28066980755808	-1	0.0	0.41116631126654	0.789490269771177	0.2585761978427801	0.5739118416917409	0.631850061431974	0.7634115573491269	0.811037095850103	0.644226547733652	0.24994860822937004	0.4386293877326899	0.6257703855445059	0.7696888665302699	0.052832351554970014	0.27675970411708994	-1	0.500525422614324	0.3700672326271799	0.777088598903439	0.17447423612586	0.889205529373597	0.8389918108585139	0.4485521985771799	0.12039092564642995
ERS227112_01527_1-147	0.13049650370846	-1	0.41116631126654	0.0	0.37832395850463696	0.15259011342375994	0.1627455304252009	0.22068375016543396	0.3522452460825869	0.39987078458356295	0.23306023646711194	0.16121770303716998	0.02746307646614987	0.2146040742779659	0.3585225552637299	0.46399866282151003	0.68792601538363	-1	0.08935911134778396	0.04109907863936013	0.36592228763689894	0.5856405473924	0.47803921810705696	0.4278254995919739	0.037385887310639854	0.29077538562011007
SEN3689_1-147	0.508820462213097	-1	0.789490269771177	0.37832395850463696	0.0	0.5309140719283969	0.21557842807943606	0.157640208339203	0.026078712422050065	0.021546826078925996	0.14526372203752502	0.5395416615418069	0.3508608820384871	0.16371988422667105	0.019801403240907067	0.842322621326147	1.066249973888267	-1	0.288964847156853	0.4194230371439971	0.012401670867738024	0.963964505897037	0.09971525960242	0.04950154108733695	0.3409380711939971	0.669099344124747
CS17_03122_1-149	0.022093609715299944	-1	0.2585761978427801	0.15259011342375994	0.5309140719283969	0.0	0.31533564384896084	0.3732738635891939	0.5048353595063468	0.5524608980073229	0.3856503498908719	0.008627589613410036	0.18005318988990981	0.36719418770172585	0.5111126686874898	0.3114085493977501	0.53533590195987	-1	0.2419492247715439	0.11149103478439981	0.5185124010606589	0.43305043396864007	0.6306293315308169	0.5804156130157339	0.1899760007343998	0.13818527219635013
ROD_30231_1-149	0.2932420341336609	-1	0.5739118416917409	0.1627455304252009	0.21557842807943606	0.31533564384896084	0.0	0.057938219740233055	0.189499715657386	0.23712525415836205	0.07031470604191103	0.3239632334623709	0.13528245395905103	0.051858543852765004	0.195777024838529	0.6267441932467109	0.8506715458088309	-1	0.07338641907741694	0.20384460906456103	0.20317675721169803	0.7483860778176009	0.31529368768185606	0.265079969166773	0.12535964311456105	0.453520916045311
NCTC13441_00986_1-149	0.35118025387389395	-1	0.631850061431974	0.22068375016543396	0.157640208339203	0.3732738635891939	0.057938219740233055	0.0	0.13156149591715294	0.179187034418129	0.01237648630167798	0.38190145320260394	0.19322067369928408	0.00607967588746805	0.13783880509829594	0.684682412986944	0.9086097655490639	-1	0.13132463881765	0.2617828288047941	0.14523853747146498	0.806324297557834	0.257355467941623	0.20714174942653996	0.1832978628547941	0.511459135785544
STMMW_38591_1-147	0.4827417497910469	-1	0.7634115573491269	0.3522452460825869	0.026078712422050065	0.5048353595063468	0.189499715657386	0.13156149591715294	0.0	0.04762553850097606	0.11918500961547496	0.5134629491197569	0.324782169616437	0.137641171804621	0.006277309181142998	0.8162439089040969	1.0401712614662169	-1	0.26288613473480293	0.393344324721947	0.013677041554312042	0.9378857934749869	0.12579397202447007	0.07558025350938702	0.31485935877194704	0.643020631702697
NCTC13441_04774_1-147	0.530367288292023	-1	0.811037095850103	0.39987078458356295	0.021546826078925996	0.5524608980073229	0.23712525415836205	0.179187034418129	0.04762553850097606	0.0	0.16681054811645102	0.5610884876207329	0.3724077081174131	0.18526671030559705	0.04134822931983306	0.863869447405073	1.087796799967193	-1	0.310511673235779	0.4409698632229231	0.03394849694666402	0.985511331975963	0.07816843352349401	0.027954715008410957	0.3624848972729231	0.690646170203673
ERS227112_00436_1-147	0.36355674017557194	-1	0.644226547733652	0.23306023646711194	0.14526372203752502	0.3856503498908719	0.07031470604191103	0.01237648630167798	0.11918500961547496	0.16681054811645102	0.0	0.3942779395042819	0.20559716000096206	0.01845616218914603	0.12546231879661796	0.697058899288622	0.9209862518507419	-1	0.14370112511932798	0.27415931510647207	0.132862051169787	0.818700783859512	0.24497898163994503	0.19476526312486198	0.19567434915647208	0.523835622087222
ENC_30340_1-149	0.03072119932870998	-1	0.24994860822937004	0.16121770303716998	0.5395416615418069	0.008627589613410036	0.3239632334623709	0.38190145320260394	0.5134629491197569	0.5610884876207329	0.3942779395042819	0.0	0.18868077950331985	0.3758217773151359	0.5197402583008999	0.30278095978434005	0.52670831234646	-1	0.25057681438495394	0.12011862439780985	0.5271399906740689	0.42442284435523003	0.6392569211442269	0.5890432026291439	0.19860359034780983	0.1295576825829401
ETEC_2980_1-149	0.15795958017460987	-1	0.4386293877326899	0.02746307646614987	0.3508608820384871	0.18005318988990981	0.13528245395905103	0.19322067369928408	0.324782169616437	0.3724077081174131	0.20559716000096206	0.18868077950331985	0.0	0.18714099781181603	0.33105947879758	0.4914617392876599	0.7153890918497798	-1	0.06189603488163409	0.06856215510551	0.33845921117074906	0.6131036238585499	0.4505761416409071	0.40036242312582404	0.009922810844489982	0.31823846208625994
ROD_39981_1-130	0.3451005779864259	-1	0.6257703855445059	0.2146040742779659	0.16371988422667105	0.36719418770172585	0.051858543852765004	0.00607967588746805	0.137641171804621	0.18526671030559705	0.01845616218914603	0.3758217773151359	0.18714099781181603	0.0	0.14391848098576399	0.6786027370994759	0.9025300896615959	-1	0.12524496293018195	0.25570315291732604	0.15131821335893303	0.8002446216703659	0.26343514382909106	0.213221425314008	0.17721818696732605	0.505379459898076
STM_MW29271_1-149	0.4890190589721899	-1	0.7696888665302699	0.3585225552637299	0.019801403240907067	0.5111126686874898	0.195777024838529	0.13783880509829594	0.006277309181142998	0.04134822931983306	0.12546231879661796	0.5197402583008999	0.33105947879758	0.14391848098576399	0.0	0.8225212180852399	1.0464485706473599	-1	0.26916344391594593	0.39962163390309	0.007399732373169043	0.9441631026561299	0.11951666284332707	0.06930294432824402	0.32113666795309004	0.64929794088384
ENC_04280_1-147	0.33350215911305003	-1	0.052832351554970014	0.46399866282151003	0.842322621326147	0.3114085493977501	0.6267441932467109	0.684682412986944	0.8162439089040969	0.863869447405073	0.697058899288622	0.30278095978434005	0.4914617392876599	0.6786027370994759	0.8225212180852399	0.0	0.22392735256211993	-1	0.553357774169294	0.4228995841821499	0.829920950458409	0.12164188457088998	0.942037880928567	0.891824162413484	0.5013845501321499	0.17322327720139996
BN373_37771_1-147	0.55742951167517	-1	0.27675970411708994	0.68792601538363	1.066249973888267	0.53533590195987	0.8506715458088309	0.9086097655490639	1.0401712614662169	1.087796799967193	0.9209862518507419	0.52670831234646	0.7153890918497798	0.9025300896615959	1.0464485706473599	0.22392735256211993	0.0	-1	0.7772851267314139	0.6468269367442698	1.053848303020529	0.10228546799122995	1.165965233490687	1.1157515149756039	0.7253119026942698	0.3971506297635199
b2790_1-149	-1	-1	-1	-1	-1	-1	-1	-1	-1	-1	-1	-1	-1	-1	-1	-1	-1	-1	-1	-1	-1	-1	-1	-1	-1	-1
t2872_1-149	0.21985561505624396	-1	0.500525422614324	0.08935911134778396	0.288964847156853	0.2419492247715439	0.07338641907741694	0.13132463881765	0.26288613473480293	0.310511673235779	0.14370112511932798	0.25057681438495394	0.06189603488163409	0.12524496293018195	0.26916344391594593	0.553357774169294	0.7772851267314139	-1	0.0	0.1304581899871441	0.276563176289115	0.674999658740184	0.388680106759273	0.33846638824418995	0.051973224037144106	0.38013449696789403
SEN2808_1-149	0.08939742506909987	-1	0.3700672326271799	0.04109907863936013	0.4194230371439971	0.11149103478439981	0.20384460906456103	0.2617828288047941	0.393344324721947	0.4409698632229231	0.27415931510647207	0.12011862439780985	0.06856215510551	0.25570315291732604	0.39962163390309	0.4228995841821499	0.6468269367442698	-1	0.1304581899871441	0.0	0.40702136627625907	0.5445414687530399	0.5191382967464171	0.46892457823133404	0.07848496594999999	0.24967630698074994
t3644_1-147	0.49641879134535893	-1	0.777088598903439	0.36592228763689894	0.012401670867738024	0.5185124010606589	0.20317675721169803	0.14523853747146498	0.013677041554312042	0.03394849694666402	0.132862051169787	0.5271399906740689	0.33845921117074906	0.15131821335893303	0.007399732373169043	0.829920950458409	1.053848303020529	-1	0.276563176289115	0.40702136627625907	0.0	0.951562835029299	0.11211693047015803	0.06190321195507498	0.3285364003262591	0.656697673257009
CS17_04198_1-147	0.45514404368394	-1	0.17447423612586	0.5856405473924	0.963964505897037	0.43305043396864007	0.7483860778176009	0.806324297557834	0.9378857934749869	0.985511331975963	0.818700783859512	0.42442284435523003	0.6131036238585499	0.8002446216703659	0.9441631026561299	0.12164188457088998	0.10228546799122995	-1	0.674999658740184	0.5445414687530399	0.951562835029299	0.0	1.063679765499457	1.013466046984374	0.6230264347030399	0.29486516177228994
STM_MW38591_1-147	0.608535721815517	-1	0.889205529373597	0.47803921810705696	0.09971525960242	0.6306293315308169	0.31529368768185606	0.257355467941623	0.12579397202447007	0.07816843352349401	0.24497898163994503	0.6392569211442269	0.4505761416409071	0.26343514382909106	0.11951666284332707	0.942037880928567	1.165965233490687	-1	0.388680106759273	0.5191382967464171	0.11211693047015803	1.063679765499457	0.0	0.05021371851508305	0.4406533307964171	0.768814603727167
SL1344_3842_1-147	0.5583220033004339	-1	0.8389918108585139	0.4278254995919739	0.04950154108733695	0.5804156130157339	0.265079969166773	0.20714174942653996	0.07558025350938702	0.027954715008410957	0.19476526312486198	0.5890432026291439	0.40036242312582404	0.213221425314008	0.06930294432824402	0.891824162413484	1.1157515149756039	-1	0.33846638824418995	0.46892457823133404	0.06190321195507498	1.013466046984374	0.05021371851508305	0.0	0.39043961228133406	0.718600885212084
ETEC_4033_1-147	0.16788239101909985	-1	0.4485521985771799	0.037385887310639854	0.3409380711939971	0.1899760007343998	0.12535964311456105	0.1832978628547941	0.31485935877194704	0.3624848972729231	0.19567434915647208	0.19860359034780983	0.009922810844489982	0.17721818696732605	0.32113666795309004	0.5013845501321499	0.7253119026942698	-1	0.051973224037144106	0.07848496594999999	0.3285364003262591	0.6230264347030399	0.4406533307964171	0.39043961228133406	0.0	0.3281612729307499
BN373_47841_1-146	0.16027888191165007	-1	0.12039092564642995	0.29077538562011007	0.669099344124747	0.13818527219635013	0.453520916045311	0.511459135785544	0.643020631702697	0.690646170203673	0.523835622087222	0.1295576825829401	0.31823846208625994	0.505379459898076	0.64929794088384	0.17322327720139996	0.3971506297635199	-1	0.38013449696789403	0.24967630698074994	0.656697673257009	0.29486516177228994	0.768814603727167	0.718600885212084	0.3281612729307499	0.0
