ETEC_0118_14-115	0.0	-1	0.027938993450225436	2.505633518237465	0.7810754353646062	0.44424910583162924	0.4809543454849422	0.053576749407655	0.6813657085270405	0.11444484018827861	2.937239315493221	0.21575338511666642	0.46669495993176896
b0122_14-115	-1	-1	-1	-1	-1	-1	-1	-1	-1	-1	-1	-1	-1
NCTC13441_03859_1-102	0.027938993450225436	-1	0.0	2.5335725116876904	0.8090144288148317	0.4721880992818547	0.5088933389351676	0.08151574285788044	0.7093047019772659	0.14238383363850404	2.9651783089434463	0.24369237856689185	0.4387559664815435
ERS227112_02471_18-119	2.505633518237465	-1	2.5335725116876904	0.0	1.7245580828728588	2.061384412405836	2.024679172752523	2.4520567688298103	1.8242678097104246	2.3911886780491862	0.4316057972557559	2.2898801331207985	2.972328478169234
CS17_00132_1-102	0.7810754353646062	-1	0.8090144288148317	1.7245580828728588	0.0	0.336826329532977	0.300121089879664	0.7274986859569512	0.09970972683756574	0.6666305951763276	2.1561638801286147	0.5653220502479398	1.2477703952963752
SEN0172_14-115	0.44424910583162924	-1	0.4721880992818547	2.061384412405836	0.336826329532977	0.0	0.03670523965331296	0.39067235642397424	0.23711660269541124	0.32980426564335064	2.492990209661592	0.22849572071496282	0.9109440657633983
STMMW_01731_14-115	0.4809543454849422	-1	0.5088933389351676	2.024679172752523	0.300121089879664	0.03670523965331296	0.0	0.4273775960772872	0.20041136304209828	0.3665095052966636	2.4562849700082787	0.2652009603682758	0.9476493054167112
t0172_14-115	0.053576749407655	-1	0.08151574285788044	2.4520567688298103	0.7274986859569512	0.39067235642397424	0.4273775960772872	0.0	0.6277889591193855	0.06086809078062361	2.883662566085566	0.16217663570901142	0.520271709339424
SL1344_0168_14-115	0.6813657085270405	-1	0.7093047019772659	1.8242678097104246	0.09970972683756574	0.23711660269541124	0.20041136304209828	0.6277889591193855	0.0	0.5669208683387619	2.2558736069661807	0.46561232341037406	1.1480606684588095
ROD_01331_1-102	0.11444484018827861	-1	0.14238383363850404	2.3911886780491862	0.6666305951763276	0.32980426564335064	0.3665095052966636	0.06086809078062361	0.5669208683387619	0.0	2.822794475304942	0.10130854492838781	0.5811398001200476
BN373_06201_14-115	2.937239315493221	-1	2.9651783089434463	0.4316057972557559	2.1561638801286147	2.492990209661592	2.4562849700082787	2.883662566085566	2.2558736069661807	2.822794475304942	0.0	2.7214859303765544	3.40393427542499
STM_MW01731_14-115	0.21575338511666642	-1	0.24369237856689185	2.2898801331207985	0.5653220502479398	0.22849572071496282	0.2652009603682758	0.16217663570901142	0.46561232341037406	0.10130854492838781	2.7214859303765544	0.0	0.6824483450484353
Ecoli9000q_41730_7-108	0.46669495993176896	-1	0.4387559664815435	2.972328478169234	1.2477703952963752	0.9109440657633983	0.9476493054167112	0.520271709339424	1.1480606684588095	0.5811398001200476	3.40393427542499	0.6824483450484353	0.0
