SEN0295_1-246	0.0	0.45144113481354703	0.0019122478221019756	0.13432048925000695	0.22410584975859804	0.27136679273784603	0.24654523927455807	0.03434612433677697	0.7012738308126779	0.47588352429802805	0.25614233600886804	0.14515279381040003	-1	0.7694890861778579	0.04125192406093503	0.204633041600642	0.23290793316924796
STM_MW03231_1-246	0.45144113481354703	0.0	0.44952888699144505	0.5857616240635539	0.6755469845721451	0.180074342075701	0.6979863740881052	0.485787259150324	1.152714965626225	0.9273246591115751	0.7075834708224151	0.596593928623947	-1	1.220930220991405	0.49269305887448206	0.24680809321290503	0.684349067982795
SL1344_0308_1-246	0.0019122478221019756	0.44952888699144505	0.0	0.13623273707210892	0.22601809758070002	0.26945454491574405	0.24845748709666005	0.03625837215887895	0.7031860786347799	0.47779577212013	0.25805458383097	0.147065041632502	-1	0.7714013339999599	0.043164171883037006	0.20272079377854002	0.23482018099134994
NCTC13441_03754_1-246	0.13432048925000695	0.5857616240635539	0.13623273707210892	0.0	0.0897853605085911	0.405687281987853	0.11222475002455112	0.09997436491322997	0.566953341562671	0.3415630350480211	0.1218218467588611	0.01083230456039308	-1	0.635168596927851	0.09306856518907192	0.33895353085064894	0.09858744391924101
ERS227112_02578_1-246	0.22410584975859804	0.6755469845721451	0.22601809758070002	0.0897853605085911	0.0	0.49547264249644407	0.02243938951596003	0.18975972542182107	0.47716798105407987	0.25177767453943	0.03203648625027	0.07895305594819801	-1	0.5453832364192599	0.182853925697663	0.42873889135924004	0.008802083410649919
SL1344_3250_10-238	0.27136679273784603	0.180074342075701	0.26945454491574405	0.405687281987853	0.49547264249644407	0.0	0.5179120320124041	0.305712917074623	0.9726406235505239	0.7472503170358741	0.5275091287467141	0.41651958654824606	-1	1.0408558789157039	0.31261871679878106	0.06673375113720403	0.504274725907094
STM_MW32771_10-238	0.24654523927455807	0.6979863740881052	0.24845748709666005	0.11222475002455112	0.02243938951596003	0.5179120320124041	0.0	0.2121991149377811	0.45472859153811984	0.22933828502346998	0.009597096734309973	0.10139244546415804	-1	0.5229438469032999	0.20529331521362304	0.45117828087520007	0.01363730610531011
t2538_1-246	0.03434612433677697	0.485787259150324	0.03625837215887895	0.09997436491322997	0.18975972542182107	0.305712917074623	0.2121991149377811	0.0	0.6669277064759009	0.4415373999612511	0.22179621167209107	0.11080666947362305	-1	0.735142961841081	0.006905799724158057	0.23897916593741897	0.198561808832471
ETEC_0249_1-246	0.7012738308126779	1.152714965626225	0.7031860786347799	0.566953341562671	0.47716798105407987	0.9726406235505239	0.45472859153811984	0.6669277064759009	0.0	0.22539030651464986	0.44513149480380987	0.5561210370022779	-1	0.06821525536518003	0.6600219067517429	0.9059068724133199	0.46836589764342995
SEN3112_10-238	0.47588352429802805	0.9273246591115751	0.47779577212013	0.3415630350480211	0.25177767453943	0.7472503170358741	0.22933828502346998	0.4415373999612511	0.22539030651464986	0.0	0.21974118828916	0.330730730487628	-1	0.2936055618798299	0.434631600237093	0.68051656589867	0.2429755911287801
ENC_24670_1-246	0.25614233600886804	0.7075834708224151	0.25805458383097	0.1218218467588611	0.03203648625027	0.5275091287467141	0.009597096734309973	0.22179621167209107	0.44513149480380987	0.21974118828916	0.0	0.11098954219846802	-1	0.5133467501689899	0.214890411947933	0.46077537760951004	0.023234402839620083
STMMW_03231_1-246	0.14515279381040003	0.596593928623947	0.147065041632502	0.01083230456039308	0.07895305594819801	0.41651958654824606	0.10139244546415804	0.11080666947362305	0.5561210370022779	0.330730730487628	0.11098954219846802	0.0	-1	0.6243362923674579	0.103900869749465	0.349785835411042	0.08775513935884793
b0224_1-246	-1	-1	-1	-1	-1	-1	-1	-1	-1	-1	-1	-1	-1	-1	-1	-1	-1
CS17_00238_1-246	0.7694890861778579	1.220930220991405	0.7714013339999599	0.635168596927851	0.5453832364192599	1.0408558789157039	0.5229438469032999	0.735142961841081	0.06821525536518003	0.2936055618798299	0.5133467501689899	0.6243362923674579	-1	0.0	0.7282371621169229	0.9741221277784999	0.53658115300861
BN373_07221_1-246	0.04125192406093503	0.49269305887448206	0.043164171883037006	0.09306856518907192	0.182853925697663	0.31261871679878106	0.20529331521362304	0.006905799724158057	0.6600219067517429	0.434631600237093	0.214890411947933	0.103900869749465	-1	0.7282371621169229	0.0	0.24588496566157703	0.19165600910831293
STMMW_32771_10-238	0.204633041600642	0.24680809321290503	0.20272079377854002	0.33895353085064894	0.42873889135924004	0.06673375113720403	0.45117828087520007	0.23897916593741897	0.9059068724133199	0.68051656589867	0.46077537760951004	0.349785835411042	-1	0.9741221277784999	0.24588496566157703	0.0	0.43754097476988996
ROD_02251_1-246	0.23290793316924796	0.684349067982795	0.23482018099134994	0.09858744391924101	0.008802083410649919	0.504274725907094	0.01363730610531011	0.198561808832471	0.46836589764342995	0.2429755911287801	0.023234402839620083	0.08775513935884793	-1	0.53658115300861	0.19165600910831293	0.43754097476988996	0.0
