BN373_21401_1-186	0.0	-1	0.46192072290223835	0.6473828767831423	0.6967484677654315	0.4643621862206899	0.4859187937773726	0.2928038661211728	0.09164594389301121	0.7115352976902778	0.5232858009180418	0.07640339742513319	0.3670968625203342
b1584_1-186	-1	-1	-1	-1	-1	-1	-1	-1	-1	-1	-1	-1	-1
STMMW_15021_1-186	0.46192072290223835	-1	0.0	0.8102640332471809	0.4364184886096779	0.004537367303234686	0.7233835561861833	0.23913713421126034	0.40763265878521604	0.8447831215129636	0.7434899683757414	0.4174087739196238	0.14982365352067908
ETEC_1618_1-186	0.6473828767831423	-1	0.8102640332471809	0.0	0.8930683170923422	0.8111249350189729	0.3140828356519345	0.7506305337215643	0.6796988058731895	0.18193223381180507	0.2603175573626357	0.6743240229871871	0.7768275163869969
STM_MW15021_1-186	0.6967484677654315	-1	0.4364184886096779	0.8930683170923422	0.0	0.4338496565526046	0.8441040865199931	0.5711917561380104	0.6661527185399054	0.9125226370289882	0.8554356886904211	0.6716623562828807	0.5208563297028822
SL1344_1432_1-186	0.4643621862206899	-1	0.004537367303234686	0.8111249350189729	0.4338496565526046	0.0	0.7246386665938812	0.2425894485007356	0.4103204469907481	0.8454873975023208	0.7446538486061852	0.4200522042999923	0.15368121587717787
ROD_14791_1-186	0.4859187937773726	-1	0.7233835561861833	0.3140828356519345	0.8441040865199931	0.7246386665938812	0.0	0.6364437584595939	0.5330322511593031	0.4388732775716371	0.07268697374727022	0.5251963444851919	0.674636391662368
t1423_1-186	0.2928038661211728	-1	0.23913713421126034	0.7506305337215643	0.5711917561380104	0.2425894485007356	0.6364437584595939	0.0	0.22145321075603655	0.7959988777660577	0.6628695614440976	0.23430193235092397	0.1050528882160022
ENC_12100_1-186	0.09164594389301121	-1	0.40763265878521604	0.6796988058731895	0.6661527185399054	0.4103204469907481	0.5330322511593031	0.22145321075603655	0.0	0.7379719176132687	0.5669747236601087	0.01650346745038233	0.30324179957741004
CS17_01762_1-186	0.7115352976902778	-1	0.8447831215129636	0.18193223381180507	0.9125226370289882	0.8454873975023208	0.4388732775716371	0.7959988777660577	0.7379719176132687	0.0	0.3948896364630237	0.7335749809839702	0.817429784856039
NCTC13441_02300_1-186	0.5232858009180418	-1	0.7434899683757414	0.2603175573626357	0.8554356886904211	0.7446538486061852	0.07268697374727022	0.6628695614440976	0.5669747236601087	0.3948896364630237	0.0	0.5597083853287047	0.6982860877199226
ERS227112_05101_1-186	0.07640339742513319	-1	0.4174087739196238	0.6743240229871871	0.6716623562828807	0.4200522042999923	0.5251963444851919	0.23430193235092397	0.01650346745038233	0.7335749809839702	0.5597083853287047	0.0	0.31474072585887125
SEN1548_1-186	0.3670968625203342	-1	0.14982365352067908	0.7768275163869969	0.5208563297028822	0.15368121587717787	0.674636391662368	0.1050528882160022	0.30324179957741004	0.817429784856039	0.6982860877199226	0.31474072585887125	0.0
