t2415_1-192	0.0	0.10414879029385393	0.012104291937327982	0.26709838917377404	0.993146566604984	0.18758212204939395	0.08421536867919899	0.27595658710052395	-1	0.3326116299399039	0.07437338751814393	0.12156079912125506	0.21550840350229405
NCTC13441_03545_1-192	0.10414879029385393	0.0	0.11625308223118191	0.1629495988799201	0.8889977763111301	0.08343333175554002	0.18836415897305292	0.17180779680667002	-1	0.22846283964604996	0.029775402775710003	0.225709589415109	0.319657193796148
ROD_04891_1-192	0.012104291937327982	0.11625308223118191	0.0	0.279202681111102	1.005250858542312	0.19968641398672193	0.072111076741871	0.28806087903785194	-1	0.3447159218772319	0.08647767945547191	0.10945650718392708	0.20340411156496607
STMMW_05161_19-210	0.26709838917377404	0.1629495988799201	0.279202681111102	0.0	0.72604817743121	0.07951626712438009	0.35131375785297303	0.008858197926749911	-1	0.06551324076612985	0.1927250016556301	0.3886591882950291	0.4826067926760681
CS17_00465_1-192	0.993146566604984	0.8889977763111301	1.005250858542312	0.72604817743121	0.0	0.8055644445555901	1.077361935284183	0.7171899795044601	-1	0.6605349366650801	0.9187731790868401	1.1147073657262392	1.2086549701072782
ENC_23110_1-192	0.18758212204939395	0.08343333175554002	0.19968641398672193	0.07951626712438009	0.8055644445555901	0.0	0.27179749072859294	0.08837446505113	-1	0.14502950789050995	0.11320873453125002	0.309142921170649	0.403090525551688
SEN0427_19-210	0.08421536867919899	0.18836415897305292	0.072111076741871	0.35131375785297303	1.077361935284183	0.27179749072859294	0.0	0.36017195577972294	-1	0.4168269986191029	0.15858875619734292	0.03734543044205607	0.13129303482309507
ERS227112_02747_1-192	0.27595658710052395	0.17180779680667002	0.28806087903785194	0.008858197926749911	0.7171899795044601	0.08837446505113	0.36017195577972294	0.0	-1	0.05665504283937994	0.20158319958238002	0.397517386221779	0.491464990602818
b0434_1-192	-1	-1	-1	-1	-1	-1	-1	-1	-1	-1	-1	-1	-1
ETEC_0487_1-192	0.3326116299399039	0.22846283964604996	0.3447159218772319	0.06551324076612985	0.6605349366650801	0.14502950789050995	0.4168269986191029	0.05665504283937994	-1	0.0	0.25823824242175997	0.45417242906115896	0.548120033442198
SL1344_0439_19-210	0.07437338751814393	0.029775402775710003	0.08647767945547191	0.1927250016556301	0.9187731790868401	0.11320873453125002	0.15858875619734292	0.20158319958238002	-1	0.25823824242175997	0.0	0.195934186639399	0.289881791020438
BN373_08851_1-192	0.12156079912125506	0.225709589415109	0.10945650718392708	0.3886591882950291	1.1147073657262392	0.309142921170649	0.03734543044205607	0.397517386221779	-1	0.45417242906115896	0.195934186639399	0.0	0.093947604381039
STM_MW05161_19-210	0.21550840350229405	0.319657193796148	0.20340411156496607	0.4826067926760681	1.2086549701072782	0.403090525551688	0.13129303482309507	0.491464990602818	-1	0.548120033442198	0.289881791020438	0.093947604381039	0.0
