ERS227112_03053_1-137	0.0	0.4888888888888888	0.439864695210386	0.5558082786929179	0.11810110806185166	-1	-1	0.10310192495161258	0.12731047010313745	0.394553954927842	0.4718046601072431	0.13265145216318663	0.15111172570136844	0.13720152526298623	0.5717655003228833	0.44944171979254377	0.3718944947840205	0.31104685861982906	0.1196744335120716	0.48081386795128345	0.39202343022648395	0.6051049872515553	0.033766599237915924	0.17923501631226404	0.3111690498894471	0.4600597739471577	0.5065243839494112
ERS227112_04517_1-137	0.4888888888888888	0.0	0.08752205629480221	0.7729686757763802	0.5492516774538352	-1	-1	0.5415854283086019	0.5539586847193814	0.1558106370152337	0.7300334929437019	0.5566885199945175	0.3979053232495155	0.40761240767503565	0.1621498919360761	0.7186035456717444	0.18626551293263827	0.2581337098090461	0.5500558215728365	0.015553229254682147	0.6892564198935363	0.22737932288347787	0.47102727901147956	0.377274711678531	0.25800211063530004	0.05339316011418957	0.7477791295741435
ROD_13641_1-136	0.439864695210386	0.08752205629480221	0.0	0.7511925348006343	0.5060172953706025	-1	-1	0.49761572336755344	0.5111757841845159	0.07483860973465249	0.7041391423007168	0.5141674567985974	0.3401542679424935	0.35079242582070325	0.23548025626065294	0.6916128699115508	0.10821462296050628	0.1869761945384237	0.5068985705011947	0.07310585922856241	0.6594508587849676	0.2950006732805983	0.42028985507246375	0.3175448320505835	0.1868319727798005	0.03605392940614038	0.7235868853972609
SEN1679_1-136	0.5558082786929179	0.7729686757763802	0.7511925348006343	0.0	0.4963235294117647	-1	-1	0.5047467112881048	0.4910083069753591	0.7310658790808329	0.15903892412744627	0.4878740243297736	0.6229308562418924	0.616752060365441	0.8097817804653444	0.19319763724249886	0.7210007344756597	0.6939727182304203	0.49542335447646785	0.7693818183265145	0.26939335594371216	0.8245909045516862	0.5708071225310942	0.6354229891071654	0.6940269945808006	0.7601630215866529	0.09987098276088749
SEN0568_1-137	0.11810110806185166	0.5492516774538352	0.5060172953706025	0.4963235294117647	0.0	-1	-1	0.01672339759390149	0.010442650654709848	0.46605780372252964	0.4010704121286029	0.016498880125994594	0.2513663715167499	0.2390989811635031	0.6223404692450634	0.37571269763419834	0.4460744509297768	0.3924129880195208	0.0017840202143380043	0.5421303254365837	0.3106051324802478	0.6517425258252456	0.14787983451428924	0.27616827034415325	0.39252074836480144	0.523827312931165	0.44043969148654005
b0597_1-137	-1	-1	-1	-1	-1	-1	-1	-1	-1	-1	-1	-1	-1	-1	-1	-1	-1	-1	-1	-1	-1	-1	-1	-1	-1	-1	-1
b1686_1-136	-1	-1	-1	-1	-1	-1	-1	-1	-1	-1	-1	-1	-1	-1	-1	-1	-1	-1	-1	-1	-1	-1	-1	-1	-1	-1	-1
STMMW_13721_1-136	0.10310192495161258	0.5415854283086019	0.49761572336755344	0.5047467112881048	0.01672339759390149	-1	-1	0.0	0.026991411649778408	0.4569766076291223	0.41108654975732783	0.03294636038769495	0.23863374085040986	0.22615770885368763	0.6159173015702847	0.38615290240448585	0.4366533814444931	0.38207925369758516	0.018477582928879563	0.5343429575736882	0.3221341569489757	0.6458194232197115	0.13338712280902973	0.26385746606334853	0.3821888468120933	0.5157286506120146	0.4497974410035768
SL1344_1300_1-136	0.12731047010313745	0.5539586847193814	0.5111757841845159	0.4910083069753591	0.010442650654709848	-1	-1	0.026991411649778408	0.0	0.4716335755480638	0.3947499977968329	0.006120139954790555	0.25918409096736833	0.24704480468602544	0.6262842357911589	0.3691246871352712	0.4518589019274355	0.39875780692797197	0.008674105219424593	0.5469116984934352	0.30333005158733967	0.6553792569659443	0.15677822771829006	0.2837269922297436	0.3988644419696124	0.5287998179535395	0.43453473526958736
NCTC13441_03398_1-137	0.394553954927842	0.1558106370152337	0.07483860973465249	0.7310658790808329	0.46605780372252964	-1	-1	0.4569766076291223	0.4716335755480638	0.0	0.680206220436386	0.4748672520131219	0.2867777027873431	0.2982764077594114	0.29269585099679846	0.6666666666666666	0.036075882086131106	0.12120867340952134	0.46701036739397667	0.14247332809509208	0.6319029903340878	0.34776184275614436	0.37339565720390866	0.26233933329872305	0.12105278519354007	0.10819431318856601	0.7012271399226243
STM_MW13721_1-137	0.4718046601072431	0.7300334929437019	0.7041391423007168	0.15903892412744627	0.4010704121286029	-1	-1	0.41108654975732783	0.3947499977968329	0.680206220436386	0.0	0.3910229731633403	0.5516211694258584	0.5442738663773308	0.7738085328892406	0.04061866130915825	0.668237599183934	0.6360981613185179	0.40000000000000013	0.7257683045149224	0.1312241850216025	0.7914182945193806	0.48964002046873656	0.5664757604689832	0.6361627021777058	0.7148060887782469	0.06573273412298103
CS17_01867_1-137	0.13265145216318663	0.5566885199945175	0.5141674567985974	0.4878740243297736	0.016498880125994594	-1	-1	0.03294636038769495	0.006120139954790555	0.4748672520131219	0.3910229731633403	0.0	0.2637179880113834	0.2516529958610336	0.6285714285714284	0.3652398662791782	0.4552136021626122	0.40243749329629797	0.01474115843628969	0.5496846623105336	0.29904007876669286	0.6574883841446365	0.16193886297758067	0.2881106832831364	0.4025434757165595	0.5316836290143865	0.43105269815539793
ENC_13900_1-136	0.15111172570136844	0.3979053232495155	0.3401542679424935	0.6229308562418924	0.2513663715167499	-1	-1	0.23863374085040986	0.25918409096736833	0.2867777027873431	0.5516211694258584	0.2637179880113834	0.0	0.01612218941696913	0.49553491001989325	0.5326375316138701	0.26008460214044915	0.18840539769571235	0.25270194904309723	0.38839285714285726	0.4838958188709584	0.5348092031607872	0.12144594294805013	0.03312955480994436	0.18854934039502574	0.3639442993850378	0.5810943358823616
t1234_1-130	0.13720152526298623	0.40761240767503565	0.35079242582070325	0.616752060365441	0.2390989811635031	-1	-1	0.22615770885368763	0.24704480468602544	0.2982764077594114	0.5442738663773308	0.2516529958610336	0.01612218941696913	0.0	0.5036679917548009	0.5249791555831733	0.2720136583372729	0.20149007960385182	0.2404564439622178	0.3982533033487714	0.47543874292356875	0.5423090973024598	0.10704962790924999	0.04871762326896771	0.2016317016317017	0.37419890987009524	0.5742299911516437
CS17_00602_1-137	0.5717655003228833	0.1621498919360761	0.23548025626065294	0.8097817804653444	0.6223404692450634	-1	-1	0.6159173015702847	0.6262842357911589	0.29269585099679846	0.7738085328892406	0.6285714285714284	0.49553491001989325	0.5036679917548009	0.0	0.7642319503322661	0.31821247207526926	0.3784272485945269	0.6230142214820676	0.1751811667478545	0.7396434578276287	0.07785334192786794	0.5568001485569003	0.47824954988571905	0.3783169882125827	0.20688535690762422	0.7886767164577191
NCTC13441_02194_1-137	0.44944171979254377	0.7186035456717444	0.6916128699115508	0.19319763724249886	0.37571269763419834	-1	-1	0.38615290240448585	0.3691246871352712	0.6666666666666666	0.04061866130915825	0.3652398662791782	0.5326375316138701	0.5249791555831733	0.7642319503322661	0.0	0.654191313259455	0.6206911433382086	0.3745969659793973	0.7141577760316973	0.09444161571464718	0.7825872809187148	0.4680322005974252	0.5481210421263792	0.6207584167534659	0.702731437729522	0.10368141976787296
ETEC_0627_1-137	0.3718944947840205	0.18626551293263827	0.10821462296050628	0.7210007344756597	0.4460744509297768	-1	-1	0.4366533814444931	0.4518589019274355	0.036075882086131106	0.668237599183934	0.4552136021626122	0.26008460214044915	0.2720136583372729	0.31821247207526926	0.654191313259455	0.0	0.08831897629829534	0.44706266530655636	0.17340935919644596	0.6181265694829275	0.37129190960894914	0.34994432533528397	0.23473160076362945	0.08815725380055492	0.14036698998971647	0.6900452488687783
BN373_11931_1-137	0.31104685861982906	0.2581337098090461	0.1869761945384237	0.6939727182304203	0.3924129880195208	-1	-1	0.38207925369758516	0.39875780692797197	0.12120867340952134	0.6360981613185179	0.40243749329629797	0.18840539769571235	0.20149007960385182	0.3784272485945269	0.6206911433382086	0.08831897629829534	0.0	0.3934969355308632	0.2464129984099678	0.5811326323689955	0.42681876454274287	0.2869702694641043	0.16059632772749172	0.00017735788151463508	0.21628889742604698	0.6600184241274318
STM_MW06641_1-137	0.1196744335120716	0.5500558215728365	0.5068985705011947	0.49542335447646785	0.0017840202143380043	-1	-1	0.018477582928879563	0.008674105219424593	0.46701036739397667	0.40000000000000013	0.01474115843628969	0.25270194904309723	0.2404564439622178	0.6230142214820676	0.3745969659793973	0.44706266530655636	0.3934969355308632	0.0	0.5429471741915373	0.3093730400230822	0.6523638241989678	0.1494000341145608	0.2774596007816385	0.3936045036295096	0.5246768146304115	0.43943964047378875
ENC_21360_1-137	0.48081386795128345	0.015553229254682147	0.07310585922856241	0.7693818183265145	0.5421303254365837	-1	-1	0.5343429575736882	0.5469116984934352	0.14247332809509208	0.7257683045149224	0.5496846623105336	0.38839285714285726	0.3982533033487714	0.1751811667478545	0.7141577760316973	0.17340935919644596	0.2464129984099678	0.5429471741915373	0.0	0.6843469963630416	0.23939606940157887	0.46267006332090577	0.36743630348849843	0.2462793201069282	0.03843776218683624	0.7437943036423373
Ecoli9000q_47010_1-137	0.39202343022648395	0.6892564198935363	0.6594508587849676	0.26939335594371216	0.3106051324802478	-1	-1	0.3221341569489757	0.30333005158733967	0.6319029903340878	0.1312241850216025	0.29904007876669286	0.4838958188709584	0.47543874292356875	0.7396434578276287	0.09444161571464718	0.6181265694829275	0.5811326323689955	0.3093730400230822	0.6843469963630416	0.0	0.7599130847285317	0.4125527314040691	0.5009941206273144	0.5812069217979541	0.6717289934816562	0.18833119468005366
SL1344_0587_1-137	0.6051049872515553	0.22737932288347787	0.2950006732805983	0.8245909045516862	0.6517425258252456	-1	-1	0.6458194232197115	0.6553792569659443	0.34776184275614436	0.7914182945193806	0.6574883841446365	0.5348092031607872	0.5423090973024598	0.07785334192786794	0.7825872809187148	0.37129190960894914	0.42681876454274287	0.6523638241989678	0.23939606940157887	0.7599130847285317	0.0	0.5913047381336802	0.5188695660794852	0.42671708830001526	0.26863198240429387	0.8051289403086561
ROD_06061_1-138	0.033766599237915924	0.47102727901147956	0.42028985507246375	0.5708071225310942	0.14787983451428924	-1	-1	0.13338712280902973	0.15677822771829006	0.37339565720390866	0.48964002046873656	0.16193886297758067	0.12144594294805013	0.10704962790924999	0.5568001485569003	0.4680322005974252	0.34994432533528397	0.2869702694641043	0.1494000341145608	0.46267006332090577	0.4125527314040691	0.5913047381336802	0.0	0.15055204773465167	0.28709673090656906	0.44119068371370457	0.5231873773102752
STMMW_06641_1-137	0.17923501631226404	0.377274711678531	0.3175448320505835	0.6354229891071654	0.27616827034415325	-1	-1	0.26385746606334853	0.2837269922297436	0.26233933329872305	0.5664757604689832	0.2881106832831364	0.03312955480994436	0.04871762326896771	0.47824954988571905	0.5481210421263792	0.23473160076362945	0.16059632772749172	0.2774596007816385	0.36743630348849843	0.5009941206273144	0.5188695660794852	0.15055204773465167	0.0	0.16074520258454156	0.3421500224986874	0.5949724940419431
t2269_1-137	0.3111690498894471	0.25800211063530004	0.1868319727798005	0.6940269945808006	0.39252074836480144	-1	-1	0.3821888468120933	0.3988644419696124	0.12105278519354007	0.6361627021777058	0.4025434757165595	0.18854934039502574	0.2016317016317017	0.3783169882125827	0.6207584167534659	0.08815725380055492	0.00017735788151463508	0.3936045036295096	0.2462793201069282	0.5812069217979541	0.42671708830001526	0.28709673090656906	0.16074520258454156	0.0	0.216149875428528	0.6600787225394825
BN373_27431_1-136	0.4600597739471577	0.05339316011418957	0.03605392940614038	0.7601630215866529	0.523827312931165	-1	-1	0.5157286506120146	0.5287998179535395	0.10819431318856601	0.7148060887782469	0.5316836290143865	0.3639442993850378	0.37419890987009524	0.20688535690762422	0.702731437729522	0.14036698998971647	0.21628889742604698	0.5246768146304115	0.03843776218683624	0.6717289934816562	0.26863198240429387	0.44119068371370457	0.3421500224986874	0.216149875428528	0.0	0.7335526643180795
ETEC_1719_1-136	0.5065243839494112	0.7477791295741435	0.7235868853972609	0.09987098276088749	0.44043969148654005	-1	-1	0.4497974410035768	0.43453473526958736	0.7012271399226243	0.06573273412298103	0.43105269815539793	0.5810943358823616	0.5742299911516437	0.7886767164577191	0.10368141976787296	0.6900452488687783	0.6600184241274318	0.43943964047378875	0.7437943036423373	0.18833119468005366	0.8051289403086561	0.5231873773102752	0.5949724940419431	0.6600787225394825	0.7335526643180795	0.0
