t0813_1-155	0.0	0.16258366598085305	0.024356059056138968	0.6353496552054649	0.8182803773003351	0.477317097612479	0.07458206949406598	0.15504932626061196	-1	1.420784281776425	0.422636261690286	0.517394729575595	0.10088719749893504
ENC_41570_1-157	0.16258366598085305	0.0	0.18693972503699202	0.4727659892246119	0.655696711319482	0.3147334316316259	0.08800159648678707	0.00753433972024109	-1	1.2582006157955719	0.26005259570943295	0.3548110635947419	0.06169646848191801
NCTC13441_01705_1-157	0.024356059056138968	0.18693972503699202	0.0	0.6597057142616038	0.842636436356474	0.5016731566686179	0.09893812855020495	0.17940538531675093	-1	1.4451403408325638	0.446992320746425	0.5417507886317339	0.125243256555074
ERS227112_04119_1-157	0.6353496552054649	0.4727659892246119	0.6597057142616038	0.0	0.18293072209487016	0.15803255759298596	0.560767585711399	0.48030032894485297	-1	0.78543462657096	0.21271339351517893	0.11795492562986998	0.5344624577065299
ROD_21481_1-157	0.8182803773003351	0.655696711319482	0.842636436356474	0.18293072209487016	0.0	0.3409632796878561	0.7436983078062691	0.6632310510397231	-1	0.6025039044760898	0.3956441156100491	0.30088564772474014	0.7173931798014
SL1344_2037_1-155	0.477317097612479	0.3147334316316259	0.5016731566686179	0.15803255759298596	0.3409632796878561	0.0	0.402735028118413	0.322267771351867	-1	0.9434671841639459	0.05468083592219297	0.04007763196311598	0.37642990011354394
STM_MW20911_1-156	0.07458206949406598	0.08800159648678707	0.09893812855020495	0.560767585711399	0.7436983078062691	0.402735028118413	0.0	0.08046725676654598	-1	1.346202212282359	0.34805419219622	0.442812660081529	0.02630512800486906
ETEC_2152_1-157	0.15504932626061196	0.00753433972024109	0.17940538531675093	0.48030032894485297	0.6632310510397231	0.322267771351867	0.08046725676654598	0.0	-1	1.2657349555158128	0.26758693542967404	0.362345403314983	0.05416212876167692
b2009_1-157	-1	-1	-1	-1	-1	-1	-1	-1	-1	-1	-1	-1	-1
BN373_30691_1-157	1.420784281776425	1.2582006157955719	1.4451403408325638	0.78543462657096	0.6025039044760898	0.9434671841639459	1.346202212282359	1.2657349555158128	-1	0.0	0.9981480200861389	0.90338955220083	1.31989708427749
SEN2059_1-155	0.422636261690286	0.26005259570943295	0.446992320746425	0.21271339351517893	0.3956441156100491	0.05468083592219297	0.34805419219622	0.26758693542967404	-1	0.9981480200861389	0.0	0.09475846788530895	0.32174906419135096
STMMW_20911_1-155	0.517394729575595	0.3548110635947419	0.5417507886317339	0.11795492562986998	0.30088564772474014	0.04007763196311598	0.442812660081529	0.362345403314983	-1	0.90338955220083	0.09475846788530895	0.0	0.4165075320766599
CS17_02240_1-157	0.10088719749893504	0.06169646848191801	0.125243256555074	0.5344624577065299	0.7173931798014	0.37642990011354394	0.02630512800486906	0.05416212876167692	-1	1.31989708427749	0.32174906419135096	0.4165075320766599	0.0
