t3164_1-329	0.0	0.19858316992499284	0.8571882639873392	0.35247825229487756	-1	0.3695542591603242	0.5298662794223584	0.5459554784115815	0.7082745606550838	0.2998616924679371	0.01802533014805207	0.6524652904805809	0.4217048600252926
SEN3085_1-329	0.19858316992499284	0.0	0.8218009272412028	0.1920287628043464	-1	0.21333603540535784	0.4133717898916096	0.4334477333774947	0.6359878799680153	0.12637433947258792	0.18387219682984637	0.5663496242187823	0.27840903974953596
CS17_03549_1-329	0.8571882639873392	0.8218009272412028	0.0	0.7794487420402497	-1	0.7734749768910276	0.6962316682215612	0.6854675494970148	0.5104584079696595	0.7960235363837441	0.8545667822224045	0.5890720204317291	0.7530469717955663
ERS227112_04371_1-329	0.35247825229487756	0.1920287628043464	0.7794487420402497	0.0	-1	0.026371325636498875	0.27394914187231656	0.2987964910868327	0.5494739128395016	0.07515166540795354	0.3405922091628401	0.4632848846372889	0.10691008908312441
b3117_1-329	-1	-1	-1	-1	-1	-1	-1	-1	-1	-1	-1	-1	-1
ENC_33680_9-337	0.3695542591603242	0.21333603540535784	0.7734749768910276	0.026371325636498875	-1	0.0	0.2542836121765507	0.279803966977892	0.5372711393745416	0.09954114200385407	0.3579816667422512	0.44874762884979474	0.08272020490694448
ETEC_3385_1-329	0.5298662794223584	0.4133717898916096	0.6962316682215612	0.27394914187231656	-1	0.2542836121765507	0.0	0.03422260153867415	0.3794841199936042	0.32851307303148575	0.5212364076066001	0.26077476618266837	0.18703497906241526
SL1344_3216_1-329	0.5459554784115815	0.4334477333774947	0.6854675494970148	0.2987964910868327	-1	0.279803966977892	0.03422260153867415	0.0	0.35749596025440217	0.351493102571558	0.5376209432603036	0.23458010614551195	0.2148567570388421
BN373_28741_1-329	0.7082745606550838	0.6359878799680153	0.5104584079696595	0.5494739128395016	-1	0.5372711393745416	0.3794841199936042	0.35749596025440217	0.0	0.583331698599342	0.7029195881509861	0.16058617641868794	0.49554229461849664
NCTC13441_00572_1-329	0.2998616924679371	0.12637433947258792	0.7960235363837441	0.07515166540795354	-1	0.09954114200385407	0.32851307303148575	0.351493102571558	0.583331698599342	0.0	0.2870098088806888	0.5036199194064186	0.17402728324756847
STM_MW32441_1-329	0.01802533014805207	0.18387219682984637	0.8545667822224045	0.3405922091628401	-1	0.3579816667422512	0.5212364076066001	0.5376209432603036	0.7029195881509861	0.2870098088806888	0.0	0.6460858714697633	0.41108955482334714
STMMW_32441_1-329	0.6524652904805809	0.5663496242187823	0.5890720204317291	0.4632848846372889	-1	0.44874762884979474	0.26077476618266837	0.23458010614551195	0.16058617641868794	0.5036199194064186	0.6460858714697633	0.0	0.39903574231210204
ROD_47601_1-329	0.4217048600252926	0.27840903974953596	0.7530469717955663	0.10691008908312441	-1	0.08272020490694448	0.18703497906241526	0.2148567570388421	0.49554229461849664	0.17402728324756847	0.41108955482334714	0.39903574231210204	0.0
