BN373_07011_1-135	0.0	0.39413832901149015	0.9198523720001199	0.14541184174684996	0.09993080021626999	0.33976778999673996	0.19399087462707	-1	0.016224672636089954	0.23581325394674013	0.3945295741674999	0.16815605118813992	0.012794493525809969
STMMW_02501_1-134	0.39413832901149015	0.0	0.5257140429886298	0.5395501707583401	0.29420752879522016	0.7339061190082301	0.5881292036385601	-1	0.4103630016475801	0.15832507506475002	0.0003912451560097452	0.22598227782335023	0.4069328225373001
CS17_00207_1-134	0.9198523720001199	0.5257140429886298	0.0	1.06526421374697	0.81992157178385	1.2596201619968599	1.11384324662719	-1	0.9360770446362099	0.6840391180533798	0.52532279783262	0.75169632081198	0.9326468655259299
ENC_47180_1-134	0.14541184174684996	0.5395501707583401	1.06526421374697	0.0	0.24534264196311995	0.19435594824989	0.04857903288022003	-1	0.12918716911076	0.3812250956935901	0.5399414159143499	0.3135678929349899	0.13261734822104
ROD_02061_1-134	0.09993080021626999	0.29420752879522016	0.81992157178385	0.24534264196311995	0.0	0.43969859021300994	0.29392167484334	-1	0.11615547285235994	0.13588245373047014	0.2945987739512299	0.06822525097186993	0.11272529374207996
ETEC_0192_1-134	0.33976778999673996	0.7339061190082301	1.2596201619968599	0.19435594824989	0.43969859021300994	0.0	0.14577691536966997	-1	0.32354311736065	0.5755810439434801	0.7342973641642399	0.5079238411848799	0.32697329647093
t0247_1-134	0.19399087462707	0.5881292036385601	1.11384324662719	0.04857903288022003	0.29392167484334	0.14577691536966997	0.0	-1	0.17776620199098003	0.4298041285738101	0.5885204487945699	0.3621469258152099	0.18119638110126002
b0196_1-134	-1	-1	-1	-1	-1	-1	-1	-1	-1	-1	-1	-1	-1
ERS227112_02552_1-135	0.016224672636089954	0.4103630016475801	0.9360770446362099	0.12918716911076	0.11615547285235994	0.32354311736065	0.17776620199098003	-1	0.0	0.2520379265828301	0.41075424680358985	0.18438072382422988	0.003430179110279985
SEN0252_1-134	0.23581325394674013	0.15832507506475002	0.6840391180533798	0.3812250956935901	0.13588245373047014	0.5755810439434801	0.4298041285738101	-1	0.2520379265828301	0.0	0.15871632022075977	0.06765720275860021	0.2486077474725501
SL1344_0245_1-134	0.3945295741674999	0.0003912451560097452	0.52532279783262	0.5399414159143499	0.2945987739512299	0.7342973641642399	0.5885204487945699	-1	0.41075424680358985	0.15871632022075977	0.0	0.22637352297935998	0.40732406769330987
STM_MW02501_1-134	0.16815605118813992	0.22598227782335023	0.75169632081198	0.3135678929349899	0.06822525097186993	0.5079238411848799	0.3621469258152099	-1	0.18438072382422988	0.06765720275860021	0.22637352297935998	0.0	0.1809505447139499
NCTC13441_03779_1-134	0.012794493525809969	0.4069328225373001	0.9326468655259299	0.13261734822104	0.11272529374207996	0.32697329647093	0.18119638110126002	-1	0.003430179110279985	0.2486077474725501	0.40732406769330987	0.1809505447139499	0.0
