ERS227112_01659_1-144	0.0	0.7771332854317431	0.09012358860633707	0.665120528097113	0.904525397241693	0.914908380784243	0.25493255869810605	0.5998085829251031	0.6902456174196131	0.332914372992966
ENC_36000_1-151	0.7771332854317431	0.0	0.687009696825406	0.11201275733463012	0.12739211180994992	0.13777509535249988	0.522200726733637	0.17732470250664	0.08688766801212999	0.4442189124387771
STM_MW27711_1-144	0.09012358860633707	0.687009696825406	0.0	0.5749969394907759	0.8144018086353559	0.8247847921779059	0.16480897009176898	0.509684994318766	0.600122028813276	0.24279078438662893
SL1344_2788_1-143	0.665120528097113	0.11201275733463012	0.5749969394907759	0.0	0.23940486914458003	0.24978785268713	0.4101879693990069	0.06531194517200989	0.025125089322500127	0.33220615510414697
BN373_36411_1-143	0.904525397241693	0.12739211180994992	0.8144018086353559	0.23940486914458003	0.0	0.010382983542549962	0.649592838543587	0.3047168143165899	0.2142797798220799	0.571611024248727
t2700_1-143	0.914908380784243	0.13777509535249988	0.8247847921779059	0.24978785268713	0.010382983542549962	0.0	0.6599758220861369	0.3150997978591399	0.22466276336462987	0.581994007791277
ERS227112_00547_1-179	0.25493255869810605	0.522200726733637	0.16480897009176898	0.4101879693990069	0.649592838543587	0.6599758220861369	0.0	0.34487602422699704	0.43531305872150705	0.07798181429485995
BN373_46741_1-178	0.5998085829251031	0.17732470250664	0.509684994318766	0.06531194517200989	0.3047168143165899	0.3150997978591399	0.34487602422699704	0.0	0.09043703449451002	0.2668942099321371
SEN2648_1-143	0.6902456174196131	0.08688766801212999	0.600122028813276	0.025125089322500127	0.2142797798220799	0.22466276336462987	0.43531305872150705	0.09043703449451002	0.0	0.3573312444266471
STMMW_27711_1-143	0.332914372992966	0.4442189124387771	0.24279078438662893	0.33220615510414697	0.571611024248727	0.581994007791277	0.07798181429485995	0.2668942099321371	0.3573312444266471	0.0
