SL1344_1216_1-148	0.0	0.4409368571132697	-1	0.21323857757136755	0.065049673210553	0.06566850073436636	0.4215443284108043	0.39073705851062734	0.23561064932686804	0.25016309405502163	0.13340408434167406	0.2526233851679241
STMMW_12862_1-148	0.4409368571132697	0.0	-1	0.22769827954190214	0.3758871839027167	0.3752683563789033	0.019392528702465384	0.05019979860264234	0.20532620778640165	0.19077376305824806	0.30753277277159563	0.1883134719453456
b1789_1-148	-1	-1	-1	-1	-1	-1	-1	-1	-1	-1	-1	-1
t1160_1-148	0.21323857757136755	0.22769827954190214	-1	0.0	0.14818890436081456	0.14757007683700119	0.20830575083943675	0.1774984809392598	0.02237207175550049	0.03692451648365408	0.07983449322969349	0.03938480759655655
ERS227112_03645_1-148	0.065049673210553	0.3758871839027167	-1	0.14818890436081456	0.0	0.00061882752381337	0.3564946552002513	0.32568738530007435	0.17056097611631504	0.18511342084446863	0.06835441113112106	0.1875737119573711
ROD_12651_1-148	0.06566850073436636	0.3752683563789033	-1	0.14757007683700119	0.00061882752381337	0.0	0.35587582767643794	0.325068557776261	0.16994214859250167	0.18449459332065526	0.06773558360730769	0.18695488443355773
NCTC13441_02092_1-148	0.4215443284108043	0.019392528702465384	-1	0.20830575083943675	0.3564946552002513	0.35587582767643794	0.0	0.03080726990017696	0.18593367908393627	0.17138123435578267	0.28814024406913025	0.1689209432428802
SEN1771_1-148	0.39073705851062734	0.05019979860264234	-1	0.1774984809392598	0.32568738530007435	0.325068557776261	0.03080726990017696	0.0	0.1551264091837593	0.14057396445560572	0.2573329741689533	0.13811367334270325
BN373_18011_1-148	0.23561064932686804	0.20532620778640165	-1	0.02237207175550049	0.17056097611631504	0.16994214859250167	0.18593367908393627	0.1551264091837593	0.0	0.01455244472815359	0.10220656498519398	0.01701273584105606
ETEC_1821_1-148	0.25016309405502163	0.19077376305824806	-1	0.03692451648365408	0.18511342084446863	0.18449459332065526	0.17138123435578267	0.14057396445560572	0.01455244472815359	0.0	0.11675900971334757	0.0024602911129024685
ENC_14850_1-148	0.13340408434167406	0.30753277277159563	-1	0.07983449322969349	0.06835441113112106	0.06773558360730769	0.28814024406913025	0.2573329741689533	0.10220656498519398	0.11675900971334757	0.0	0.11921930082625004
CS17_01975_1-148	0.2526233851679241	0.1883134719453456	-1	0.03938480759655655	0.1875737119573711	0.18695488443355773	0.1689209432428802	0.13811367334270325	0.01701273584105606	0.0024602911129024685	0.11921930082625004	0.0
