SEN1143_1-228	0.0	0.6931414280527386	1.317372937979592	0.6272181334259563	0.6457013866785772	0.3754019657926735	0.4885365661315455	0.5475819138586644	0.6515488022973825	1.3261524163533829
SL1344_2577_1-228	0.6931414280527386	0.0	0.6242315099268534	0.06592329462678226	0.04744004137416136	0.3177394622600651	0.2046048619211931	0.1455595141940742	0.04159262575535605	2.0192938444061213
SL1344_1026_1-226	1.317372937979592	0.6242315099268534	0.0	0.6901548045536356	0.6716715513010147	0.9419709721869185	0.8288363718480465	0.7697910241209276	0.6658241356822094	2.643525354332975
STMMW_26331_1-228	0.6272181334259563	0.06592329462678226	0.6901548045536356	0.0	0.0184832532526209	0.25181616763328285	0.13868156729441083	0.07963621956729194	0.02433066887142621	1.9533705497793392
SEN0951_1-226	0.6457013866785772	0.04744004137416136	0.6716715513010147	0.0184832532526209	0.0	0.27029942088590375	0.15716482054703174	0.09811947281991285	0.005847415618805307	1.9718538030319601
SL1344_0965_1-228	0.3754019657926735	0.3177394622600651	0.9419709721869185	0.25181616763328285	0.27029942088590375	0.0	0.11313460033887202	0.1721799480659909	0.27614683650470906	1.7015543821460564
STMMW_10381_1-228	0.4885365661315455	0.2046048619211931	0.8288363718480465	0.13868156729441083	0.15716482054703174	0.11313460033887202	0.0	0.05904534772711889	0.16301223616583704	1.8146889824849284
STMMW_10991_1-226	0.5475819138586644	0.1455595141940742	0.7697910241209276	0.07963621956729194	0.09811947281991285	0.1721799480659909	0.05904534772711889	0.0	0.10396688843871815	1.8737343302120473
STM_MW10991_1-227	0.6515488022973825	0.04159262575535605	0.6658241356822094	0.02433066887142621	0.005847415618805307	0.27614683650470906	0.16301223616583704	0.10396688843871815	0.0	1.9777012186507654
t1831_1-226	1.3261524163533829	2.0192938444061213	2.643525354332975	1.9533705497793392	1.9718538030319601	1.7015543821460564	1.8146889824849284	1.8737343302120473	1.9777012186507654	0.0
