b1128_1-373	-1	-1	-1	-1	-1	-1	-1	-1	-1	-1	-1	-1	-1	-1	-1	-1	-1
SEN1820_1-373	-1	0.0	0.4478605436714067	0.2226972814772773	0.13080616878628992	0.18575931736237983	0.21037065038764205	0.08136834896271095	0.0767218699388672	1.0449432558813965	0.23322106079410587	0.024550226569025224	0.8379780075193076	0.045628364855067605	0.7234150760119337	0.050070972753430754	0.2073172503423596
CS17_01329_1-373	-1	0.4478605436714067	0.0	0.2251632621941294	0.3170543748851168	0.2621012263090269	0.6582311940590487	0.36649219470869576	0.3711386737325395	0.5970827122099899	0.21463948287730084	0.47241077024043193	0.3901174638479009	0.4022321788163391	0.27555453234052696	0.39778957091797595	0.24054329332904711
ENC_15090_1-373	-1	0.2226972814772773	0.2251632621941294	0.0	0.09189111269098738	0.03693796411489747	0.4330679318649193	0.14132893251456635	0.1459754115384101	0.8222459744041193	0.010523779316828574	0.24724750804630252	0.6152807260420303	0.1770689166222097	0.5007177945346564	0.17262630872384654	0.015380031134917704
BN373_17511_1-373	-1	0.13080616878628992	0.3170543748851168	0.09189111269098738	0.0	0.054953148576089905	0.34117681917393194	0.04943781982357898	0.05408429884742272	0.9141370870951067	0.10241489200781595	0.15535639535531515	0.7071718387330177	0.08517780393122232	0.5926089072256437	0.08073519603285917	0.07651108155606967
SL1344_1167_1-373	-1	0.18575931736237983	0.2621012263090269	0.03693796411489747	0.054953148576089905	0.0	0.39612996775002185	0.10439096839966888	0.10903744742351262	0.8591839385190168	0.047461743431726044	0.21030954393140505	0.6522186901569278	0.14013095250731222	0.5376557586495538	0.13568834460894907	0.021557932979979766
STM_MW12391_1-373	-1	0.21037065038764205	0.6582311940590487	0.4330679318649193	0.34117681917393194	0.39612996775002185	0.0	0.29173899935035297	0.2870925203265092	1.2553139062690386	0.4435917111817479	0.18582042381861683	1.0483486579069496	0.2559990152427096	0.9337857263995757	0.2604416231410728	0.4176879007300016
t1691_1-373	-1	0.08136834896271095	0.36649219470869576	0.14132893251456635	0.04943781982357898	0.10439096839966888	0.29173899935035297	0.0	0.0046464790238437415	0.9635749069186856	0.15185271183139493	0.10591857553173617	0.7566096585565967	0.03573998410764334	0.6420467270492227	0.03129737620928019	0.12594890137964865
ERS227112_03604_1-373	-1	0.0767218699388672	0.3711386737325395	0.1459754115384101	0.05408429884742272	0.10903744742351262	0.2870925203265092	0.0046464790238437415	0.0	0.9682213859425294	0.15649919085523867	0.10127209650789243	0.7612561375804404	0.0310935050837996	0.6466932060730665	0.02665089718543645	0.1305953804034924
BN373_03691_1-373	-1	1.0449432558813965	0.5970827122099899	0.8222459744041193	0.9141370870951067	0.8591839385190168	1.2553139062690386	0.9635749069186856	0.9682213859425294	0.0	0.8117221950872907	1.0694934824504219	0.20696524836208896	0.999314891026329	0.3215281798694629	0.9948722831279658	0.837626005539037
ETEC_1252_1-373	-1	0.23322106079410587	0.21463948287730084	0.010523779316828574	0.10241489200781595	0.047461743431726044	0.4435917111817479	0.15185271183139493	0.15649919085523867	0.8117221950872907	0.0	0.2577712873631311	0.6047569467252017	0.18759269593903827	0.4901940152178278	0.18315008804067512	0.02590381045174628
STMMW_12391_1-373	-1	0.024550226569025224	0.47241077024043193	0.24724750804630252	0.15535639535531515	0.21030954393140505	0.18582042381861683	0.10591857553173617	0.10127209650789243	1.0694934824504219	0.2577712873631311	0.0	0.8625282340883329	0.07017859142409283	0.747965302580959	0.07462119932245598	0.23186747691138482
ENC_44350_1-373	-1	0.8379780075193076	0.3901174638479009	0.6152807260420303	0.7071718387330177	0.6522186901569278	1.0483486579069496	0.7566096585565967	0.7612561375804404	0.20696524836208896	0.6047569467252017	0.8625282340883329	0.0	0.79234964266424	0.11456293150737396	0.7879070347658769	0.630660757176948
NCTC13441_02784_1-373	-1	0.045628364855067605	0.4022321788163391	0.1770689166222097	0.08517780393122232	0.14013095250731222	0.2559990152427096	0.03573998410764334	0.0310935050837996	0.999314891026329	0.18759269593903827	0.07017859142409283	0.79234964266424	0.0	0.6777867111568661	0.004442607898363149	0.161688885487292
ERS227112_02215_1-373	-1	0.7234150760119337	0.27555453234052696	0.5007177945346564	0.5926089072256437	0.5376557586495538	0.9337857263995757	0.6420467270492227	0.6466932060730665	0.3215281798694629	0.4901940152178278	0.747965302580959	0.11456293150737396	0.6777867111568661	0.0	0.6733441032585029	0.5160978256695741
Ecoli9000q_350_1-373	-1	0.050070972753430754	0.39778957091797595	0.17262630872384654	0.08073519603285917	0.13568834460894907	0.2604416231410728	0.03129737620928019	0.02665089718543645	0.9948722831279658	0.18315008804067512	0.07462119932245598	0.7879070347658769	0.004442607898363149	0.6733441032585029	0.0	0.15724627758892884
ROD_12171_1-373	-1	0.2073172503423596	0.24054329332904711	0.015380031134917704	0.07651108155606967	0.021557932979979766	0.4176879007300016	0.12594890137964865	0.1305953804034924	0.837626005539037	0.02590381045174628	0.23186747691138482	0.630660757176948	0.161688885487292	0.5160978256695741	0.15724627758892884	0.0
