CS17_04586_1-743	0.0	0.013240242261103692	0.3300413320275581	0.27777505296587823	0.4667198525217415	0.5367486887644398	-1	0.04568126039110134	0.15307784940143102	0.6975532976327833	0.8112364258059409	0.4290535428648225	0.2478763351441218
CS17_03362_1-798	0.013240242261103692	0.0	0.33891174709643956	0.2873374862316228	0.45956435363736403	0.5305328296959797	-1	0.032876308418104114	0.14171393395770135	0.7015577652431971	0.813735701258342	0.42139264126106163	0.23778441615887674
NCTC13441_01728_1-532	0.3300413320275581	0.33891174709643956	0.0	0.07236842105263154	0.6427243427393187	0.6896407685881369	-1	0.3606458883904826	0.43259716410862686	0.5485591621904986	0.7182459408050771	0.6174894720941315	0.4961082313426045
NCTC13441_01728_552-719	0.27777505296587823	0.2873374862316228	0.07236842105263154	0.0	0.6148517737331661	0.66542834627941	-1	0.31076719883229337	0.388331694641924	0.5812292228214493	0.7386360371941834	0.587648225236227	0.4567975259863538
Ecoli9000q_37690_1-743	0.4667198525217415	0.45956435363736403	0.6427243427393187	0.6148517737331661	0.0	0.13131716335934548	-1	0.44119283700034145	0.37033156223230373	0.8387111779572977	0.899336133315269	0.06597170222566263	0.29096746665929524
NCTC13441_04355_1-743	0.5367486887644398	0.5305328296959797	0.6896407685881369	0.66542834627941	0.13131716335934548	0.0	-1	0.5145738085103401	0.4530178353368682	0.8598911685495156	0.9125550267410911	0.18862564878674667	0.38407560766708715
b4109_1-742	-1	-1	-1	-1	-1	-1	-1	-1	-1	-1	-1	-1	-1
CS17_00293_1-533	0.04568126039110134	0.032876308418104114	0.3606458883904826	0.31076719883229337	0.44119283700034145	0.5145738085103401	-1	0.0	0.11253744116388537	0.71136944419805	0.8198593837910547	0.4017235191575886	0.21187373396427756
CS17_00293_552-795	0.15307784940143102	0.14171393395770135	0.43259716410862686	0.388331694641924	0.37033156223230373	0.4530178353368682	-1	0.11253744116388537	0.0	0.7438511883897114	0.8401319477888949	0.3258572151741969	0.1119329393801912
Ecoli9000q_53810_2-534	0.6975532976327833	0.7015577652431971	0.5485591621904986	0.5812292228214493	0.8387111779572977	0.8598911685495156	-1	0.71136944419805	0.7438511883897114	0.0	0.3758782201405153	0.8273191268112201	0.7725226777919939
Ecoli9000q_53810_553-796	0.8112364258059409	0.813735701258342	0.7182459408050771	0.7386360371941834	0.899336133315269	0.9125550267410911	-1	0.8198593837910547	0.8401319477888949	0.3758782201405153	0.0	0.8922261060777287	0.8580264487858698
ENC_05420_1-784	0.4290535428648225	0.42139264126106163	0.6174894720941315	0.587648225236227	0.06597170222566263	0.18862564878674667	-1	0.4017235191575886	0.3258572151741969	0.8273191268112201	0.8922261060777287	0.0	0.24088752446769224
ETEC_4417_1-742	0.2478763351441218	0.23778441615887674	0.4961082313426045	0.4567975259863538	0.29096746665929524	0.38407560766708715	-1	0.21187373396427756	0.1119329393801912	0.7725226777919939	0.8580264487858698	0.24088752446769224	0.0
