SL1344_2851_1-252	0.0	1.279379303584036	0.14853828834329996	1.5023984756015016	0.814244746647702	0.37439326778601	0.93838548371034	0.05977779542694006	1.364343416854843	0.09871788802584991	0.9018622629795701	0.3589552853028801
ETEC_3045_1-244	1.279379303584036	0.0	1.427917591927336	0.22301917201746568	0.465134556936334	1.653772571370046	2.217764787294376	1.219601508157096	0.084964113270807	1.180661415558186	2.181241566563606	1.638334588886916
t1277_1-249	0.14853828834329996	1.427917591927336	0.0	1.6509367639448016	0.9627830349910019	0.22585497944271005	0.7898471953670401	0.20831608377024002	1.512881705198143	0.24725617636914987	0.7533239746362701	0.21041699695958016
CS17_03198_1-245	1.5023984756015016	0.22301917201746568	1.6509367639448016	0.0	0.6881537289537997	1.8767917433875116	2.4407839593118417	1.4426206801745616	0.1380550587466587	1.4036805875756517	2.4042607385810717	1.8613537609043818
SL1344_1343_1-249	0.814244746647702	0.465134556936334	0.9627830349910019	0.6881537289537997	0.0	1.188638014433712	1.7526302303580419	0.7544669512207619	0.550098670207141	0.7155268586218521	1.716107009627272	1.1732000319505822
SEN2713_1-252	0.37439326778601	1.653772571370046	0.22585497944271005	1.8767917433875116	1.188638014433712	0.0	0.56399221592433	0.43417106321295007	1.738736684640853	0.4731111558118599	0.52746899519356	0.015437982483129886
t2773_1-252	0.93838548371034	2.217764787294376	0.7898471953670401	2.4407839593118417	1.7526302303580419	0.56399221592433	0.0	0.9981632791372801	2.302728900565183	1.03710337173619	0.03652322073076997	0.5794301984074599
SEN1636_1-249	0.05977779542694006	1.219601508157096	0.20831608377024002	1.4426206801745616	0.7544669512207619	0.43417106321295007	0.9981632791372801	0.0	1.3045656214279029	0.03894009259890985	0.9616400584065101	0.4187330807298202
STMMW_14141_1-249	1.364343416854843	0.084964113270807	1.512881705198143	0.1380550587466587	0.550098670207141	1.738736684640853	2.302728900565183	1.3045656214279029	0.0	1.265625528828993	2.266205679834413	1.723298702157723
STMMW_28331_1-252	0.09871788802584991	1.180661415558186	0.24725617636914987	1.4036805875756517	0.7155268586218521	0.4731111558118599	1.03710337173619	0.03894009259890985	1.265625528828993	0.0	1.00058015100542	0.45767317332873003
STM_MW28331_1-253	0.9018622629795701	2.181241566563606	0.7533239746362701	2.4042607385810717	1.716107009627272	0.52746899519356	0.03652322073076997	0.9616400584065101	2.266205679834413	1.00058015100542	0.0	0.5429069776766899
STM_MW14141_1-250	0.3589552853028801	1.638334588886916	0.21041699695958016	1.8613537609043818	1.1732000319505822	0.015437982483129886	0.5794301984074599	0.4187330807298202	1.723298702157723	0.45767317332873003	0.5429069776766899	0.0
