ETEC_0470_1-325	0.0	-1	0.03239897575977109	0.08626727396249169	0.0006105799259830125	0.09270810791436299	0.6594815897517979	0.42667533396575696	0.04593584632805679	0.04378182818017101	0.18826899338858302	0.025158767901625995	0.024348106563202992
b0417_1-325	-1	-1	-1	-1	-1	-1	-1	-1	-1	-1	-1	-1	-1
ERS227112_02720_1-324	0.03239897575977109	-1	0.0	0.0538682982027206	0.0330095556857541	0.0603091321545919	0.6918805655115691	0.4590743097255281	0.013536870568285703	0.0761808039399421	0.22066796914835413	0.007240207858145095	0.008050869196568097
NCTC13441_03562_1-325	0.08626727396249169	-1	0.0538682982027206	0.0	0.0868778538884747	0.006440833951871304	0.7457488637142896	0.5129426079282486	0.0403314276344349	0.1300491021426627	0.2745362673510747	0.061108506060865694	0.061919167399288697
ENC_23420_1-323	0.0006105799259830125	-1	0.0330095556857541	0.0868778538884747	0.0	0.093318687840346	0.6588710098258149	0.42606475403977395	0.046546426254039805	0.043171248254188	0.1876584134626	0.025769347827609007	0.024958686489186005
t2444_1-325	0.09270810791436299	-1	0.0603091321545919	0.006440833951871304	0.093318687840346	0.0	0.752189697666161	0.51938344188012	0.0467722615863062	0.136489936094534	0.280977101302946	0.06754934001273699	0.06836000135116
ROD_04661_1-325	0.6594815897517979	-1	0.6918805655115691	0.7457488637142896	0.6588710098258149	0.752189697666161	0.0	0.23280625578604097	0.7054174360798547	0.615699761571627	0.47121259636321494	0.6846403576534239	0.683829696315001
BN373_08581_1-323	0.42667533396575696	-1	0.4590743097255281	0.5129426079282486	0.42606475403977395	0.51938344188012	0.23280625578604097	0.0	0.47261118029381377	0.382893505785586	0.23840634057717397	0.451834101867383	0.45102344052896
STM_MW04891_1-325	0.04593584632805679	-1	0.013536870568285703	0.0403314276344349	0.046546426254039805	0.0467722615863062	0.7054174360798547	0.47261118029381377	0.0	0.0897176745082278	0.2342048397166398	0.020777078426430798	0.0215877397648538
CS17_00447_1-325	0.04378182818017101	-1	0.0761808039399421	0.1300491021426627	0.043171248254188	0.136489936094534	0.615699761571627	0.382893505785586	0.0897176745082278	0.0	0.144487165208412	0.068940596081797	0.068129934743374
SL1344_0413_1-325	0.18826899338858302	-1	0.22066796914835413	0.2745362673510747	0.1876584134626	0.280977101302946	0.47121259636321494	0.23840634057717397	0.2342048397166398	0.144487165208412	0.0	0.21342776129020902	0.21261709995178601
SEN0401_1-326	0.025158767901625995	-1	0.007240207858145095	0.061108506060865694	0.025769347827609007	0.06754934001273699	0.6846403576534239	0.451834101867383	0.020777078426430798	0.068940596081797	0.21342776129020902	0.0	0.0008106613384230021
STMMW_04891_1-325	0.024348106563202992	-1	0.008050869196568097	0.061919167399288697	0.024958686489186005	0.06836000135116	0.683829696315001	0.45102344052896	0.0215877397648538	0.068129934743374	0.21261709995178601	0.0008106613384230021	0.0
