ERS227112_01499_1-131	0.0	0.19145563297553356	0.24660509658707522	-1	0.1999599924397528	0.19938767451669503	0.12328176299206904	0.1700886812094793	0.26117934640669177	0.3337709502395648	0.1093741189358749	0.11405848872123203	0.21039510326297028
ROD_28521_1-131	0.19145563297553356	0.0	0.0682083332229471	-1	0.010518111078451048	0.3526694140601151	0.2911344079996163	0.02574606621487415	0.402630722295796	0.4613242546681372	0.27988946073939924	0.28367698154240933	0.36156940856833913
STM_MW29441_1-131	0.24660509658707522	0.0682083332229471	0.0	-1	0.05830346445994427	0.3968227543713084	0.33948494850906014	0.09219830317425705	0.4433762850465956	0.4980664294048523	0.32900700035864244	0.332536180680632	0.40511569508843304
b2807_1-131	-1	-1	-1	-1	-1	-1	-1	-1	-1	-1	-1	-1	-1
t2889_1-131	0.1999599924397528	0.010518111078451048	0.05830346445994427	-1	0.0	0.3594781090675096	0.2985903350359683	0.035993377309044	0.4089139187135429	0.4669901059928051	0.28746366338010554	0.29121134661859766	0.3682844924448985
CS17_03140_1-131	0.19938767451669503	0.3526694140601151	0.3968227543713084	-1	0.3594781090675096	0.0	0.08680772032798212	0.33556276911820476	0.07718051536702861	0.16785062063808068	0.1010677518974313	0.0963146942649734	0.013748762535763358
ENC_30450_1-131	0.12328176299206904	0.2911344079996163	0.33948494850906014	-1	0.2985903350359683	0.08680772032798212	0.0	0.2724016117170477	0.15728837110226018	0.24008761123283404	0.015615584895845611	0.010410703362938865	0.09936298413068509
NCTC13441_00968_1-131	0.1700886812094793	0.02574606621487415	0.09219830317425705	-1	0.035993377309044	0.33556276911820476	0.2724016117170477	0.0	0.3868443770267031	0.4470889706967618	0.2608595004971025	0.2647471120033707	0.34469795882551874
STMMW_29441_1-131	0.26117934640669177	0.402630722295796	0.4433762850465956	-1	0.4089139187135429	0.07718051536702861	0.15728837110226018	0.3868443770267031	0.0	0.09825334941547517	0.17044780608602916	0.16606159189121356	0.06431601849682385
BN373_38051_1-131	0.3337709502395648	0.4613242546681372	0.4980664294048523	-1	0.4669901059928051	0.16785062063808068	0.24008761123283404	0.4470889706967618	0.09825334941547517	0.0	0.25195408765303257	0.2479988336941113	0.15625010367391842
SL1344_2961_1-131	0.1093741189358749	0.27988946073939924	0.32900700035864244	-1	0.28746366338010554	0.1010677518974313	0.015615584895845611	0.2608595004971025	0.17044780608602916	0.25195408765303257	0.0	0.005259638064593653	0.11342695791233343
SEN2825_1-131	0.11405848872123203	0.28367698154240933	0.332536180680632	-1	0.29121134661859766	0.0963146942649734	0.010410703362938865	0.2647471120033707	0.16606159189121356	0.2479988336941113	0.005259638064593653	0.0	0.10873924894058298
ETEC_2997_1-131	0.21039510326297028	0.36156940856833913	0.40511569508843304	-1	0.3682844924448985	0.013748762535763358	0.09936298413068509	0.34469795882551874	0.06431601849682385	0.15625010367391842	0.11342695791233343	0.10873924894058298	0.0
