b4141_1-417	-1	-1	-1	-1	-1	-1	-1	-1	-1	-1	-1	-1	-1
ROD_32041_1-418	-1	0.0	0.6395158665604845	1.0156435065409752	0.3229660502754097	0.5757206868393125	0.6248774084044748	0.2643781001650507	0.5053775275001964	0.502463527795491	0.15633816406927403	0.565379241832312	0.07260185740476832
STM_MW42771_1-414	-1	0.6395158665604845	0.0	0.3761276399804907	0.31654981628507484	0.06379517972117199	0.014638458156009726	0.37513776639543384	0.13413833906028816	0.13705233876499356	0.4831777024912105	0.0741366247281725	0.5669140091557162
STMMW_42771_1-413	-1	1.0156435065409752	0.3761276399804907	0.0	0.6926774562655655	0.4399228197016627	0.39076609813650043	0.7512654063759245	0.5102659790407789	0.5131799787454843	0.8593053424717012	0.4502642647086632	0.9430416491362069
t4380_1-413	-1	0.3229660502754097	0.31654981628507484	0.6926774562655655	0.0	0.25275463656390285	0.3019113581290651	0.058587950110359	0.18241147722478668	0.17949747752008127	0.16662788620613567	0.24241319155690233	0.2503641928706414
ETEC_4488_1-417	-1	0.5757206868393125	0.06379517972117199	0.4399228197016627	0.25275463656390285	0.0	0.049156721565162265	0.31134258667426185	0.07034315933911617	0.07325715904382157	0.4193825227700385	0.010341445007000516	0.5031188294345442
CS17_04619_1-418	-1	0.6248774084044748	0.014638458156009726	0.39076609813650043	0.3019113581290651	0.049156721565162265	0.0	0.3604993082394241	0.11949988090427843	0.12241388060898384	0.4685392443352008	0.05949816657216278	0.5522755509997065
BN373_01421_1-415	-1	0.2643781001650507	0.37513776639543384	0.7512654063759245	0.058587950110359	0.31134258667426185	0.3604993082394241	0.0	0.24099942733514568	0.23808542763044027	0.10803993609577667	0.30100114166726133	0.19177624276028238
SEN4098_1-413	-1	0.5053775275001964	0.13413833906028816	0.5102659790407789	0.18241147722478668	0.07034315933911617	0.11949988090427843	0.24099942733514568	0.0	0.0029139997047054056	0.34903936343092234	0.06000171433211565	0.43277567009542806
SL1344_4265_1-413	-1	0.502463527795491	0.13705233876499356	0.5131799787454843	0.17949747752008127	0.07325715904382157	0.12241388060898384	0.23808542763044027	0.0029139997047054056	0.0	0.34612536372621694	0.06291571403682106	0.42986167039072265
Ecoli9000q_38020_1-418	-1	0.15633816406927403	0.4831777024912105	0.8593053424717012	0.16662788620613567	0.4193825227700385	0.4685392443352008	0.10803993609577667	0.34903936343092234	0.34612536372621694	0.0	0.409041077763038	0.08373630666450571
NCTC13441_04314_1-418	-1	0.565379241832312	0.0741366247281725	0.4502642647086632	0.24241319155690233	0.010341445007000516	0.05949816657216278	0.30100114166726133	0.06000171433211565	0.06291571403682106	0.409041077763038	0.0	0.4927773844275437
ERS227112_02007_1-416	-1	0.07260185740476832	0.5669140091557162	0.9430416491362069	0.2503641928706414	0.5031188294345442	0.5522755509997065	0.19177624276028238	0.43277567009542806	0.42986167039072265	0.08373630666450571	0.4927773844275437	0.0
