t1904_1-265	0.0	0.13618058515243892	0.1284572342244279	0.16092530558629092	6.036153441769403	0.186745878718668	0.20401623894658194	0.17397437071364308	0.09961310348630315	0.897534652536813	0.07386722999014095	0.18436621424646316
ETEC_4696_1-250	0.13618058515243892	0.0	0.007723350928011019	0.024744720433852008	6.172334026921842	0.050565293566229075	0.06783565379414302	0.310154955866082	0.23579368863874206	1.0337152376892518	0.06231335516229797	0.32054679939890207
ETEC_4326_1-250	0.1284572342244279	0.007723350928011019	0.0	0.03246807136186303	6.164610675993831	0.058288644494240094	0.07555900472215404	0.302431604938071	0.22807033771073104	1.0259918867612408	0.05459000423428695	0.31282344847089105
SEN1947_1-250	0.16092530558629092	0.024744720433852008	0.03246807136186303	0.0	6.197078747355694	0.025820573132377067	0.04309093336029102	0.334899676299934	0.26053840907259407	1.058459958123104	0.08705807559614998	0.3452915198327541
b1559_1-250	6.036153441769403	6.172334026921842	6.164610675993831	6.197078747355694	0.0	6.222899320488071	6.240169680715985	5.86217907105576	5.9365403382831	5.13861878923259	6.110020671759544	5.85178722752294
NCTC13441_02558_1-274	0.186745878718668	0.050565293566229075	0.058288644494240094	0.025820573132377067	6.222899320488071	0.0	0.01727036022791395	0.36072024943231107	0.28635898220497114	1.084280531255481	0.11287864872852704	0.37111209296513115
SL1344_0961_1-265	0.20401623894658194	0.06783565379414302	0.07555900472215404	0.04309093336029102	6.240169680715985	0.01727036022791395	0.0	0.377990609660225	0.3036293424328851	1.101550891483395	0.130149008956441	0.3883824531930451
ENC_17350_1-260	0.17397437071364308	0.310154955866082	0.302431604938071	0.334899676299934	5.86217907105576	0.36072024943231107	0.377990609660225	0.0	0.07436126722733993	0.7235602818231699	0.24784160070378403	0.010391843532820078
STMMW_10341_1-265	0.09961310348630315	0.23579368863874206	0.22807033771073104	0.26053840907259407	5.9365403382831	0.28635898220497114	0.3036293424328851	0.07436126722733993	0.0	0.7979215490505098	0.1734803334764441	0.08475311076016001
STM_MW10341_1-266	0.897534652536813	1.0337152376892518	1.0259918867612408	1.058459958123104	5.13861878923259	1.084280531255481	1.101550891483395	0.7235602818231699	0.7979215490505098	0.0	0.9714018825269539	0.7131684382903498
NCTC13441_01813_1-274	0.07386722999014095	0.06231335516229797	0.05459000423428695	0.08705807559614998	6.110020671759544	0.11287864872852704	0.130149008956441	0.24784160070378403	0.1734803334764441	0.9714018825269539	0.0	0.2582334442366041
ERS227112_05326_1-261	0.18436621424646316	0.32054679939890207	0.31282344847089105	0.3452915198327541	5.85178722752294	0.37111209296513115	0.3883824531930451	0.010391843532820078	0.08475311076016001	0.7131684382903498	0.2582334442366041	0.0
