CS17_01875_1-252	0.0	0.5813800684465961	0.663811423488376	0.012612477303607927	0.10057126493069302	0.8673230984780761	-1	0.47908737902703613	0.5904886516959261	0.5074650690991059	0.9211381133428062	0.4859846729222079
SL1344_1292_1-252	0.5813800684465961	0.0	0.0824313550417799	0.593992545750204	0.48080880351590305	0.28594303003148	-1	0.10229268941955993	0.00910858324933006	0.07391499934749013	0.3397580448962101	1.067364741368804
SEN1686_1-252	0.663811423488376	0.0824313550417799	0.0	0.6764239007919839	0.563240158557683	0.20351167498970013	-1	0.18472404446133983	0.07332277179244984	0.15634635438927003	0.2573266898544302	1.149796096410584
ETEC_1726_1-252	0.012612477303607927	0.593992545750204	0.6764239007919839	0.0	0.11318374223430094	0.879935575781684	-1	0.49169985633064406	0.603101128999534	0.5200775464027139	0.9337505906464141	0.4733721956186
NCTC13441_02186_1-252	0.10057126493069302	0.48080880351590305	0.563240158557683	0.11318374223430094	0.0	0.7667518335473831	-1	0.3785161140963431	0.4899173867652331	0.4068938041684129	0.8205668484121131	0.5865559378529009
ERS227112_02409_2-252	0.8673230984780761	0.28594303003148	0.20351167498970013	0.879935575781684	0.7667518335473831	0.0	-1	0.38823571945103996	0.27683444678214997	0.35985802937897016	0.05381501486473006	1.3533077714002841
b1693_1-252	-1	-1	-1	-1	-1	-1	-1	-1	-1	-1	-1	-1
ROD_13551_1-252	0.47908737902703613	0.10229268941955993	0.18472404446133983	0.49169985633064406	0.3785161140963431	0.38823571945103996	-1	0.0	0.11140127266889	0.028377690072069806	0.44205073431577	0.9650720519492441
STM_MW13651_1-252	0.5904886516959261	0.00910858324933006	0.07332277179244984	0.603101128999534	0.4899173867652331	0.27683444678214997	-1	0.11140127266889	0.0	0.08302358259682019	0.33064946164688	1.0764733246181342
STMMW_13651_1-252	0.5074650690991059	0.07391499934749013	0.15634635438927003	0.5200775464027139	0.4068938041684129	0.35985802937897016	-1	0.028377690072069806	0.08302358259682019	0.0	0.4136730442437002	0.9934497420213139
BN373_05611_2-251	0.9211381133428062	0.3397580448962101	0.2573266898544302	0.9337505906464141	0.8205668484121131	0.05381501486473006	-1	0.44205073431577	0.33064946164688	0.4136730442437002	0.0	1.4071227862650142
t1231_1-252	0.4859846729222079	1.067364741368804	1.149796096410584	0.4733721956186	0.5865559378529009	1.3533077714002841	-1	0.9650720519492441	1.0764733246181342	0.9934497420213139	1.4071227862650142	0.0
