STMMW_22381_1-376	0.0	0.13725012515646762	0.10464716341186958	-1	0.060798786425111606	0.20642826952281407	0.07493848922502411	0.06299640737512385	0.3140702254482758	0.05039600122718291	0.15654460242479096	0.0603912082866766	0.12251768743841085
BN373_32041_1-376	0.13725012515646762	0.0	0.032602961744598036	-1	0.07645133873135601	0.3436783946792817	0.21218861438149172	0.20024653253159147	0.17682010029180817	0.18764612638365052	0.01929447726832334	0.07685891686979102	0.014732437718056768
NCTC13441_01541_1-376	0.10464716341186958	0.032602961744598036	0.0	-1	0.043848376986757975	0.31107543293468365	0.1795856526368937	0.16764357078699343	0.2094230620364062	0.1550431646390525	0.051897439012921376	0.04425595512519298	0.017870524026541268
b2169_1-376	-1	-1	-1	-1	-1	-1	-1	-1	-1	-1	-1	-1	-1
SL1344_2183_1-376	0.060798786425111606	0.07645133873135601	0.043848376986757975	-1	0.0	0.2672270559479257	0.1357372756501357	0.12379519380023546	0.2532714390231642	0.11119478765229451	0.09574581599967935	0.00040757813843500523	0.06171890101329924
STM_MW22381_1-376	0.20642826952281407	0.3436783946792817	0.31107543293468365	-1	0.2672270559479257	0.0	0.13148978029778996	0.14343186214769021	0.5204984949710898	0.15603226829563116	0.362972871947605	0.26681947780949067	0.3289459569612249
t0650_1-376	0.07493848922502411	0.21218861438149172	0.1795856526368937	-1	0.1357372756501357	0.13148978029778996	0.0	0.011942081849900255	0.3890087146732999	0.0245424879978412	0.23148309164981506	0.1353296975117007	0.19745617666343496
ROD_22961_1-376	0.06299640737512385	0.20024653253159147	0.16764357078699343	-1	0.12379519380023546	0.14343186214769021	0.011942081849900255	0.0	0.37706663282339964	0.012600406147940946	0.2195410097999148	0.12338761566180045	0.1855140948135347
CS17_02419_1-376	0.3140702254482758	0.17682010029180817	0.2094230620364062	-1	0.2532714390231642	0.5204984949710898	0.3890087146732999	0.37706663282339964	0.0	0.3644662266754587	0.15752562302348483	0.2536790171615992	0.19155253800986494
SEN2199_1-376	0.05039600122718291	0.18764612638365052	0.1550431646390525	-1	0.11119478765229451	0.15603226829563116	0.0245424879978412	0.012600406147940946	0.3644662266754587	0.0	0.20694060365197386	0.11078720951385951	0.17291368866559376
ETEC_2304_1-376	0.15654460242479096	0.01929447726832334	0.051897439012921376	-1	0.09574581599967935	0.362972871947605	0.23148309164981506	0.2195410097999148	0.15752562302348483	0.20694060365197386	0.0	0.09615339413811436	0.03402691498638011
ERS227112_03980_1-376	0.0603912082866766	0.07685891686979102	0.04425595512519298	-1	0.00040757813843500523	0.26681947780949067	0.1353296975117007	0.12338761566180045	0.2536790171615992	0.11078720951385951	0.09615339413811436	0.0	0.06212647915173425
ENC_40040_1-376	0.12251768743841085	0.014732437718056768	0.017870524026541268	-1	0.06171890101329924	0.3289459569612249	0.19745617666343496	0.1855140948135347	0.19155253800986494	0.17291368866559376	0.03402691498638011	0.06212647915173425	0.0
