NCTC13441_01015_1-599	0.0	0.017106583509870932	0.154226615840375	0.2880682146453719	0.48497506027054205	0.38963731003179203	0.34490805911633504	0.23731365363488405	0.08274549088945604	0.10584801515262998	0.896652142418982	-1	0.18712943477199506
ERS227112_01541_1-599	0.017106583509870932	0.0	0.13712003233050407	0.270961631135501	0.4678684767606711	0.3725307265219211	0.362014642626206	0.254420237144755	0.09985207439932697	0.08874143164275905	0.879545558909111	-1	0.204236018281866
ETEC_2957_1-599	0.154226615840375	0.13712003233050407	0.0	0.1338415988049969	0.33074844443016704	0.23541069419141702	0.49913467495671004	0.39154026947525905	0.23697210672983104	0.04837860068774502	0.7424255265786069	-1	0.34135605061237007
SL1344_2927_1-599	0.2880682146453719	0.270961631135501	0.1338415988049969	0.0	0.19690684562517013	0.10156909538642012	0.632976273761707	0.525381868280256	0.37081370553482795	0.18222019949274193	0.60858392777361	-1	0.475197649417367
BN373_37631_1-599	0.48497506027054205	0.4678684767606711	0.33074844443016704	0.19690684562517013	0.0	0.09533775023875002	0.8298831193868771	0.7222887139054261	0.5677205511599981	0.37912704511791206	0.4116770821484399	-1	0.6721044950425371
ENC_30120_1-559	0.38963731003179203	0.3725307265219211	0.23541069419141702	0.10156909538642012	0.09533775023875002	0.0	0.7345453691481271	0.6269509636666761	0.47238280092124807	0.28378929487916205	0.5070148323871899	-1	0.5767667448037871
STM_MW29111_1-539	0.34490805911633504	0.362014642626206	0.49913467495671004	0.632976273761707	0.8298831193868771	0.7345453691481271	0.0	0.107594405481451	0.262162568226879	0.450756074268965	1.241560201535317	-1	0.15777862434433998
t2849_1-599	0.23731365363488405	0.254420237144755	0.39154026947525905	0.525381868280256	0.7222887139054261	0.6269509636666761	0.107594405481451	0.0	0.154568162745428	0.34316166878751403	1.133965796053866	-1	0.050184218862888985
STMMW_29111_1-539	0.08274549088945604	0.09985207439932697	0.23697210672983104	0.37081370553482795	0.5677205511599981	0.47238280092124807	0.262162568226879	0.154568162745428	0.0	0.18859350604208602	0.979397633308438	-1	0.10438394388253902
ROD_30421_1-599	0.10584801515262998	0.08874143164275905	0.04837860068774502	0.18222019949274193	0.37912704511791206	0.28378929487916205	0.450756074268965	0.34316166878751403	0.18859350604208602	0.0	0.790804127266352	-1	0.29297744992462504
CS17_03091_1-599	0.896652142418982	0.879545558909111	0.7424255265786069	0.60858392777361	0.4116770821484399	0.5070148323871899	1.241560201535317	1.133965796053866	0.979397633308438	0.790804127266352	0.0	-1	1.083781577190977
b2764_1-599	-1	-1	-1	-1	-1	-1	-1	-1	-1	-1	-1	-1	-1
SEN2787_1-539	0.18712943477199506	0.204236018281866	0.34135605061237007	0.475197649417367	0.6721044950425371	0.5767667448037871	0.15777862434433998	0.050184218862888985	0.10438394388253902	0.29297744992462504	1.083781577190977	-1	0.0
