ROD_16521_1-94	0.0	0.457314061794623	0.08314801123538573	0.3741660505592366	0.32898536095322783	0.0	1.382592374350684	0.0	1.2254992228204578	-1
ROD_26361_1-94	0.457314061794623	0.0	0.5404620730300087	0.8314801123538595	0.7862994227478508	0.457314061794623	0.9252783125560611	0.457314061794623	1.6828132846150807	-1
ROD_33821_1-94	0.08314801123538573	0.5404620730300087	0.0	0.29101803932385084	0.2458373497178421	0.08314801123538573	1.4657403855860698	0.08314801123538573	1.142351211585072	-1
ROD_05771_1-94	0.3741660505592366	0.8314801123538595	0.29101803932385084	0.0	0.04518068960600874	0.3741660505592366	1.7567584249099206	0.3741660505592366	0.8513331722612212	-1
ETEC_4470_1-89	0.32898536095322783	0.7862994227478508	0.2458373497178421	0.04518068960600874	0.0	0.32898536095322783	1.7115777353039119	0.32898536095322783	0.8965138618672299	-1
ROD_29661_1-94	0.0	0.457314061794623	0.08314801123538573	0.3741660505592366	0.32898536095322783	0.0	1.382592374350684	0.0	1.2254992228204578	-1
BN373_03201_1-94	1.382592374350684	0.9252783125560611	1.4657403855860698	1.7567584249099206	1.7115777353039119	1.382592374350684	0.0	1.382592374350684	2.608091597171142	-1
ROD_48781_1-94	0.0	0.457314061794623	0.08314801123538573	0.3741660505592366	0.32898536095322783	0.0	1.382592374350684	0.0	1.2254992228204578	-1
NCTC13441_02641_1-94	1.2254992228204578	1.6828132846150807	1.142351211585072	0.8513331722612212	0.8965138618672299	1.2254992228204578	2.608091597171142	1.2254992228204578	0.0	-1
b4505_1-83	-1	-1	-1	-1	-1	-1	-1	-1	-1	-1
