ERS227112_02208_1-421	0.0	0.12508981074536732	0.2599783416206509	0.2733504837088773	0.0465990168802283	0.3485433272253593	0.2518635694399778	0.6259586432746209	-1	0.37121275534481163	0.18464982576536845	0.6638883324270957	0.49893379618150263	0.465891789478986
BN373_13491_1-361	0.12508981074536732	0.0	0.15417414556595796	0.3642469341799466	0.1658597654231277	0.25540166204986137	0.3454478139504456	0.5724802827544637	-1	0.44986763277783015	0.2866418247515808	0.6158329486832814	0.5616120727880581	0.38952795717690764
NCTC13441_03433_1-408	0.2599783416206509	0.15417414556595796	0.0	0.4622636198936916	0.2944626233712047	0.1196789102073933	0.4463628379629656	0.4945535005765487	-1	0.534683820442486	0.3966232119029967	0.5458083371384149	0.6292001568923906	0.27825327208569345
ENC_41660_1-349	0.2733504837088773	0.3642469341799466	0.4622636198936916	0.0	0.23783431194570442	0.5266193238436832	0.02872058275897003	0.728203029062628	-1	0.13467602942259035	0.10878842090979145	0.7557646193383464	0.3104430780110067	0.6118905271777881
ETEC_0602_1-407	0.0465990168802283	0.1658597654231277	0.2944626233712047	0.23783431194570442	0.0	0.37890056771672215	0.21529718994842173	0.6433886027705702	-1	0.3404797605749936	0.14479826571334406	0.679550805697967	0.4744433740996567	0.4907807069969233
BN373_03621_1-420	0.3485433272253593	0.25540166204986137	0.1196789102073933	0.5266193238436832	0.37890056771672215	0.0	0.5126215301658719	0.4258384749790232	-1	0.590372353713797	0.46883468834688335	0.4840613633730082	0.6735770780205818	0.18013241272642738
CS17_00578_1-408	0.2518635694399778	0.3454478139504456	0.4463628379629656	0.02872058275897003	0.21529718994842173	0.5126215301658719	0.0	0.7201660344976468	-1	0.1595286381328794	0.08243543179187128	0.7485426167524305	0.3302475546560122	0.6004141898480078
ENC_35490_1-376	0.6259586432746209	0.5724802827544637	0.4945535005765487	0.728203029062628	0.6433886027705702	0.4258384749790232	0.7201660344976468	0.0	-1	0.7648075659175605	0.6950253146230041	0.10140506783671695	0.8125805173144939	0.29968993294353624
b0574_1-407	-1	-1	-1	-1	-1	-1	-1	-1	-1	-1	-1	-1	-1	-1
Ecoli9000q_46750_1-408	0.37121275534481163	0.44986763277783015	0.534683820442486	0.13467602942259035	0.3404797605749936	0.590372353713797	0.1595286381328794	0.7648075659175605	-1	0.0	0.22881325775709757	0.7886572706503728	0.20312282401137144	0.6641595699587785
BN373_27311_1-369	0.18464982576536845	0.2866418247515808	0.3966232119029967	0.10878842090979145	0.14479826571334406	0.46883468834688335	0.08243543179187128	0.6950253146230041	-1	0.22881325775709757	0.0	0.7259512932821398	0.3854588866816055	0.564514777491544
ERS227112_00218_1-431	0.6638883324270957	0.6158329486832814	0.5458083371384149	0.7557646193383464	0.679550805697967	0.4840613633730082	0.7485426167524305	0.10140506783671695	-1	0.7886572706503728	0.7259512932821398	0.0	0.83158580267014	0.37070492280013273
ERS227112_04530_1-370	0.49893379618150263	0.5616120727880581	0.6292001568923906	0.3104430780110067	0.4744433740996567	0.6735770780205818	0.3302475546560122	0.8125805173144939	-1	0.20312282401137144	0.3854588866816055	0.83158580267014	0.0	0.7323764265259447
ETEC_0221_1-430	0.465891789478986	0.38952795717690764	0.27825327208569345	0.6118905271777881	0.4907807069969233	0.18013241272642738	0.6004141898480078	0.29968993294353624	-1	0.6641595699587785	0.564514777491544	0.37070492280013273	0.7323764265259447	0.0
