ENC_00920_1-161	0.0	0.1590511858349002	0.11372014989404988	0.32024704536581516	0.10675075241664	0.13329289608497996	-1	0.4852778535184401	0.35400099113919514	0.010555429717120202	0.34153573193902	0.34432645672263984	0.33030634209217413
SEN3879_1-161	0.1590511858349002	0.0	0.27277133572895007	0.16119585953091498	0.052300433418260184	0.29234408191988015	-1	0.3262266676835399	0.19494980530429495	0.14849575611778	0.5005869177739202	0.50337764255754	0.17125515625727394
ROD_38171_1-161	0.11372014989404988	0.27277133572895007	0.0	0.43396719525986505	0.2204709023106899	0.01957274619093008	-1	0.59899800341249	0.467721141033245	0.12427557961117008	0.2278155820449701	0.23060630682858996	0.444026491986224
ERS227112_00358_1-161	0.32024704536581516	0.16119585953091498	0.43396719525986505	0.0	0.21349629294917516	0.4535399414507951	-1	0.16503080815262494	0.03375394577337998	0.30969161564869496	0.6617827773048351	0.664573502088455	0.010059296726358968
ETEC_4198_1-161	0.10675075241664	0.052300433418260184	0.2204709023106899	0.21349629294917516	0.0	0.24004364850161997	-1	0.3785271011018001	0.24725023872255514	0.0961953226995198	0.44828648435566	0.45107720913927984	0.22355558967553413
BN373_48571_1-161	0.13329289608497996	0.29234408191988015	0.01957274619093008	0.4535399414507951	0.24004364850161997	0.0	-1	0.6185707496034201	0.4872938872241751	0.14384832580210016	0.20824283585404002	0.21103356063765988	0.4635992381771541
b3929_1-161	-1	-1	-1	-1	-1	-1	-1	-1	-1	-1	-1	-1	-1
STM_MW40541_1-161	0.4852778535184401	0.3262266676835399	0.59899800341249	0.16503080815262494	0.3785271011018001	0.6185707496034201	-1	0.0	0.13127686237924496	0.4747224238013199	0.8268135854574601	0.82960431024108	0.15497151142626597
NCTC13441_04571_1-161	0.35400099113919514	0.19494980530429495	0.467721141033245	0.03375394577337998	0.24725023872255514	0.4872938872241751	-1	0.13127686237924496	0.0	0.34344556142207494	0.6955367230782151	0.698327447861835	0.02369464904702101
SL1344_4038_1-161	0.010555429717120202	0.14849575611778	0.12427557961117008	0.30969161564869496	0.0961953226995198	0.14384832580210016	-1	0.4747224238013199	0.34344556142207494	0.0	0.3520911616561402	0.35488188643976004	0.31975091237505393
STMMW_40541_1-161	0.34153573193902	0.5005869177739202	0.2278155820449701	0.6617827773048351	0.44828648435566	0.20824283585404002	-1	0.8268135854574601	0.6955367230782151	0.3520911616561402	0.0	0.002790724783619858	0.6718420740311941
CS17_04385_1-161	0.34432645672263984	0.50337764255754	0.23060630682858996	0.664573502088455	0.45107720913927984	0.21103356063765988	-1	0.82960431024108	0.698327447861835	0.35488188643976004	0.002790724783619858	0.0	0.674632798814814
t3529_1-161	0.33030634209217413	0.17125515625727394	0.444026491986224	0.010059296726358968	0.22355558967553413	0.4635992381771541	-1	0.15497151142626597	0.02369464904702101	0.31975091237505393	0.6718420740311941	0.674632798814814	0.0
