ROD_42471_1-689	0	1.0	1.0	1.0	1.0	1.0	1.0	1.0	1.0	1.0	-1	1.0	1.0
SL1344_3620_1-689	1.0	0.0	0.20113132635363623	0.23364041282498973	0.46671644676959	0.5596608439853592	0.4551925769075339	0.55990402738183	0.6659267957409912	0.5916084199169243	-1	0.6559172694911904	0.7048526332236454
NCTC13441_00125_1-689	1.0	0.20113132635363623	0.0	0.040693905699129146	0.3324515395048782	0.6482268424800247	0.31802630261399295	0.6484211140774161	0.5818171180324774	0.6737487600906905	-1	0.7251230854538081	0.6305433214333201
ERS227112_00657_1-689	1.0	0.23364041282498973	0.040693905699129146	0.0	0.3041340355690933	0.6625418661796275	0.2890968780063676	0.6627282321069546	0.5640777386363958	0.6870251972817839	-1	0.7363089006932184	0.6148709147564263
STMMW_36441_1-689	1.0	0.46671644676959	0.3324515395048782	0.3041340355690933	0.0	0.7651743702540325	0.02115218951431255	0.7653040559597891	0.3735542710152373	0.7822114870639159	-1	0.8165063388690404	0.4465470292708738
STM_MW36441_1-689	1.0	0.5596608439853592	0.6482268424800247	0.6625418661796275	0.7651743702540325	0.0	0.7600999591249521	0.000552263847421033	0.8528944871894814	0.0725522032169739	-1	0.21859610754813472	0.8700350576137564
CS17_04003_1-689	1.0	0.4551925769075339	0.31802630261399295	0.2890968780063676	0.02115218951431255	0.7600999591249521	0.0	0.7602324472445223	0.3868049697951547	0.777505235642279	-1	0.812541174260876	0.45825377139499557
t3864_1-689	1.0	0.55990402738183	0.6484211140774161	0.6627282321069546	0.7653040559597891	0.000552263847421033	0.7602324472445223	0.0	0.852975728245963	0.07203972430486462	-1	0.21816432797184945	0.8701068325528686
SEN3477_1-689	1.0	0.6659267957409912	0.5818171180324774	0.5640777386363958	0.3735542710152373	0.8528944871894814	0.3868049697951547	0.852975728245963	0.0	0.8635673162492473	-1	0.885051179688733	0.11651888564062973
ETEC_3803_1-689	1.0	0.5916084199169243	0.6737487600906905	0.6870251972817839	0.7822114870639159	0.0725522032169739	0.777505235642279	0.07203972430486462	0.8635673162492473	0.0	-1	0.1574685980577378	0.8794643005248455
b3559_1-689	-1	-1	-1	-1	-1	-1	-1	-1	-1	-1	-1	-1	-1
ENC_47290_1-689	1.0	0.6559172694911904	0.7251230854538081	0.7363089006932184	0.8165063388690404	0.21859610754813472	0.812541174260876	0.21816432797184945	0.885051179688733	0.1574685980577378	-1	0.0	0.898444888137107
BN373_45651_1-689	1.0	0.7048526332236454	0.6305433214333201	0.6148709147564263	0.4465470292708738	0.8700350576137564	0.45825377139499557	0.8701068325528686	0.11651888564062973	0.8794643005248455	-1	0.898444888137107	0.0
