STM_MW04541_1-106	0.0	0.4943499916413903	-1	0.35728642736639366	0.6427420446417158	0.18095750314702452	0.2670870921915696	0.7419266588447204	0.5757827845928982	0.8564272269035402	1.9160335018216959	0.34753429307239286	0.8399693571641909	0.5751936271534008
NCTC13441_03594_1-106	0.4943499916413903	0.0	-1	0.13706356427499666	0.14839205300032543	0.3133924884943658	0.2272628994498207	0.24757666720333016	0.08143279295150785	0.36207723526214997	1.4216835101803056	0.14681569856899745	0.3456193655228006	0.08084363551201057
b0384_1-106	-1	-1	-1	-1	-1	-1	-1	-1	-1	-1	-1	-1	-1	-1
ETEC_0437_1-106	0.35728642736639366	0.13706356427499666	-1	0.0	0.2854556172753221	0.17632892421936913	0.09019933517482404	0.3846402314783268	0.2184963572265045	0.49914079953714663	1.5587470744553023	0.009752134294000792	0.48268292979779726	0.21790719978700723
ERS227112_02678_1-106	0.6427420446417158	0.14839205300032543	-1	0.2854556172753221	0.0	0.4617845414946912	0.37565495245014613	0.09918461420300473	0.06695926004881758	0.21368518226182454	1.27329145717998	0.2952077515693229	0.19722731252247516	0.06754841748831486
Ecoli9000q_44880_1-106	0.18095750314702452	0.3133924884943658	-1	0.17632892421936913	0.4617845414946912	0.0	0.0861295890445451	0.5609691556976959	0.39482528144587364	0.6754697237565157	1.7350759986746713	0.16657678992536834	0.6590118540171663	0.39423612400637636
ROD_04281_1-106	0.2670870921915696	0.2272628994498207	-1	0.09019933517482404	0.37565495245014613	0.0861295890445451	0.0	0.47483956665315086	0.30869569240132855	0.5893401347119707	1.6489464096301263	0.08044720088082324	0.5728822649726213	0.30810653496183127
CS17_00416_1-106	0.7419266588447204	0.24757666720333016	-1	0.3846402314783268	0.09918461420300473	0.5609691556976959	0.47483956665315086	0.0	0.1661438742518223	0.11450056805881981	1.1741068429769754	0.3943923657723276	0.09804269831947043	0.1667330316913196
SL1344_0379_1-106	0.5757827845928982	0.08143279295150785	-1	0.2184963572265045	0.06695926004881758	0.39482528144587364	0.30869569240132855	0.1661438742518223	0.0	0.2806444423106421	1.3402507172287978	0.2282484915205053	0.26418657257129274	0.0005891574394972787
BN373_08161_1-105	0.8564272269035402	0.36207723526214997	-1	0.49914079953714663	0.21368518226182454	0.6754697237565157	0.5893401347119707	0.11450056805881981	0.2806444423106421	0.0	1.0596062749181556	0.5088929338311474	0.016457869739349373	0.2812335997501394
ENC_23770_1-106	1.9160335018216959	1.4216835101803056	-1	1.5587470744553023	1.27329145717998	1.7350759986746713	1.6489464096301263	1.1741068429769754	1.3402507172287978	1.0596062749181556	0.0	1.568499208749303	1.076064144657505	1.340839874668295
STMMW_04541_1-106	0.34753429307239286	0.14681569856899745	-1	0.009752134294000792	0.2952077515693229	0.16657678992536834	0.08044720088082324	0.3943923657723276	0.2282484915205053	0.5088929338311474	1.568499208749303	0.0	0.49243506409179805	0.22765933408100802
t2480_1-106	0.8399693571641909	0.3456193655228006	-1	0.48268292979779726	0.19722731252247516	0.6590118540171663	0.5728822649726213	0.09804269831947043	0.26418657257129274	0.016457869739349373	1.076064144657505	0.49243506409179805	0.0	0.26477573001079
SEN0367_1-106	0.5751936271534008	0.08084363551201057	-1	0.21790719978700723	0.06754841748831486	0.39423612400637636	0.30810653496183127	0.1667330316913196	0.0005891574394972787	0.2812335997501394	1.340839874668295	0.22765933408100802	0.26477573001079	0.0
