NCTC13441_02052_3-481	0.0	0.35420076961523	0.5080533365913009	0.179194776434565	0.10404162056757504	0.17516157572306296	0.383177529287341	6.595905193823375	0.48847265255368494	0.552368586582205	0.246951435900649	0.372636082623272	0.10763492712291994
BN373_29361_1-477	0.35420076961523	0.0	0.15385256697607097	0.175005993180665	0.45824239018280505	0.17903919389216705	0.028976759672110997	6.2417044242081445	0.13427188293845493	0.19816781696697494	0.10724933371458101	0.01843531300804202	0.24656584249231006
ROD_18751_1-479	0.5080533365913009	0.15385256697607097	0.0	0.328858560156736	0.6120949571588761	0.332891760868238	0.12487580730395997	6.087851857232074	0.019580684037616036	0.04431524999090397	0.261101900690652	0.13541725396802895	0.40041840946838103
ETEC_1868_1-479	0.179194776434565	0.175005993180665	0.328858560156736	0.0	0.28323639700214004	0.0040332007115020385	0.203982752852776	6.41671041738881	0.30927787611911994	0.37317381014763995	0.067756659466084	0.19344130618870703	0.07155984931164505
STM_MW18391_1-479	0.10404162056757504	0.45824239018280505	0.6120949571588761	0.28323639700214004	0.0	0.279203196290638	0.48721914985491604	6.69994681439095	0.59251427312126	0.6564102071497799	0.35099305646822404	0.47667770319084707	0.211676547690495
ERS227112_04313_1-462	0.17516157572306296	0.17903919389216705	0.332891760868238	0.0040332007115020385	0.279203196290638	0.0	0.20801595356427804	6.420743618100312	0.313311076830622	0.377207010859142	0.07178986017758604	0.19747450690020907	0.06752664860014301
STMMW_18391_1-479	0.383177529287341	0.028976759672110997	0.12487580730395997	0.203982752852776	0.48721914985491604	0.20801595356427804	0.0	6.212727664536034	0.10529512326634394	0.16919105729486394	0.136226093386692	0.010541446664068976	0.27554260216442106
b1835_1-479	6.595905193823375	6.2417044242081445	6.087851857232074	6.41671041738881	6.69994681439095	6.420743618100312	6.212727664536034	0.0	6.10743254126969	6.04353660724117	6.348953757922726	6.223269111200103	6.4882702667004555
ENC_06590_1-462	0.48847265255368494	0.13427188293845493	0.019580684037616036	0.30927787611911994	0.59251427312126	0.313311076830622	0.10529512326634394	6.10743254126969	0.0	0.06389593402852001	0.24152121665303594	0.11583656993041291	0.380837725430765
SL1344_1779_1-479	0.552368586582205	0.19816781696697494	0.04431524999090397	0.37317381014763995	0.6564102071497799	0.377207010859142	0.16919105729486394	6.04353660724117	0.06389593402852001	0.0	0.30541715068155595	0.17973250395893292	0.444733659459285
CS17_02021_3-481	0.246951435900649	0.10724933371458101	0.261101900690652	0.067756659466084	0.35099305646822404	0.07178986017758604	0.136226093386692	6.348953757922726	0.24152121665303594	0.30541715068155595	0.0	0.12568464672262303	0.13931650877772905
SEN1187_1-479	0.372636082623272	0.01843531300804202	0.13541725396802895	0.19344130618870703	0.47667770319084707	0.19747450690020907	0.010541446664068976	6.223269111200103	0.11583656993041291	0.17973250395893292	0.12568464672262303	0.0	0.2650011555003521
t1028_1-479	0.10763492712291994	0.24656584249231006	0.40041840946838103	0.07155984931164505	0.211676547690495	0.06752664860014301	0.27554260216442106	6.4882702667004555	0.380837725430765	0.444733659459285	0.13931650877772905	0.2650011555003521	0.0
