SEN3749_1-316	0.0	0.17309165496245993	0.09267092774157981	0.0631156274942899	0.17928892928606022	0.056546385890830164	0.15208399705883013	0.09587343765316003	0.13101071406730003	0.08593613980951997	0.46579673666120014	0.29704348821762006	5.71615869415208
ROD_39371_1-316	0.17309165496245993	0.0	0.08042072722088012	0.10997602746817003	0.35238058424852015	0.2296380408532901	0.32517565202129006	0.26896509261561996	0.30410236902975996	0.08715551515293996	0.6388883916236601	0.47013514318008	5.8892503491145405
STM_MW39231_1-316	0.09267092774157981	0.08042072722088012	0.0	0.029555300247289917	0.27195985702764003	0.14921731363240998	0.24475492480040995	0.18854436539473984	0.22368164180887984	0.006734787932059838	0.55846766440278	0.38971441595919987	5.8088296218936595
BN373_49381_1-316	0.0631156274942899	0.10997602746817003	0.029555300247289917	0.0	0.2424045567803501	0.11966201338512006	0.21519962455312003	0.15898906514744993	0.19412634156158992	0.02282051231523008	0.52891236415549	0.36015911571190995	5.77927432164637
ERS227112_01785_1-316	0.17928892928606022	0.35238058424852015	0.27195985702764003	0.2424045567803501	0.0	0.12274254339523005	0.027204932227230083	0.08341549163290018	0.04827821521876019	0.2652250690955802	0.2865078073751399	0.11775455893155984	5.53686976486602
ENC_01930_1-316	0.056546385890830164	0.2296380408532901	0.14921731363240998	0.11966201338512006	0.12274254339523005	0.0	0.09553761116799997	0.03932705176232987	0.07446432817646986	0.14248252570035014	0.40925035077037	0.2404971023267899	5.65961230826125
STMMW_39231_1-316	0.15208399705883013	0.32517565202129006	0.24475492480040995	0.21519962455312003	0.027204932227230083	0.09553761116799997	0.0	0.0562105594056701	0.021073282991530107	0.2380201368683501	0.31371273960237	0.14495949115878992	5.56407469709325
CS17_04269_1-316	0.09587343765316003	0.26896509261561996	0.18854436539473984	0.15898906514744993	0.08341549163290018	0.03932705176232987	0.0562105594056701	0.0	0.035137276414139995	0.18180957746268	0.3699232990080401	0.20117005056446002	5.62028525649892
SL1344_3906_1-316	0.13101071406730003	0.30410236902975996	0.22368164180887984	0.19412634156158992	0.04827821521876019	0.07446432817646986	0.021073282991530107	0.035137276414139995	0.0	0.21694685387682	0.3347860225939001	0.16603277415032003	5.5851479800847805
ETEC_4094_1-316	0.08593613980951997	0.08715551515293996	0.006734787932059838	0.02282051231523008	0.2652250690955802	0.14248252570035014	0.2380201368683501	0.18180957746268	0.21694685387682	0.0	0.5517328764707201	0.38297962802714003	5.8020948339616005
NCTC13441_04703_1-316	0.46579673666120014	0.6388883916236601	0.55846766440278	0.52891236415549	0.2865078073751399	0.40925035077037	0.31371273960237	0.3699232990080401	0.3347860225939001	0.5517328764707201	0.0	0.16875324844358008	5.25036195749088
t3345_1-316	0.29704348821762006	0.47013514318008	0.38971441595919987	0.36015911571190995	0.11775455893155984	0.2404971023267899	0.14495949115878992	0.20117005056446002	0.16603277415032003	0.38297962802714003	0.16875324844358008	0.0	5.41911520593446
b3816_1-316	5.71615869415208	5.8892503491145405	5.8088296218936595	5.77927432164637	5.53686976486602	5.65961230826125	5.56407469709325	5.62028525649892	5.5851479800847805	5.8020948339616005	5.25036195749088	5.41911520593446	0.0
