SL1344_0755_258-481	0.0	-1	0.014860427901732476	0.2891983279192929	0.46184264552775806	0.5195456687585633	0.32997849665428447	0.951472592345223	0.2166428670143452	0.30039066286524985	0.4459351673456927	0.47650435077171505	0.27679172877582536	0.3583733653168384
b0760_257-482	-1	-1	-1	-1	-1	-1	-1	-1	-1	-1	-1	-1	-1	-1
CS17_00759_257-482	0.014860427901732476	-1	0.0	0.3040587558210254	0.47670307342949053	0.5344060966602959	0.315118068752552	0.9366121644434905	0.23150329491607768	0.3152510907669823	0.4607955952474252	0.4913647786734475	0.29165215667755784	0.37323379321857086
STMMW_08301_258-481	0.2891983279192929	-1	0.3040587558210254	0.0	0.17264431760846516	0.2303473408392705	0.6191768245735774	1.2406709202645159	0.07255546090494769	0.01119233494595695	0.15673683942639982	0.18730602285242215	0.012406599143467534	0.06917503739754549
ERS227112_03207_257-484	0.46184264552775806	-1	0.47670307342949053	0.17264431760846516	0.0	0.05770302323080534	0.7918211421820425	1.413315237872981	0.24519977851341285	0.1614519826625082	0.015907478182065338	0.01466170524395699	0.1850509167519327	0.10346928021091967
SEN0723_258-483	0.5195456687585633	-1	0.5344060966602959	0.2303473408392705	0.05770302323080534	0.0	0.8495241654128478	1.4710182611037863	0.3029028017442182	0.21915500589331355	0.07361050141287068	0.04304131798684835	0.24275393998273803	0.161172303441725
ENC_19810_257-482	0.32997849665428447	-1	0.315118068752552	0.6191768245735774	0.7918211421820425	0.8495241654128478	0.0	0.6214940956909385	0.5466213636686297	0.6303691595195343	0.7759136639999772	0.8064828474259995	0.6067702254301098	0.6883518619711229
t2109_258-481	0.951472592345223	-1	0.9366121644434905	1.2406709202645159	1.413315237872981	1.4710182611037863	0.6214940956909385	0.0	1.1681154593595682	1.251863255210473	1.3974077596909158	1.427976943116938	1.2282643211210482	1.3098459576620614
ETEC_0764_257-482	0.2166428670143452	-1	0.23150329491607768	0.07255546090494769	0.24519977851341285	0.3029028017442182	0.5466213636686297	1.1681154593595682	0.0	0.08374779585090464	0.2292923003313475	0.25986148375736984	0.060148861761480155	0.14173049830249318
NCTC13441_03234_257-482	0.30039066286524985	-1	0.3152510907669823	0.01119233494595695	0.1614519826625082	0.21915500589331355	0.6303691595195343	1.251863255210473	0.08374779585090464	0.0	0.14554450448044287	0.1761136879064652	0.023598934089424484	0.05798270245158854
Ecoli9000q_48610_261-487	0.4459351673456927	-1	0.4607955952474252	0.15673683942639982	0.015907478182065338	0.07361050141287068	0.7759136639999772	1.3974077596909158	0.2292923003313475	0.14554450448044287	0.0	0.03056918342602233	0.16914343856986735	0.08756180202885433
STM_MW08301_258-481	0.47650435077171505	-1	0.4913647786734475	0.18730602285242215	0.01466170524395699	0.04304131798684835	0.8064828474259995	1.427976943116938	0.25986148375736984	0.1761136879064652	0.03056918342602233	0.0	0.19971262199588968	0.11813098545487666
BN373_13301_257-483	0.27679172877582536	-1	0.29165215667755784	0.012406599143467534	0.1850509167519327	0.24275393998273803	0.6067702254301098	1.2282643211210482	0.060148861761480155	0.023598934089424484	0.16914343856986735	0.19971262199588968	0.0	0.08158163654101303
ROD_07561_257-488	0.3583733653168384	-1	0.37323379321857086	0.06917503739754549	0.10346928021091967	0.161172303441725	0.6883518619711229	1.3098459576620614	0.14173049830249318	0.05798270245158854	0.08756180202885433	0.11813098545487666	0.08158163654101303	0.0
