CS17_01971_1-427	0.0	0.290228387631585	0.11204440926315995	0.288699046527219	0.7250925831655981	0.278125618653444	0.253850819491621	0.397119501121438	6.470120788358938	0.19210646914381801	0.323632133179519	1.114709157405358	0.45825623407886795
ROD_12681_1-427	0.290228387631585	0.0	0.17818397836842503	0.0015293411043659777	0.4348641955340131	0.012102768978140999	0.036377568139963956	0.10689111348985303	6.179892400727353	0.09812191848776697	0.033403745547934016	0.824480769773773	0.16802784644728297
NCTC13441_02096_1-427	0.11204440926315995	0.17818397836842503	0.0	0.17665463726405906	0.6130481739024382	0.16608120939028403	0.14180641022846108	0.28507509185827806	6.358076379095778	0.08006205988065807	0.21158772391635905	1.0026647481421982	0.346211824815708
SEN1768_1-428	0.288699046527219	0.0015293411043659777	0.17665463726405906	0.0	0.4363935366383791	0.010573427873775021	0.03484822703559798	0.108420454594219	6.181421741831719	0.09659257738340099	0.034933086652299994	0.826010110878139	0.16955718755164895
ENC_14800_7-433	0.7250925831655981	0.4348641955340131	0.6130481739024382	0.4363935366383791	0.0	0.4469669645121541	0.4712417636739771	0.3279730820441601	5.74502820519334	0.5329861140217801	0.4014604499860791	0.3896165742397599	0.26683634908673015
ETEC_1816_1-427	0.278125618653444	0.012102768978140999	0.16608120939028403	0.010573427873775021	0.4469669645121541	0.0	0.024274799161822957	0.11899388246799403	6.1919951697054945	0.08601914950962597	0.045506514526075015	0.836583538751914	0.18013061542542397
STMMW_12901_1-428	0.253850819491621	0.036377568139963956	0.14180641022846108	0.03484822703559798	0.4712417636739771	0.024274799161822957	0.0	0.14326868162981699	6.216269968867317	0.06174435034780301	0.06978131368789797	0.860858337913737	0.20440541458724693
SL1344_1219_1-428	0.397119501121438	0.10689111348985303	0.28507509185827806	0.108420454594219	0.3279730820441601	0.11899388246799403	0.14326868162981699	0.0	6.0730012872375	0.20501303197762	0.07348736794191901	0.71758965628392	0.06113673295742994
b1784_1-427	6.470120788358938	6.179892400727353	6.358076379095778	6.181421741831719	5.74502820519334	6.1919951697054945	6.216269968867317	6.0730012872375	0.0	6.27801431921512	6.146488655179419	5.35541163095358	6.01186455428007
STM_MW12901_1-428	0.19210646914381801	0.09812191848776697	0.08006205988065807	0.09659257738340099	0.5329861140217801	0.08601914950962597	0.06174435034780301	0.20501303197762	6.27801431921512	0.0	0.13152566403570098	0.92260268826154	0.26614976493504994
t1163_1-428	0.323632133179519	0.033403745547934016	0.21158772391635905	0.034933086652299994	0.4014604499860791	0.045506514526075015	0.06978131368789797	0.07348736794191901	6.146488655179419	0.13152566403570098	0.0	0.791077024225839	0.13462410089934895
BN373_18141_1-427	1.114709157405358	0.824480769773773	1.0026647481421982	0.826010110878139	0.3896165742397599	0.836583538751914	0.860858337913737	0.71758965628392	5.35541163095358	0.92260268826154	0.791077024225839	0.0	0.6564529233264901
ERS227112_03660_1-427	0.45825623407886795	0.16802784644728297	0.346211824815708	0.16955718755164895	0.26683634908673015	0.18013061542542397	0.20440541458724693	0.06113673295742994	6.01186455428007	0.26614976493504994	0.13462410089934895	0.6564529233264901	0.0
