ENC_34740_1-142	0.0	0.0165252154162281	0.0165252154162281	0.0350918592267125	0.0322418846474988	0.13282215879236592	0.05169189435332609	0.0165252154162281	0.006692760811012999	0.0165252154162281	0.0400402091715176	0.0445684889010734	-1
NCTC13441_00468_1-142	0.0165252154162281	0.0	0.0	0.0516170746429406	0.0487671000637269	0.149347374208594	0.0682171097695542	0.0	0.0232179762272411	0.0	0.0565654245877457	0.0610937043173015	-1
ERS227112_00967_1-142	0.0165252154162281	0.0	0.0	0.0516170746429406	0.0487671000637269	0.149347374208594	0.0682171097695542	0.0	0.0232179762272411	0.0	0.0565654245877457	0.0610937043173015	-1
ETEC_3492_1-142	0.0350918592267125	0.0516170746429406	0.0516170746429406	0.0	0.002849974579213703	0.0977302995656534	0.016600035126613594	0.0516170746429406	0.028399098415699504	0.0516170746429406	0.0049483499448051	0.0094766296743609	-1
ROD_45921_1-167	0.0322418846474988	0.0487671000637269	0.0487671000637269	0.002849974579213703	0.0	0.10058027414486712	0.019450009705827297	0.0487671000637269	0.0255491238364858	0.0487671000637269	0.007798324524018803	0.012326604253574604	-1
SEN3178_1-142	0.13282215879236592	0.149347374208594	0.149347374208594	0.0977302995656534	0.10058027414486712	0.0	0.08113026443903981	0.149347374208594	0.12612939798135292	0.149347374208594	0.0927819496208483	0.0882536698912925	-1
STM_MW33441_1-142	0.05169189435332609	0.0682171097695542	0.0682171097695542	0.016600035126613594	0.019450009705827297	0.08113026443903981	0.0	0.0682171097695542	0.044999133542313094	0.0682171097695542	0.011651685181808494	0.007123405452252693	-1
STMMW_33441_1-142	0.0165252154162281	0.0	0.0	0.0516170746429406	0.0487671000637269	0.149347374208594	0.0682171097695542	0.0	0.0232179762272411	0.0	0.0565654245877457	0.0610937043173015	-1
t3261_1-142	0.006692760811012999	0.0232179762272411	0.0232179762272411	0.028399098415699504	0.0255491238364858	0.12612939798135292	0.044999133542313094	0.0232179762272411	0.0	0.0232179762272411	0.0333474483605046	0.0378757280900604	-1
BN373_42801_1-142	0.0165252154162281	0.0	0.0	0.0516170746429406	0.0487671000637269	0.149347374208594	0.0682171097695542	0.0	0.0232179762272411	0.0	0.0565654245877457	0.0610937043173015	-1
CS17_03668_1-142	0.0400402091715176	0.0565654245877457	0.0565654245877457	0.0049483499448051	0.007798324524018803	0.0927819496208483	0.011651685181808494	0.0565654245877457	0.0333474483605046	0.0565654245877457	0.0	0.004528279729555801	-1
SL1344_3317_1-142	0.0445684889010734	0.0610937043173015	0.0610937043173015	0.0094766296743609	0.012326604253574604	0.0882536698912925	0.007123405452252693	0.0610937043173015	0.0378757280900604	0.0610937043173015	0.004528279729555801	0.0	-1
b3231_1-142	-1	-1	-1	-1	-1	-1	-1	-1	-1	-1	-1	-1	-1
