t1544_20-1300	0.0	0.13000613491151902	0.6870402921586161	0.30622907893068596	6.495320517441626	0.265247473269109	0.338774549147443	0.5469786061417661	0.07854902522285201	0.146769830186673	0.454823378597324	0.14635826377579497
NCTC13441_02402_20-1300	0.13000613491151902	0.0	0.557034157247097	0.17622294401916694	6.365314382530107	0.13524133835759	0.20876841423592396	0.41697247123024705	0.20855516013437103	0.016763695275153978	0.324817243685805	0.01635212886427595
BN373_20391_20-1300	0.6870402921586161	0.557034157247097	0.0	0.3808112132279301	5.80828022528301	0.42179281888950704	0.3482657430111731	0.14006168601684998	0.7655893173814681	0.5402704619719431	0.23221691356129204	0.5406820283828211
ETEC_1485_1-1281	0.30622907893068596	0.17622294401916694	0.3808112132279301	0.0	6.18909143851094	0.040981605661576936	0.03254547021675702	0.24074952721108012	0.38477810415353797	0.15945924874401296	0.14859429966663806	0.159870815154891
b1413_20-1300	6.495320517441626	6.365314382530107	5.80828022528301	6.18909143851094	0.0	6.230073044172517	6.156545968294183	5.94834191129986	6.573869542664478	6.348550687254953	6.040497138844302	6.348962253665831
SL1344_1571_20-1300	0.265247473269109	0.13524133835759	0.42179281888950704	0.040981605661576936	6.230073044172517	0.0	0.07352707587833396	0.28173113287265705	0.34379649849196103	0.11847764308243602	0.189575905328215	0.11888920949331405
STMMW_16361_20-1300	0.338774549147443	0.20876841423592396	0.3482657430111731	0.03254547021675702	6.156545968294183	0.07352707587833396	0.0	0.2082040569943231	0.417323574370295	0.19200471896076998	0.11604882944988104	0.192416285371648
CS17_01566_20-1300	0.5469786061417661	0.41697247123024705	0.14006168601684998	0.24074952721108012	5.94834191129986	0.28173113287265705	0.2082040569943231	0.0	0.6255276313646181	0.4002087759550931	0.09215522754444205	0.4006203423659711
STM_MW16361_20-1300	0.07854902522285201	0.20855516013437103	0.7655893173814681	0.38477810415353797	6.573869542664478	0.34379649849196103	0.417323574370295	0.6255276313646181	0.0	0.225318855409525	0.533372403820176	0.22490728899864698
SEN1411_20-1300	0.146769830186673	0.016763695275153978	0.5402704619719431	0.15945924874401296	6.348550687254953	0.11847764308243602	0.19200471896076998	0.4002087759550931	0.225318855409525	0.0	0.308053548410651	0.00041156641087802814
ROD_16271_1-1281	0.454823378597324	0.324817243685805	0.23221691356129204	0.14859429966663806	6.040497138844302	0.189575905328215	0.11604882944988104	0.09215522754444205	0.533372403820176	0.308053548410651	0.0	0.30846511482152905
ERS227112_05201_20-1300	0.14635826377579497	0.01635212886427595	0.5406820283828211	0.159870815154891	6.348962253665831	0.11888920949331405	0.192416285371648	0.4006203423659711	0.22490728899864698	0.00041156641087802814	0.30846511482152905	0.0
