ROD_11561_1-78	0.0	0.0	0.0	1.0696436099704	0.0	0.0	0.0	0.0603618964705518	1.98055660499373	0.0	0.140706405772812	0.0	1.6638645809703	0.0423821901946406	1.06315687670844	2.23769611557197	0.0	-1
NCTC13441_02818_1-78	0.0	0.0	0.0	1.0696436099704	0.0	0.0	0.0	0.0603618964705518	1.98055660499373	0.0	0.140706405772812	0.0	1.6638645809703	0.0423821901946406	1.06315687670844	2.23769611557197	0.0	-1
ETEC_1159_1-78	0.0	0.0	0.0	1.0696436099704	0.0	0.0	0.0	0.0603618964705518	1.98055660499373	0.0	0.140706405772812	0.0	1.6638645809703	0.0423821901946406	1.06315687670844	2.23769611557197	0.0	-1
STMMW_28431_2-76	1.0696436099704	1.0696436099704	1.0696436099704	0.0	1.0696436099704	1.0696436099704	1.0696436099704	1.0092817134998482	0.9109129950233299	1.0696436099704	0.9289372041975881	1.0696436099704	0.5942209709999	1.0272614197757595	0.0064867332619600315	1.1680525056015698	1.0696436099704	-1
STMMW_12051_1-78	0.0	0.0	0.0	1.0696436099704	0.0	0.0	0.0	0.0603618964705518	1.98055660499373	0.0	0.140706405772812	0.0	1.6638645809703	0.0423821901946406	1.06315687670844	2.23769611557197	0.0	-1
BN373_17061_1-78	0.0	0.0	0.0	1.0696436099704	0.0	0.0	0.0	0.0603618964705518	1.98055660499373	0.0	0.140706405772812	0.0	1.6638645809703	0.0423821901946406	1.06315687670844	2.23769611557197	0.0	-1
CS17_01232_1-78	0.0	0.0	0.0	1.0696436099704	0.0	0.0	0.0	0.0603618964705518	1.98055660499373	0.0	0.140706405772812	0.0	1.6638645809703	0.0423821901946406	1.06315687670844	2.23769611557197	0.0	-1
t1724_1-78	0.0603618964705518	0.0603618964705518	0.0603618964705518	1.0092817134998482	0.0603618964705518	0.0603618964705518	0.0603618964705518	0.0	1.920194708523178	0.0603618964705518	0.0803445093022602	0.0603618964705518	1.6035026844997482	0.017979706275911195	1.0027949802378882	2.177334219101418	0.0603618964705518	-1
t2783_2-76	1.98055660499373	1.98055660499373	1.98055660499373	0.9109129950233299	1.98055660499373	1.98055660499373	1.98055660499373	1.920194708523178	0.0	1.98055660499373	1.839850199220918	1.98055660499373	0.3166920240234299	1.9381744147990894	0.9173997282852899	0.2571395105782399	1.98055660499373	-1
SL1344_1133_1-78	0.0	0.0	0.0	1.0696436099704	0.0	0.0	0.0	0.0603618964705518	1.98055660499373	0.0	0.140706405772812	0.0	1.6638645809703	0.0423821901946406	1.06315687670844	2.23769611557197	0.0	-1
SEN1853_1-78	0.140706405772812	0.140706405772812	0.140706405772812	0.9289372041975881	0.140706405772812	0.140706405772812	0.140706405772812	0.0803445093022602	1.839850199220918	0.140706405772812	0.0	0.140706405772812	1.523158175197488	0.09832421557817139	0.922450470935628	2.096989709799158	0.140706405772812	-1
STM_MW12051_1-78	0.0	0.0	0.0	1.0696436099704	0.0	0.0	0.0	0.0603618964705518	1.98055660499373	0.0	0.140706405772812	0.0	1.6638645809703	0.0423821901946406	1.06315687670844	2.23769611557197	0.0	-1
SEN2722_2-76	1.6638645809703	1.6638645809703	1.6638645809703	0.5942209709999	1.6638645809703	1.6638645809703	1.6638645809703	1.6035026844997482	0.3166920240234299	1.6638645809703	1.523158175197488	1.6638645809703	0.0	1.6214823907756595	0.60070770426186	0.5738315346016698	1.6638645809703	-1
ERS227112_03570_1-78	0.0423821901946406	0.0423821901946406	0.0423821901946406	1.0272614197757595	0.0423821901946406	0.0423821901946406	0.0423821901946406	0.017979706275911195	1.9381744147990894	0.0423821901946406	0.09832421557817139	0.0423821901946406	1.6214823907756595	0.0	1.0207746865137994	2.1953139253773295	0.0423821901946406	-1
SL1344_2860_2-76	1.06315687670844	1.06315687670844	1.06315687670844	0.0064867332619600315	1.06315687670844	1.06315687670844	1.06315687670844	1.0027949802378882	0.9173997282852899	1.06315687670844	0.922450470935628	1.06315687670844	0.60070770426186	1.0207746865137994	0.0	1.1745392388635298	1.06315687670844	-1
STM_MW28431_2-76	2.23769611557197	2.23769611557197	2.23769611557197	1.1680525056015698	2.23769611557197	2.23769611557197	2.23769611557197	2.177334219101418	0.2571395105782399	2.23769611557197	2.096989709799158	2.23769611557197	0.5738315346016698	2.1953139253773295	1.1745392388635298	0.0	2.23769611557197	-1
ENC_15450_1-78	0.0	0.0	0.0	1.0696436099704	0.0	0.0	0.0	0.0603618964705518	1.98055660499373	0.0	0.140706405772812	0.0	1.6638645809703	0.0423821901946406	1.06315687670844	2.23769611557197	0.0	-1
b1094_1-78	-1	-1	-1	-1	-1	-1	-1	-1	-1	-1	-1	-1	-1	-1	-1	-1	-1	-1
