CS17_04724_1-712	0.0	1.0473936941511983	0.3228962448455581	0.8823423257731714	0.6809761493900922	0.5000231694525663	0.546144026381587	-1	0.5356278821252032	0.3600109354911556	0.301810319122509	0.836314408675059	0.23519635741457323	0.42408147997119294
t4486_1-712	1.0473936941511983	0.0	0.7244974493056402	0.16505136837802697	0.36641754476110616	0.547370524698632	0.5012496677696114	-1	0.5117658120259951	0.6873827586600427	0.7455833750286893	0.21107928547613936	0.8121973367366251	0.6233122141800054
NCTC13441_04209_1-712	0.3228962448455581	0.7244974493056402	0.0	0.5594460809276133	0.3580799045445341	0.17712692460700818	0.22324778153602887	-1	0.21273163727964506	0.03711469064559747	0.021085925723049126	0.5134181638295009	0.08769988743098489	0.10118523512563482
ROD_33091_1-712	0.8823423257731714	0.16505136837802697	0.5594460809276133	0.0	0.2013661763830792	0.3823191563206051	0.3361982993915844	-1	0.3467144436479682	0.5223313902820158	0.5805320066506624	0.04602791709811238	0.6471459683585982	0.45826084580197846
STM_MW43961_1-712	0.6809761493900922	0.36641754476110616	0.3580799045445341	0.2013661763830792	0.0	0.1809529799375259	0.13483212300850522	-1	0.14534826726488903	0.3209652138989366	0.3791658302675832	0.1553382592849668	0.445779791975519	0.25689466941889927
SL1344_4382_1-712	0.5000231694525663	0.547370524698632	0.17712692460700818	0.3823191563206051	0.1809529799375259	0.0	0.04612085692902068	-1	0.03560471267263687	0.14001223396141071	0.1982128503300573	0.3362912392224927	0.2648268120379931	0.07594168948137336
SEN4202_1-712	0.546144026381587	0.5012496677696114	0.22324778153602887	0.3361982993915844	0.13483212300850522	0.04612085692902068	0.0	-1	0.010516144256383808	0.1861330908904314	0.244333707259078	0.29017038229347203	0.31094766896701376	0.12206254641039405
b4238_1-712	-1	-1	-1	-1	-1	-1	-1	-1	-1	-1	-1	-1	-1	-1
ERS227112_02122_1-712	0.5356278821252032	0.5117658120259951	0.21273163727964506	0.3467144436479682	0.14534826726488903	0.03560471267263687	0.010516144256383808	-1	0.0	0.1756169466340476	0.23381756300269418	0.30068652654985584	0.30043152471062995	0.11154640215401024
STMMW_43961_1-712	0.3600109354911556	0.6873827586600427	0.03711469064559747	0.5223313902820158	0.3209652138989366	0.14001223396141071	0.1861330908904314	-1	0.1756169466340476	0.0	0.058200616368646596	0.4763034731839034	0.12481457807658236	0.06407054448003735
BN373_02561_1-712	0.301810319122509	0.7455833750286893	0.021085925723049126	0.5805320066506624	0.3791658302675832	0.1982128503300573	0.244333707259078	-1	0.23381756300269418	0.058200616368646596	0.0	0.53450408955255	0.06661396170793576	0.12227116084868395
Ecoli9000q_38960_1-712	0.836314408675059	0.21107928547613936	0.5134181638295009	0.04602791709811238	0.1553382592849668	0.3362912392224927	0.29017038229347203	-1	0.30068652654985584	0.4763034731839034	0.53450408955255	0.0	0.6011180512604858	0.4122329287038661
ENC_43570_1-712	0.23519635741457323	0.8121973367366251	0.08769988743098489	0.6471459683585982	0.445779791975519	0.2648268120379931	0.31094766896701376	-1	0.30043152471062995	0.12481457807658236	0.06661396170793576	0.6011180512604858	0.0	0.1888851225566197
ETEC_4586_1-712	0.42408147997119294	0.6233122141800054	0.10118523512563482	0.45826084580197846	0.25689466941889927	0.07594168948137336	0.12206254641039405	-1	0.11154640215401024	0.06407054448003735	0.12227116084868395	0.4122329287038661	0.1888851225566197	0.0
