STMMW_35831_1-680	0.0	0.4793749279390249	0.28853674780023597	0.05503259304425989	0.02977200764641008	5.75654686357178	0.02297519629451994	0.013531010705610136	0.19536973637477995	0.22887607648857	0.17944195482271996	0.010320510373349912	0.358816099873709	0.17374175502409006	0.325438321137689	0.18378849819956988	0.1862542643392	0.13108327784641993	0.49417564228481003	0.25698117573220003	0.14289420822378007	5.75654686357178	0.48263168790644495	0.405910139215791	0.43683958506633	0.34279611295714796
t1433_1-680	0.4793749279390249	0.0	0.19083818013878895	0.424342334894765	0.509146935585435	6.235921791510805	0.5023501242335449	0.49290593864463506	0.284005191564245	0.2504988514504549	0.29993297311630496	0.469054417565675	0.12055882806531593	0.30563317291493486	0.15393660680133592	0.29558642973945504	0.2931206635998249	0.348291650092605	0.973550570223835	0.736356103671225	0.33648071971524485	6.235921791510805	0.003256759967420031	0.07346478872323392	0.916214513005355	0.13657881498187696
NCTC13441_00200_1-680	0.28853674780023597	0.19083818013878895	0.0	0.23350415475597608	0.31830875544664605	6.045083611372016	0.3115119440947559	0.3020677585058461	0.09316701142545603	0.05966067131166597	0.10909479297751601	0.27821623742688606	0.07027935207347302	0.11479499277614591	0.03690157333745303	0.10474824960066609	0.10228248346103597	0.15745346995381604	0.782712390085046	0.545517923532436	0.1456425395764559	6.045083611372016	0.19409494010620898	0.11737339141555503	0.725376332866566	0.05425936515691199
ETEC_3745_1-680	0.05503259304425989	0.424342334894765	0.23350415475597608	0.0	0.08480460069066997	5.81157945661604	0.07800778933877983	0.06856360374987003	0.14033714333052005	0.1738434834443101	0.12440936177846007	0.04471208267090998	0.3037835068294491	0.11870916197983017	0.2704057280934291	0.12875590515531	0.1312216712949401	0.07605068480216004	0.5492082353290699	0.3120137687764599	0.08786161517952018	5.81157945661604	0.42759909486218506	0.3508775461715311	0.4918721781105899	0.28776351991288807
NCTC13441_02310_1-681	0.02977200764641008	0.509146935585435	0.31830875544664605	0.08480460069066997	0.0	5.72677485592537	0.006796811351890142	0.016240996940799945	0.22514174402119003	0.2586480841349801	0.20921396246913004	0.04009251801975999	0.3885881075201191	0.20351376267050014	0.3552103287840991	0.21356050584597996	0.21602627198561009	0.16085528549283	0.46440363463839995	0.22720916808578995	0.17266621587019015	5.72677485592537	0.512403695552855	0.4356821468622011	0.40706757741991995	0.37256812060355804
b3498_1-680	5.75654686357178	6.235921791510805	6.045083611372016	5.81157945661604	5.72677485592537	0.0	5.7335716672772605	5.74301585286617	5.95191659994656	5.98542294006035	5.9359888183945	5.76686737394513	6.115362963445489	5.9302886185958705	6.081985184709469	5.94033536177135	5.94280112791098	5.8876301414181995	5.26237122128697	5.4995656878395796	5.89944107179556	0.0	6.239178551478225	6.162457002787571	5.31970727850545	6.099342976528928
ENC_11960_1-677	0.02297519629451994	0.5023501242335449	0.3115119440947559	0.07800778933877983	0.006796811351890142	5.7335716672772605	0.0	0.009444185588909804	0.21834493266929988	0.25185127278308994	0.2024171511172399	0.03329570666786985	0.38179129616822893	0.19671695131861	0.34841351743220894	0.20676369449408982	0.20922946063371994	0.15405847414093987	0.4712004459902901	0.2340059794376801	0.1658694045183	5.7335716672772605	0.5056068842009649	0.42888533551031094	0.4138643887718101	0.3657713092516679
BN373_21481_1-681	0.013531010705610136	0.49290593864463506	0.3020677585058461	0.06856360374987003	0.016240996940799945	5.74301585286617	0.009444185588909804	0.0	0.20890074708039008	0.24240708719418014	0.1929729655283301	0.023851521078960047	0.37234711057931913	0.1872727657297002	0.33896933184329914	0.19731950890518002	0.19978527504481014	0.14461428855203007	0.4806446315791999	0.2434501650265899	0.1564252189293902	5.74301585286617	0.4961626986120551	0.41944114992140114	0.4233085743607199	0.3563271236627581
ERS227112_00721_1-680	0.19536973637477995	0.284005191564245	0.09316701142545603	0.14033714333052005	0.22514174402119003	5.95191659994656	0.21834493266929988	0.20890074708039008	0.0	0.033506340113790056	0.015927781552059983	0.18504922600143003	0.16344636349892905	0.021627981350689884	0.13006858476290906	0.011581238175210062	0.009115472035579941	0.06428645852836001	0.68954537865959	0.45235091210698	0.05247552815099987	5.95191659994656	0.287261951531665	0.21054040284101105	0.63220932144111	0.147426376582368
ETEC_1608_1-681	0.22887607648857	0.2504988514504549	0.05966067131166597	0.1738434834443101	0.2586480841349801	5.98542294006035	0.25185127278308994	0.24240708719418014	0.033506340113790056	0.0	0.04943412166585004	0.2185555661152201	0.129940023385139	0.05513432146447994	0.096562244649119	0.04508757828900012	0.04262181214937	0.09779279864215007	0.72305171877338	0.48585725222077003	0.08598186826478993	5.98542294006035	0.25375561141787495	0.177034062727221	0.6657156615549	0.11392003646857796
SL1344_1442_1-680	0.17944195482271996	0.29993297311630496	0.10909479297751601	0.12440936177846007	0.20921396246913004	5.9359888183945	0.2024171511172399	0.1929729655283301	0.015927781552059983	0.04943412166585004	0.0	0.16912144444937005	0.17937414505098903	0.005700199798629901	0.14599636631496904	0.004346543376849921	0.006812309516480042	0.04835867697630003	0.67361759710753	0.43642313055492	0.03654774659893989	5.9359888183945	0.303189733083725	0.22646818439307104	0.61628153988905	0.163354158134428
BN373_44991_1-680	0.010320510373349912	0.469054417565675	0.27821623742688606	0.04471208267090998	0.04009251801975999	5.76686737394513	0.03329570666786985	0.023851521078960047	0.18504922600143003	0.2185555661152201	0.16912144444937005	0.0	0.3484955895003591	0.16342124465074015	0.3151178107643391	0.17346798782621997	0.1759337539658501	0.12076276747307002	0.50449615265816	0.26730168610554994	0.13257369785043016	5.76686737394513	0.47231117753309504	0.3955896288424411	0.44716009543967994	0.33247560258379805
CS17_01710_1-681	0.358816099873709	0.12055882806531593	0.07027935207347302	0.3037835068294491	0.3885881075201191	6.115362963445489	0.38179129616822893	0.37234711057931913	0.16344636349892905	0.129940023385139	0.17937414505098903	0.3484955895003591	0.0	0.18507434484961893	0.03337777873601999	0.1750276016741391	0.172561835534509	0.22773282202728906	0.852991742158519	0.615797275605909	0.21592189164992892	6.115362963445489	0.12381558803273596	0.047094039342082006	0.795655684940039	0.016019986916561035
STM_MW35831_1-680	0.17374175502409006	0.30563317291493486	0.11479499277614591	0.11870916197983017	0.20351376267050014	5.9302886185958705	0.19671695131861	0.1872727657297002	0.021627981350689884	0.05513432146447994	0.005700199798629901	0.16342124465074015	0.18507434484961893	0.0	0.15169656611359894	0.010046743175479822	0.012512509315109943	0.04265847717767013	0.6679173973089001	0.4307229307562901	0.03084754680030999	5.9302886185958705	0.3088899328823549	0.23216838419170094	0.6105813400904201	0.1690543579330579
t3922_1-680	0.325438321137689	0.15393660680133592	0.03690157333745303	0.2704057280934291	0.3552103287840991	6.081985184709469	0.34841351743220894	0.33896933184329914	0.13006858476290906	0.096562244649119	0.14599636631496904	0.3151178107643391	0.03337777873601999	0.15169656611359894	0.0	0.14164982293811912	0.139184056798489	0.19435504329126907	0.819613963422499	0.582419496869889	0.18254411291390893	6.081985184709469	0.15719336676875595	0.080471818078102	0.762277906204019	0.017357791819458956
ROD_43011_1-680	0.18378849819956988	0.29558642973945504	0.10474824960066609	0.12875590515531	0.21356050584597996	5.94033536177135	0.20676369449408982	0.19731950890518002	0.011581238175210062	0.04508757828900012	0.004346543376849921	0.17346798782621997	0.1750276016741391	0.010046743175479822	0.14164982293811912	0.0	0.002465766139630121	0.05270522035314995	0.6779641404843799	0.4407696739317699	0.04089428997578981	5.94033536177135	0.29884318970687507	0.22212164101622112	0.6206280832658999	0.15900761475757808
ERS227112_05093_1-681	0.1862542643392	0.2931206635998249	0.10228248346103597	0.1312216712949401	0.21602627198561009	5.94280112791098	0.20922946063371994	0.19978527504481014	0.009115472035579941	0.04262181214937	0.006812309516480042	0.1759337539658501	0.172561835534509	0.012512509315109943	0.139184056798489	0.002465766139630121	0.0	0.05517098649278007	0.68042990662401	0.44323544007140003	0.04336005611541993	5.94280112791098	0.29637742356724495	0.219655874876591	0.62309384940553	0.15654184861794795
ROD_14891_1-681	0.13108327784641993	0.348291650092605	0.15745346995381604	0.07605068480216004	0.16085528549283	5.8876301414181995	0.15405847414093987	0.14461428855203007	0.06428645852836001	0.09779279864215007	0.04835867697630003	0.12076276747307002	0.22773282202728906	0.04265847717767013	0.19435504329126907	0.05270522035314995	0.05517098649278007	0.0	0.62525892013123	0.38806445357861996	0.01181093037736014	5.8876301414181995	0.351548410060025	0.27482686136937107	0.56792286291275	0.21171283511072803
ENC_27050_11-693	0.49417564228481003	0.973550570223835	0.782712390085046	0.5492082353290699	0.46440363463839995	5.26237122128697	0.4712004459902901	0.4806446315791999	0.68954537865959	0.72305171877338	0.67361759710753	0.50449615265816	0.852991742158519	0.6679173973089001	0.819613963422499	0.6779641404843799	0.68042990662401	0.62525892013123	0.0	0.23719446655261	0.6370698505085901	5.26237122128697	0.976807330191255	0.900085781500601	0.05733605721848001	0.836971755241958
SL1344_3559_1-680	0.25698117573220003	0.736356103671225	0.545517923532436	0.3120137687764599	0.22720916808578995	5.4995656878395796	0.2340059794376801	0.2434501650265899	0.45235091210698	0.48585725222077003	0.43642313055492	0.26730168610554994	0.615797275605909	0.4307229307562901	0.582419496869889	0.4407696739317699	0.44323544007140003	0.38806445357861996	0.23719446655261	0.0	0.3998753839559801	5.4995656878395796	0.739612863638645	0.662891314947991	0.17985840933413	0.599777288689348
SEN3417_1-680	0.14289420822378007	0.33648071971524485	0.1456425395764559	0.08786161517952018	0.17266621587019015	5.89944107179556	0.1658694045183	0.1564252189293902	0.05247552815099987	0.08598186826478993	0.03654774659893989	0.13257369785043016	0.21592189164992892	0.03084754680030999	0.18254411291390893	0.04089428997578981	0.04336005611541993	0.01181093037736014	0.6370698505085901	0.3998753839559801	0.0	5.89944107179556	0.3397374796826649	0.2630159309920109	0.5797337932901101	0.19990190473336789
b1538_1-681	5.75654686357178	6.235921791510805	6.045083611372016	5.81157945661604	5.72677485592537	0.0	5.7335716672772605	5.74301585286617	5.95191659994656	5.98542294006035	5.9359888183945	5.76686737394513	6.115362963445489	5.9302886185958705	6.081985184709469	5.94033536177135	5.94280112791098	5.8876301414181995	5.26237122128697	5.4995656878395796	5.89944107179556	0.0	6.239178551478225	6.162457002787571	5.31970727850545	6.099342976528928
STMMW_15121_1-680	0.48263168790644495	0.003256759967420031	0.19409494010620898	0.42759909486218506	0.512403695552855	6.239178551478225	0.5056068842009649	0.4961626986120551	0.287261951531665	0.25375561141787495	0.303189733083725	0.47231117753309504	0.12381558803273596	0.3088899328823549	0.15719336676875595	0.29884318970687507	0.29637742356724495	0.351548410060025	0.976807330191255	0.739612863638645	0.3397374796826649	6.239178551478225	0.0	0.07672154869065395	0.919471272972775	0.139835574949297
SEN1539_1-680	0.405910139215791	0.07346478872323392	0.11737339141555503	0.3508775461715311	0.4356821468622011	6.162457002787571	0.42888533551031094	0.41944114992140114	0.21054040284101105	0.177034062727221	0.22646818439307104	0.3955896288424411	0.047094039342082006	0.23216838419170094	0.080471818078102	0.22212164101622112	0.219655874876591	0.27482686136937107	0.900085781500601	0.662891314947991	0.2630159309920109	6.162457002787571	0.07672154869065395	0.0	0.842749724282121	0.06311402625864304
CS17_03933_1-680	0.43683958506633	0.916214513005355	0.725376332866566	0.4918721781105899	0.40706757741991995	5.31970727850545	0.4138643887718101	0.4233085743607199	0.63220932144111	0.6657156615549	0.61628153988905	0.44716009543967994	0.795655684940039	0.6105813400904201	0.762277906204019	0.6206280832658999	0.62309384940553	0.56792286291275	0.05733605721848001	0.17985840933413	0.5797337932901101	5.31970727850545	0.919471272972775	0.842749724282121	0.0	0.779635698023478
STM_MW15121_1-680	0.34279611295714796	0.13657881498187696	0.05425936515691199	0.28776351991288807	0.37256812060355804	6.099342976528928	0.3657713092516679	0.3563271236627581	0.147426376582368	0.11392003646857796	0.163354158134428	0.33247560258379805	0.016019986916561035	0.1690543579330579	0.017357791819458956	0.15900761475757808	0.15654184861794795	0.21171283511072803	0.836971755241958	0.599777288689348	0.19990190473336789	6.099342976528928	0.139835574949297	0.06311402625864304	0.779635698023478	0.0
