CS17_02680_1-109	0.0	0.8907360890276284	0.8847090601747988	0.9327064200696157	1.2741093909541887	0.9917004448033152	1.284852405913318	-1	-1	0.7264858892632273	0.3826766045537717	1.139907663064533	1.2005888792892039	0.04014220440445704	1.3009599135574277	0.2284128301224677	0.9328161060907808
ENC_38570_1-115	0.8907360890276284	0.0	0.006027028852829575	0.04197033104198733	0.3833733019265605	0.10096435577568685	0.3941163168856895	-1	-1	0.16425019976440103	0.5080594844738566	0.2491715740369047	0.3098527902615756	0.8505938846231713	0.4102238245297992	0.6623232589051606	0.04208001706315245
STMMW_24311_1-108	0.8847090601747988	0.006027028852829575	0.0	0.047997359894816904	0.38940033077939007	0.10699138462851643	0.40014334573851906	-1	-1	0.15822317091157145	0.502032455621027	0.2551986028897343	0.31587981911440516	0.8445668557703417	0.4162508533826288	0.6562962300523311	0.04810704591598203
SEN2393_1-108	0.9327064200696157	0.04197033104198733	0.047997359894816904	0.0	0.34140297088457316	0.058994024733699524	0.35214598584370216	-1	-1	0.20622053080638836	0.550029815515844	0.20720124299491738	0.26788245921958825	0.8925642156651586	0.3682534934878119	0.704293589947148	0.00010968602116512294
STM_MW24311_1-109	1.2741093909541887	0.3833733019265605	0.38940033077939007	0.34140297088457316	0.0	0.28240894615087364	0.010743014959128994	-1	-1	0.5476235016909615	0.8914327864004171	0.1342017278896558	0.07352051166498491	1.233967186549732	0.026850522603238725	1.045696560831721	0.34129328486340804
ERS227112_03837_1-120	0.9917004448033152	0.10096435577568685	0.10699138462851643	0.058994024733699524	0.28240894615087364	0.0	0.29315196111000263	-1	-1	0.2652145555400879	0.6090238402495435	0.14820721826121785	0.20888843448588873	0.9515582403988582	0.30925946875411237	0.7632876146808475	0.0588843387125344
NCTC13441_01326_1-109	1.284852405913318	0.3941163168856895	0.40014334573851906	0.35214598584370216	0.010743014959128994	0.29315196111000263	0.0	-1	-1	0.5583665166500905	0.9021758013595461	0.14494474284878478	0.0842635266241139	1.2447102015088607	0.01610750764410973	1.0564395757908502	0.35203629982253704
b2390_1-108	-1	-1	-1	-1	-1	-1	-1	-1	-1	-1	-1	-1	-1	-1	-1	-1	-1
b0005_3-98	-1	-1	-1	-1	-1	-1	-1	-1	-1	-1	-1	-1	-1	-1	-1	-1	-1
SL1344_2375_1-108	0.7264858892632273	0.16425019976440103	0.15822317091157145	0.20622053080638836	0.5476235016909615	0.2652145555400879	0.5583665166500905	-1	-1	0.0	0.3438092847094556	0.41342177380130574	0.4741029900259766	0.6863436848587703	0.5744740242942002	0.4980730591407596	0.20633021682755348
NCTC13441_03987_3-99	0.3826766045537717	0.5080594844738566	0.502032455621027	0.550029815515844	0.8914327864004171	0.6090238402495435	0.9021758013595461	-1	-1	0.3438092847094556	0.0	0.7572310585107613	0.8179122747354322	0.3425344001493147	0.9182833090036558	0.154263774431304	0.5501395015370091
BN373_34061_1-117	1.139907663064533	0.2491715740369047	0.2551986028897343	0.20720124299491738	0.1342017278896558	0.14820721826121785	0.14494474284878478	-1	-1	0.41342177380130574	0.7572310585107613	0.0	0.060681216224670875	1.099765458660076	0.1610522504928945	0.9114948329420653	0.20709155697375226
ROD_28101_1-110	1.2005888792892039	0.3098527902615756	0.31587981911440516	0.26788245921958825	0.07352051166498491	0.20888843448588873	0.0842635266241139	-1	-1	0.4741029900259766	0.8179122747354322	0.060681216224670875	0.0	1.1604466748847468	0.10037103426822364	0.9721760491667362	0.26777277319842313
ETEC_0005_3-98	0.04014220440445704	0.8505938846231713	0.8445668557703417	0.8925642156651586	1.233967186549732	0.9515582403988582	1.2447102015088607	-1	-1	0.6863436848587703	0.3425344001493147	1.099765458660076	1.1604466748847468	0.0	1.2608177091529704	0.18827062571801068	0.8926739016863238
t0450_1-108	1.3009599135574277	0.4102238245297992	0.4162508533826288	0.3682534934878119	0.026850522603238725	0.30925946875411237	0.01610750764410973	-1	-1	0.5744740242942002	0.9182833090036558	0.1610522504928945	0.10037103426822364	1.2608177091529704	0.0	1.07254708343496	0.36814380746664677
ENC_45290_3-95	0.2284128301224677	0.6623232589051606	0.6562962300523311	0.704293589947148	1.045696560831721	0.7632876146808475	1.0564395757908502	-1	-1	0.4980730591407596	0.154263774431304	0.9114948329420653	0.9721760491667362	0.18827062571801068	1.07254708343496	0.0	0.7044032759683131
ETEC_2509_1-108	0.9328161060907808	0.04208001706315245	0.04810704591598203	0.00010968602116512294	0.34129328486340804	0.0588843387125344	0.35203629982253704	-1	-1	0.20633021682755348	0.5501395015370091	0.20709155697375226	0.26777277319842313	0.8926739016863238	0.36814380746664677	0.7044032759683131	0.0
