ETEC_4469_1-136	0.0	0.13332971358932857	0.25788676690458295	0.2004573729580785	0.042618116896041676	0.3027450980392157	0.5432482641269667	0.24713622814735167	0.057466970980549474	0.4044315600871231	0.07399794450154183	0.3431230442137388	0.2569296375266526	0.1625647590175195	0.3609580492789464	0.36261695685761325	0.27215504981275757	0.4341334695339816	0.17647058823529393
ROD_49841_1-129	0.13332971358932857	0.0	0.1437190766411404	0.3070601624240373	0.09474964827952242	0.1954784733090638	0.4729809674626347	0.13131466065296246	0.18313462978819514	0.31280851639735696	0.1974615333442808	0.242068216614732	0.3560029961319426	0.27421975984732394	0.26264698266320424	0.4475990554464823	0.3691984085586617	0.5095802919708029	0.049777724380783796
NCTC13441_04876_1-137	0.25788676690458295	0.1437190766411404	0.0	0.4066488360483164	0.22485139295785703	0.06044674738856876	0.3845255474452554	0.01427952726530636	0.300533766535159	0.19746958637469575	0.3128016207410374	0.11485616144267922	0.4485576508875207	0.3785282258064517	0.1388888888888889	0.5269896091334076	0.4598566308243727	0.5800629595753768	0.09886250266985093
CS17_01146_1-139	0.2004573729580785	0.3070601624240373	0.4066488360483164	0.0	0.23453237410071937	0.4425149839684171	0.6348075171941171	0.39805332204824373	0.15170863786735078	0.5238176449687997	0.13656495437093252	0.47479887312735264	0.07063071143249144	0.04524841096501187	0.4890587199304947	0.20281543274244013	0.08967336378291663	0.29226221176028805	0.3415531306713586
CS17_01147_1-133	0.042618116896041676	0.09474964827952242	0.22485139295785703	0.23453237410071937	0.0	0.2717066049963344	0.5229158354321642	0.21362229102167185	0.09763595378968065	0.37791966776939057	0.11346240834874999	0.3138819865103573	0.2885978970965258	0.19825467201057567	0.3325109217137102	0.3897810218978102	0.3031744309820311	0.4582496354769399	0.13981095078307196
ETEC_4468_1-127	0.3027450980392157	0.1954784733090638	0.06044674738856876	0.4425149839684171	0.2717066049963344	0.0	0.3449286127805202	0.07386312367644098	0.34281422525624194	0.14583828921381553	0.35434052757793777	0.057909877809355456	0.4818905472636817	0.41609417315025476	0.08348876583875897	0.5555815487422887	0.4925065406145423	0.6054467877770272	0.15333333333333352
NCTC13441_04875_1-136	0.5432482641269667	0.4729809674626347	0.3845255474452554	0.6348075171941171	0.5229158354321642	0.3449286127805202	0.0	0.3933142316716104	0.5694964028776979	0.23308270676691736	0.5770469537290822	0.30466165413533836	0.6606013220644945	0.6175	0.28525547445255467	0.7088741886286783	0.6675555555555556	0.7415394799371954	0.4453728921541739
CS17_03351_1-127	0.24713622814735167	0.13131466065296246	0.01427952726530636	0.39805332204824373	0.21362229102167185	0.07386312367644098	0.3933142316716104	0.0	0.29040102867671486	0.20892934129729587	0.30284659975412537	0.12749559701907642	0.4405692441564011	0.36952534579159824	0.15118514847845826	0.5201373980249034	0.4520319054781297	0.5739795895081818	0.0858082770360701
NCTC13441_04139_1-139	0.057466970980549474	0.18313462978819514	0.300533766535159	0.15170863786735078	0.09763595378968065	0.34281422525624194	0.5694964028776979	0.29040102867671486	0.0	0.43865707434052753	0.017538879818556702	0.38087177316969956	0.21162406027681702	0.11150568181818184	0.39768185451638693	0.323755217569958	0.2277777777777777	0.3996321475813863	0.22379632904280528
NCTC13441_04138_1-133	0.4044315600871231	0.31280851639735696	0.19746958637469575	0.5238176449687997	0.37791966776939057	0.14583828921381553	0.23308270676691736	0.20892934129729587	0.43865707434052753	0.0	0.44850240045066603	0.09333333333333324	0.5574507434762526	0.50125	0.06802919708029183	0.6203947753687669	0.5665185185185184	0.662987753251441	0.276809751534364
ETEC_3199_1-139	0.07399794450154183	0.1974615333442808	0.3128016207410374	0.13656495437093252	0.11346240834874999	0.35434052757793777	0.5770469537290822	0.30284659975412537	0.017538879818556702	0.44850240045066603	0.0	0.39173058873235234	0.19754998591945927	0.09564429580915235	0.40824584008256	0.3116829067951804	0.21399207932054712	0.38891439051782906	0.23741007194244604
NCTC13441_01744_1-133	0.3431230442137388	0.242068216614732	0.11485616144267922	0.47479887312735264	0.3138819865103573	0.057909877809355456	0.30466165413533836	0.12749559701907642	0.38087177316969956	0.09333333333333324	0.39173058873235234	0.0	0.5118942023635139	0.44990808823529416	0.027151211361737728	0.5813177669508458	0.5218954248366012	0.6282953160861482	0.20236369654525446
ETEC_2109_1-134	0.2569296375266526	0.3560029961319426	0.4485576508875207	0.07063071143249144	0.2885978970965258	0.4818905472636817	0.6606013220644945	0.4405692441564011	0.21162406027681702	0.5574507434762526	0.19754998591945927	0.5118942023635139	0.0	0.11268319493985478	0.5251468660420318	0.14223056747839466	0.020489866175561644	0.23847517133841412	0.38805970149253727
NCTC13441_04960_1-128	0.1625647590175195	0.27421975984732394	0.3785282258064517	0.04524841096501187	0.19825467201057567	0.41609417315025476	0.6175	0.36952534579159824	0.11150568181818184	0.50125	0.09564429580915235	0.44990808823529416	0.11268319493985478	0.0	0.46484375000000006	0.23888676765667533	0.1308641975308641	0.3242862220580271	0.31034744860266295
NCTC13441_04902_26-162	0.3609580492789464	0.26264698266320424	0.1388888888888889	0.4890587199304947	0.3325109217137102	0.08348876583875897	0.28525547445255467	0.15118514847845826	0.39768185451638693	0.06802919708029183	0.40824584008256	0.027151211361737728	0.5251468660420318	0.46484375000000006	0.0	0.5926854967537677	0.5348765432098765	0.6383875485232411	0.22402048841014943
CS17_03350_1-137	0.36261695685761325	0.4475990554464823	0.5269896091334076	0.20281543274244013	0.3897810218978102	0.5555815487422887	0.7088741886286783	0.5201373980249034	0.323755217569958	0.6203947753687669	0.3116829067951804	0.5813177669508458	0.14223056747839466	0.23888676765667533	0.5926854967537677	0.0	0.12428733210498169	0.11220335000407612	0.47509631741215197
NCTC13441_01745_1-135	0.27215504981275757	0.3691984085586617	0.4598566308243727	0.08967336378291663	0.3031744309820311	0.4925065406145423	0.6675555555555556	0.4520319054781297	0.2277777777777777	0.5665185185185184	0.21399207932054712	0.5218954248366012	0.020489866175561644	0.1308641975308641	0.5348765432098765	0.12428733210498169	0.0	0.2225452270838097	0.40059827631638845
ROD_49851_1-137	0.4341334695339816	0.5095802919708029	0.5800629595753768	0.29226221176028805	0.4582496354769399	0.6054467877770272	0.7415394799371954	0.5739795895081818	0.3996321475813863	0.662987753251441	0.38891439051782906	0.6282953160861482	0.23847517133841412	0.3242862220580271	0.6383875485232411	0.11220335000407612	0.2225452270838097	0.0	0.5339922690279847
ETEC_3200_1-134	0.17647058823529393	0.049777724380783796	0.09886250266985093	0.3415531306713586	0.13981095078307196	0.15333333333333352	0.4453728921541739	0.0858082770360701	0.22379632904280528	0.276809751534364	0.23741007194244604	0.20236369654525446	0.38805970149253727	0.31034744860266295	0.22402048841014943	0.47509631741215197	0.40059827631638845	0.5339922690279847	0.0
