b0908_1-427	-1	-1	-1	-1	-1	-1	-1	-1	-1	-1	-1	-1	-1	-1	-1	-1	-1	-1	-1	-1	-1	-1	-1	-1	-1	-1	-1
Ecoli9000q_50830_1-427	-1	0.0	0.9237286325019796	0.35787693655669106	0.4656144673283122	0.033571228164849976	0.3646644163886507	0.35515724594424963	0.3510772124031748	0.4249118059646539	0.37362012257509974	0.7315149214715007	0.46058438996006484	0.644336749489933	0.32331081892653074	0.37362012257509974	0.3663155969561186	0.2125747324459038	0.2447272992581035	0.33631266168666885	0.3216768229021487	0.6018387510210539	1.3132753280738336	-1	0.33784795696142444	0.34974368537584577	0.3585497187482051
ETEC_0976_1-427	-1	0.9237286325019796	0.0	1.2816055690586705	0.4581141651736673	0.9572998606668295	1.2883930488906303	1.2788858784462291	1.2748058449051543	0.4988168265373256	1.2973487550770793	0.1922137110304789	0.46314424254191466	0.27939188301204654	1.2470394514285104	1.2973487550770793	1.290044229458098	0.7111539000560757	0.679001333243876	1.2600412941886483	1.2454054554041283	0.32188988148092557	0.38954669557185406	-1	1.261576589463404	1.2734723178778253	0.5651789137537744
t3224_1-419	-1	0.35787693655669106	1.2816055690586705	0.0	0.8234914038850032	0.3243057083918411	0.006787479831959677	0.0027196906124414243	0.0067997241535162345	0.7827887425213449	0.0157431860184087	1.0893918580281916	0.8184613265167558	1.002213686046624	0.03456611763016029	0.0157431860184087	0.008438660399427533	0.5704516690025948	0.6026042358147945	0.021564274870022226	0.036200113654542315	0.959715687577745	1.6711522646305246	-1	0.020028979595266626	0.008133251180845295	0.7164266553048961
STMMW_09891_1-427	-1	0.4656144673283122	0.4581141651736673	0.8234914038850032	0.0	0.49918569549316216	0.8302788837169629	0.8207717132725618	0.816691679731487	0.0407026613636583	0.8392345899034119	0.2659004541431884	0.005030077368247343	0.17872228216162078	0.7889252862548429	0.8392345899034119	0.8319300642844307	0.2530397348824084	0.2208871680702087	0.801927129014981	0.787291290230461	0.13622428369274175	0.8476608607455214	-1	0.8034624242897366	0.8153581527041579	0.10706474858010706
STM_MW09891_1-427	-1	0.033571228164849976	0.9572998606668295	0.3243057083918411	0.49918569549316216	0.0	0.33109318822380074	0.32158601777939966	0.3175059842383248	0.45848303412950386	0.34004889441024977	0.7650861496363506	0.4941556181249148	0.677907977654783	0.28973959076168077	0.34004889441024977	0.3327443687912686	0.24614596061075378	0.27829852742295347	0.3027414335218188	0.28810559473729874	0.6354099791859039	1.3468465562386835	-1	0.3042767287965744	0.3161724572109958	0.3921209469130551
NCTC13441_00503_1-419	-1	0.3646644163886507	1.2883930488906303	0.006787479831959677	0.8302788837169629	0.33109318822380074	0.0	0.009507170444401102	0.013587203985475912	0.7895762223533046	0.008955706186449024	1.0961793378601514	0.8252488063487156	1.0090011658785838	0.041353597462119966	0.008955706186449024	0.0016511805674678552	0.5772391488345545	0.6093917156467542	0.028351754701981903	0.042987593486501996	0.9665031674097047	1.6779397444624844	-1	0.026816459427226304	0.014920731012804972	0.7232141351368558
ENC_34260_1-419	-1	0.35515724594424963	1.2788858784462291	0.0027196906124414243	0.8207717132725618	0.32158601777939966	0.009507170444401102	0.0	0.00408003354107481	0.7800690519089035	0.018462876630850125	1.0866721674157502	0.8157416359043145	0.9994939954341826	0.031846427017718865	0.018462876630850125	0.011158351011868958	0.5677319783901534	0.5998845452023531	0.0188445842575808	0.033480423042100894	0.9569959969653036	1.6684325740180832	-1	0.017309288982825202	0.00541356056840387	0.7137069646924548
SEN3140_1-419	-1	0.3510772124031748	1.2748058449051543	0.0067997241535162345	0.816691679731487	0.3175059842383248	0.013587203985475912	0.00408003354107481	0.0	0.7759890183678287	0.022542910171924935	1.0825921338746753	0.8116616023632397	0.9954139618931078	0.027766393476644054	0.022542910171924935	0.015238384552943768	0.5636519448490787	0.5958045116612783	0.014764550716505991	0.029400389501026084	0.9529159634242288	1.6643525404770083	-1	0.013229255441750392	0.0013335270273290602	0.70962693115138
BN373_15521_1-427	-1	0.4249118059646539	0.4988168265373256	0.7827887425213449	0.0407026613636583	0.45848303412950386	0.7895762223533046	0.7800690519089035	0.7759890183678287	0.0	0.7985319285397536	0.3066031155068467	0.035672583995410956	0.21942494352527908	0.7482226248911846	0.7985319285397536	0.7912274029207724	0.21233707351875009	0.1801845067065504	0.7612244676513227	0.7465886288668027	0.17692694505640005	0.8883635221091797	-1	0.7627597629260783	0.7746554913404996	0.06636208721644876
ERS227112_00999_1-419	-1	0.37362012257509974	1.2973487550770793	0.0157431860184087	0.8392345899034119	0.34004889441024977	0.008955706186449024	0.018462876630850125	0.022542910171924935	0.7985319285397536	0.0	1.1051350440466003	0.8342045125351646	1.0179568720650327	0.05030930364856899	0.0	0.0073045256189811685	0.5861948550210035	0.6183474218332032	0.03730746088843093	0.05194329967295102	0.9754588735961537	1.6868954506489333	-1	0.03577216561367533	0.023876437199253996	0.7321698413233049
ENC_17740_1-427	-1	0.7315149214715007	0.1922137110304789	1.0893918580281916	0.2659004541431884	0.7650861496363506	1.0961793378601514	1.0866721674157502	1.0825921338746753	0.3066031155068467	1.1051350440466003	0.0	0.27093053151143576	0.08717817198156763	1.0548257403980315	1.1051350440466003	1.0978305184276191	0.5189401890255968	0.4867876222133971	1.0678275831581694	1.0531917443736494	0.12967617045044666	0.581760406602333	-1	1.069362878432925	1.0812586068473464	0.3729652027232955
t1956_1-427	-1	0.46058438996006484	0.46314424254191466	0.8184613265167558	0.005030077368247343	0.4941556181249148	0.8252488063487156	0.8157416359043145	0.8116616023632397	0.035672583995410956	0.8342045125351646	0.27093053151143576	0.0	0.18375235952986813	0.7838952088865956	0.8342045125351646	0.8268999869161834	0.24800965751416104	0.21585709070196135	0.7968970516467336	0.7822612128622136	0.1412543610609891	0.8526909381137687	-1	0.7984323469214892	0.8103280753359106	0.10203467121185972
SL1344_0915_1-427	-1	0.644336749489933	0.27939188301204654	1.002213686046624	0.17872228216162078	0.677907977654783	1.0090011658785838	0.9994939954341826	0.9954139618931078	0.21942494352527908	1.0179568720650327	0.08717817198156763	0.18375235952986813	0.0	0.9676475684164637	1.0179568720650327	1.0106523464460515	0.43176201704402917	0.3996094502318295	0.9806494111766018	0.9660135723920817	0.04249799846887903	0.6689385785839006	-1	0.9821847064513574	0.9940804348657787	0.28578703074172784
STMMW_33061_1-419	-1	0.32331081892653074	1.2470394514285104	0.03456611763016029	0.7889252862548429	0.28973959076168077	0.041353597462119966	0.031846427017718865	0.027766393476644054	0.7482226248911846	0.05030930364856899	1.0548257403980315	0.7838952088865956	0.9676475684164637	0.0	0.05030930364856899	0.04300477802958782	0.5358855513724345	0.5680381181846342	0.013001842760138063	0.0016339960243820298	0.9251495699475847	1.6365861470003644	-1	0.014537138034893662	0.026432866449314994	0.6818605376747359
STM_MW33061_1-419	-1	0.37362012257509974	1.2973487550770793	0.0157431860184087	0.8392345899034119	0.34004889441024977	0.008955706186449024	0.018462876630850125	0.022542910171924935	0.7985319285397536	0.0	1.1051350440466003	0.8342045125351646	1.0179568720650327	0.05030930364856899	0.0	0.0073045256189811685	0.5861948550210035	0.6183474218332032	0.03730746088843093	0.05194329967295102	0.9754588735961537	1.6868954506489333	-1	0.03577216561367533	0.023876437199253996	0.7321698413233049
ETEC_3454_1-419	-1	0.3663155969561186	1.290044229458098	0.008438660399427533	0.8319300642844307	0.3327443687912686	0.0016511805674678552	0.011158351011868958	0.015238384552943768	0.7912274029207724	0.0073045256189811685	1.0978305184276191	0.8268999869161834	1.0106523464460515	0.04300477802958782	0.0073045256189811685	0.0	0.5788903294020223	0.611042896214222	0.03000293526944976	0.04463877405396985	0.9681543479771725	1.679590925029952	-1	0.02846763999469416	0.016571911580272828	0.7248653157043237
SEN0882_1-427	-1	0.2125747324459038	0.7111539000560757	0.5704516690025948	0.2530397348824084	0.24614596061075378	0.5772391488345545	0.5677319783901534	0.5636519448490787	0.21233707351875009	0.5861948550210035	0.5189401890255968	0.24800965751416104	0.43176201704402917	0.5358855513724345	0.5861948550210035	0.5788903294020223	0.0	0.03215256681219969	0.5488873941325726	0.5342515553480526	0.38926401857515014	1.1007005956279299	-1	0.5504226894073282	0.5623184178217495	0.14597498630230132
ERS227112_03424_1-427	-1	0.2447272992581035	0.679001333243876	0.6026042358147945	0.2208871680702087	0.27829852742295347	0.6093917156467542	0.5998845452023531	0.5958045116612783	0.1801845067065504	0.6183474218332032	0.4867876222133971	0.21585709070196135	0.3996094502318295	0.5680381181846342	0.6183474218332032	0.611042896214222	0.03215256681219969	0.0	0.5810399609447723	0.5664041221602523	0.35711145176295045	1.06854802881573	-1	0.5825752562195279	0.5944709846339492	0.11382241949010163
ROD_46311_1-419	-1	0.33631266168666885	1.2600412941886483	0.021564274870022226	0.801927129014981	0.3027414335218188	0.028351754701981903	0.0188445842575808	0.014764550716505991	0.7612244676513227	0.03730746088843093	1.0678275831581694	0.7968970516467336	0.9806494111766018	0.013001842760138063	0.03730746088843093	0.03000293526944976	0.5488873941325726	0.5810399609447723	0.0	0.014635838784520093	0.9381514127077227	1.6495879897605024	-1	0.0015352952747555992	0.013431023689176931	0.6948623804348739
BN373_42491_1-419	-1	0.3216768229021487	1.2454054554041283	0.036200113654542315	0.787291290230461	0.28810559473729874	0.042987593486501996	0.033480423042100894	0.029400389501026084	0.7465886288668027	0.05194329967295102	1.0531917443736494	0.7822612128622136	0.9660135723920817	0.0016339960243820298	0.05194329967295102	0.04463877405396985	0.5342515553480526	0.5664041221602523	0.014635838784520093	0.0	0.9235155739232027	1.6349521509759823	-1	0.016171134059275692	0.028066862473697024	0.6802265416503539
NCTC13441_03034_1-427	-1	0.6018387510210539	0.32188988148092557	0.959715687577745	0.13622428369274175	0.6354099791859039	0.9665031674097047	0.9569959969653036	0.9529159634242288	0.17692694505640005	0.9754588735961537	0.12967617045044666	0.1412543610609891	0.04249799846887903	0.9251495699475847	0.9754588735961537	0.9681543479771725	0.38926401857515014	0.35711145176295045	0.9381514127077227	0.9235155739232027	0.0	0.7114365770527796	-1	0.9396867079824783	0.9515824363968997	0.24328903227284882
CS17_00971_1-427	-1	1.3132753280738336	0.38954669557185406	1.6711522646305246	0.8476608607455214	1.3468465562386835	1.6779397444624844	1.6684325740180832	1.6643525404770083	0.8883635221091797	1.6868954506489333	0.581760406602333	0.8526909381137687	0.6689385785839006	1.6365861470003644	1.6868954506489333	1.679590925029952	1.1007005956279299	1.06854802881573	1.6495879897605024	1.6349521509759823	0.7114365770527796	0.0	-1	1.651123285035258	1.6630190134496794	0.9547256093256284
b3189_1-419	-1	-1	-1	-1	-1	-1	-1	-1	-1	-1	-1	-1	-1	-1	-1	-1	-1	-1	-1	-1	-1	-1	-1	-1	-1	-1	-1
SL1344_3279_1-419	-1	0.33784795696142444	1.261576589463404	0.020028979595266626	0.8034624242897366	0.3042767287965744	0.026816459427226304	0.017309288982825202	0.013229255441750392	0.7627597629260783	0.03577216561367533	1.069362878432925	0.7984323469214892	0.9821847064513574	0.014537138034893662	0.03577216561367533	0.02846763999469416	0.5504226894073282	0.5825752562195279	0.0015352952747555992	0.016171134059275692	0.9396867079824783	1.651123285035258	-1	0.0	0.011895728414421332	0.6963976757096295
CS17_03631_1-419	-1	0.34974368537584577	1.2734723178778253	0.008133251180845295	0.8153581527041579	0.3161724572109958	0.014920731012804972	0.00541356056840387	0.0013335270273290602	0.7746554913404996	0.023876437199253996	1.0812586068473464	0.8103280753359106	0.9940804348657787	0.026432866449314994	0.023876437199253996	0.016571911580272828	0.5623184178217495	0.5944709846339492	0.013431023689176931	0.028066862473697024	0.9515824363968997	1.6630190134496794	-1	0.011895728414421332	0.0	0.7082934041240508
ROD_09771_1-427	-1	0.3585497187482051	0.5651789137537744	0.7164266553048961	0.10706474858010706	0.3921209469130551	0.7232141351368558	0.7137069646924548	0.70962693115138	0.06636208721644876	0.7321698413233049	0.3729652027232955	0.10203467121185972	0.28578703074172784	0.6818605376747359	0.7321698413233049	0.7248653157043237	0.14597498630230132	0.11382241949010163	0.6948623804348739	0.6802265416503539	0.24328903227284882	0.9547256093256284	-1	0.6963976757096295	0.7082934041240508	0.0
