STMMW_05411_1-156	0.0	0.009672185840273073	0.2429143836853781	0.212411436916344	0.7968363413303109	0.251113190045799	0.267030564443251	6.139200132837691	0.4797962962993009	0.162352622709531	0.39769017383272204	0.315750082254013	0.603477406843311
SEN0452_1-156	0.009672185840273073	0.0	0.23324219784510503	0.20273925107607094	0.806508527170584	0.24144100420552594	0.2767027502835241	6.148872318677964	0.48946848213957395	0.17202480854980406	0.38801798799244896	0.30607789641373995	0.613149592683584
SL1344_0464_1-156	0.2429143836853781	0.23324219784510503	0.0	0.03050294676903409	1.039750725015689	0.008198806360420918	0.5099449481286291	6.382114516523069	0.722710679984679	0.4052670063949091	0.15477579014734394	0.07283569856863492	0.8463917905286891
ERS227112_02792_1-156	0.212411436916344	0.20273925107607094	0.03050294676903409	0.0	1.009247778246655	0.03870175312945501	0.479442001359595	6.351611569754035	0.6922077332156449	0.374764059625875	0.18527873691637803	0.10333864533766901	0.815888843759655
ROD_05131_1-156	0.7968363413303109	0.806508527170584	1.039750725015689	1.009247778246655	0.0	1.0479495313761098	0.5298057768870599	5.34236379150738	0.31704004503101	0.6344837186207799	1.1945265151630329	1.112586423584324	0.19335893448699992
t2389_1-156	0.251113190045799	0.24144100420552594	0.008198806360420918	0.03870175312945501	1.0479495313761098	0.0	0.51814375448905	6.39031332288349	0.7309094863450999	0.41346581275533	0.14657698378692302	0.064636892208214	0.85459059688911
ETEC_0510_1-156	0.267030564443251	0.2767027502835241	0.5099449481286291	0.479442001359595	0.5298057768870599	0.51814375448905	0.0	5.87216956839444	0.21276573185604986	0.10467794173372003	0.664720738275973	0.582780646697264	0.33644684240005995
b0458_1-156	6.139200132837691	6.148872318677964	6.382114516523069	6.351611569754035	5.34236379150738	6.39031332288349	5.87216956839444	0.0	5.65940383653839	5.9768475101281595	6.536890306670413	6.454950215091704	5.53572272599438
BN373_09271_1-156	0.4797962962993009	0.48946848213957395	0.722710679984679	0.6922077332156449	0.31704004503101	0.7309094863450999	0.21276573185604986	5.65940383653839	0.0	0.3174436735897699	0.8774864701320229	0.7955463785533139	0.1236811105440101
CS17_00490_1-156	0.162352622709531	0.17202480854980406	0.4052670063949091	0.374764059625875	0.6344837186207799	0.41346581275533	0.10467794173372003	5.9768475101281595	0.3174436735897699	0.0	0.560042796542253	0.478102704963544	0.44112478413378
STM_MW05411_1-156	0.39769017383272204	0.38801798799244896	0.15477579014734394	0.18527873691637803	1.1945265151630329	0.14657698378692302	0.664720738275973	6.536890306670413	0.8774864701320229	0.560042796542253	0.0	0.08194009157870902	1.001167580676033
NCTC13441_03520_1-156	0.315750082254013	0.30607789641373995	0.07283569856863492	0.10333864533766901	1.112586423584324	0.064636892208214	0.582780646697264	6.454950215091704	0.7955463785533139	0.478102704963544	0.08194009157870902	0.0	0.919227489097324
ENC_22710_1-155	0.603477406843311	0.613149592683584	0.8463917905286891	0.815888843759655	0.19335893448699992	0.85459059688911	0.33644684240005995	5.53572272599438	0.1236811105440101	0.44112478413378	1.001167580676033	0.919227489097324	0.0
