SEN4143_1-540	0.0	0.19083038124095056	0.1804121429128249	0.31814624943732916	0.17165870579900158	0.43759892386546523	0.09245463337566426	0.06588086850656222	0.537923717344455	0.19947848309074226	0.13295897808906001	0.16780674472199542	-1
BN373_01901_1-540	0.19083038124095056	0.0	0.3368144061412242	0.44826466060777564	0.3297313907690005	0.5449221356345394	0.10839760907071813	0.24413917849392058	0.6261019105260139	0.35224230935412	0.06674586517757052	0.3266145008928447	-1
STM_MW43211_1-540	0.1804121429128249	0.3368144061412242	0.0	0.16805288820897482	0.010567428154438101	0.31380013592037004	0.256186837758966	0.1226088520670313	0.43620896934982717	0.02326332682096994	0.28938370684533826	0.015147200618224773	-1
ROD_32411_1-542	0.31814624943732916	0.44826466060777564	0.16805288820897482	0.0	0.17684442954111876	0.1751881167032708	0.3811867879614225	0.2700569685661546	0.3223234714566926	0.14823807210673434	0.40880482731833473	0.18065455801502614	-1
ETEC_4533_1-540	0.17165870579900158	0.3297313907690005	0.010567428154438101	0.17684442954111876	0.0	0.32105150368361673	0.24824269646427813	0.11323805896505444	0.4421667905603395	0.033584921440594225	0.28179411778493574	0.004628685768090438	-1
Ecoli9000q_38450_1-540	0.43759892386546523	0.5449221356345394	0.31380013592037004	0.1751881167032708	0.32105150368361673	0.0	0.4895955091695627	0.3979343135437264	0.1783865602970336	0.2974566401339027	0.5123751962245007	0.32419414292578275	-1
STMMW_43211_1-540	0.09245463337566426	0.10839760907071813	0.256186837758966	0.3811867879614225	0.24824269646427813	0.4895955091695627	0.0	0.15224451033798192	0.5806448106489632	0.2734904064459183	0.044630655615656836	0.2447468670364239	-1
ERS227112_02058_1-540	0.06588086850656222	0.24413917849392058	0.1226088520670313	0.2700569685661546	0.11323805896505444	0.3979343135437264	0.15224451033798192	0.0	0.5053347404235333	0.14301988909122193	0.19008039364336998	0.10911442960436704	-1
t4428_1-540	0.537923717344455	0.6261019105260139	0.43620896934982717	0.3223234714566926	0.4421667905603395	0.1783865602970336	0.5806448106489632	0.5053347404235333	0.0	0.42278093355993684	0.599360907685528	0.4447488251978411	-1
NCTC13441_04266_1-540	0.19947848309074226	0.35224230935412	0.02326332682096994	0.14823807210673434	0.033584921440594225	0.2974566401339027	0.2734904064459183	0.14301988909122193	0.42278093355993684	0.0	0.3059150059173013	0.03805815316079015	-1
SL1344_4310_1-540	0.13295897808906001	0.06674586517757052	0.28938370684533826	0.40880482731833473	0.28179411778493574	0.5123751962245007	0.044630655615656836	0.19008039364336998	0.599360907685528	0.3059150059173013	0.0	0.2784543095163671	-1
CS17_04666_1-540	0.16780674472199542	0.3266145008928447	0.015147200618224773	0.18065455801502614	0.004628685768090438	0.32419414292578275	0.2447468670364239	0.10911442960436704	0.4447488251978411	0.03805815316079015	0.2784543095163671	0.0	-1
b4187_1-540	-1	-1	-1	-1	-1	-1	-1	-1	-1	-1	-1	-1	-1
