ROD_00261_1-316	0.0	-1	0.0429699474669777	0.09914933689059151	0.0535168358880932	0.047334000101426806	0.0971638554782194	0.027621711055115905	0.0649949964884114	0.009100709587955003	0.013986946242207504	0.0459026144590855
b0029_1-316	-1	-1	-1	-1	-1	-1	-1	-1	-1	-1	-1	-1
CS17_00028_1-316	0.0429699474669777	-1	0.0	0.05617938942361381	0.010546888421115501	0.004364052634449105	0.0541939080112417	0.015348236411861796	0.0220250490214337	0.052070657054932704	0.028983001224770197	0.002932666992107799
ETEC_0029_1-316	0.09914933689059151	-1	0.05617938942361381	0.0	0.0456325010024983	0.051815336789164695	0.0019854814123721008	0.0715276258354756	0.0341543404021801	0.10825004647854651	0.085162390648384	0.05324672243150601
STMMW_00501_1-316	0.0535168358880932	-1	0.010546888421115501	0.0456325010024983	0.0	0.006182835786666396	0.0436470195901262	0.025895124832977297	0.011478160600318199	0.0626175454760482	0.0395298896458857	0.007614221429007702
t0051_1-316	0.047334000101426806	-1	0.004364052634449105	0.051815336789164695	0.006182835786666396	0.0	0.049829855376792596	0.0197122890463109	0.017660996386984595	0.05643470968938181	0.0333470538592193	0.0014313856423413054
NCTC13441_03963_1-316	0.0971638554782194	-1	0.0541939080112417	0.0019854814123721008	0.0436470195901262	0.049829855376792596	0.0	0.0695421444231035	0.032168858989808	0.1062645650661744	0.0831769092360119	0.0512612410191339
STM_MW00501_1-316	0.027621711055115905	-1	0.015348236411861796	0.0715276258354756	0.025895124832977297	0.0197122890463109	0.0695421444231035	0.0	0.037373285433295496	0.03672242064307091	0.013634764812908401	0.018280903403969595
SL1344_0050_1-316	0.0649949964884114	-1	0.0220250490214337	0.0341543404021801	0.011478160600318199	0.017660996386984595	0.032168858989808	0.037373285433295496	0.0	0.0740957060763664	0.0510080502462039	0.0190923820293259
SEN0049_1-316	0.009100709587955003	-1	0.052070657054932704	0.10825004647854651	0.0626175454760482	0.05643470968938181	0.1062645650661744	0.03672242064307091	0.0740957060763664	0.0	0.023087655830162507	0.0550033240470405
BN373_05051_1-316	0.013986946242207504	-1	0.028983001224770197	0.085162390648384	0.0395298896458857	0.0333470538592193	0.0831769092360119	0.013634764812908401	0.0510080502462039	0.023087655830162507	0.0	0.031915668216877996
ERS227112_02359_1-316	0.0459026144590855	-1	0.002932666992107799	0.05324672243150601	0.007614221429007702	0.0014313856423413054	0.0512612410191339	0.018280903403969595	0.0190923820293259	0.0550033240470405	0.031915668216877996	0.0
