CS17_02419_1-376	0.0	0.258680802702165	0.47632802623774695	0.40131528711598397	0.6803635783866528	0.26715801337523093	0.2703018397225059	0.39530989587518595	0.564697040336396	0.7173210433916799	-1	0.6321703443076709	0.279251466796857
NCTC13441_01541_1-376	0.258680802702165	0.0	0.21764722353558197	0.14263448441381898	0.4216827756844879	0.008477210673065949	0.011621037020340896	0.13662909317302097	0.30601623763423097	0.4586402406895149	-1	0.37348954160550596	0.020570664094691993
ENC_40040_1-376	0.47632802623774695	0.21764722353558197	0.0	0.07501273912176298	0.20403555214890595	0.20917001286251602	0.20602618651524107	0.081018130362561	0.088369014098649	0.24099301715393295	-1	0.155842318069924	0.19707655944088998
SL1344_2183_1-376	0.40131528711598397	0.14263448441381898	0.07501273912176298	0.0	0.27904829127066894	0.13415727374075304	0.1310134473934781	0.006005391240798019	0.16338175322041198	0.31600575627569594	-1	0.23085505719168697	0.12206382031912699
t0650_1-376	0.6803635783866528	0.4216827756844879	0.20403555214890595	0.27904829127066894	0.0	0.41320556501142197	0.410061738664147	0.28505368251146695	0.11566653805025695	0.036957465005027	-1	0.04819323407898196	0.4011121115897959
ERS227112_03980_1-376	0.26715801337523093	0.008477210673065949	0.20917001286251602	0.13415727374075304	0.41320556501142197	0.0	0.0031438263472749473	0.12815188249995502	0.297539026961165	0.450163030016449	-1	0.36501233093244	0.012093453421626044
BN373_32041_1-376	0.2703018397225059	0.011621037020340896	0.20602618651524107	0.1310134473934781	0.410061738664147	0.0031438263472749473	0.0	0.12500805615268007	0.2943952006138901	0.447019203669174	-1	0.36186850458516506	0.008949627074351096
STMMW_22381_1-376	0.39530989587518595	0.13662909317302097	0.081018130362561	0.006005391240798019	0.28505368251146695	0.12815188249995502	0.12500805615268007	0.0	0.16938714446121	0.32201114751649396	-1	0.236860448432485	0.11605842907832897
SEN2199_1-376	0.564697040336396	0.30601623763423097	0.088369014098649	0.16338175322041198	0.11566653805025695	0.297539026961165	0.2943952006138901	0.16938714446121	0.0	0.15262400305528395	-1	0.06747330397127499	0.285445573539539
STM_MW22381_1-376	0.7173210433916799	0.4586402406895149	0.24099301715393295	0.31600575627569594	0.036957465005027	0.450163030016449	0.447019203669174	0.32201114751649396	0.15262400305528395	0.0	-1	0.08515069908400896	0.43806957659482293
b2169_1-376	-1	-1	-1	-1	-1	-1	-1	-1	-1	-1	-1	-1	-1
ROD_22961_1-376	0.6321703443076709	0.37348954160550596	0.155842318069924	0.23085505719168697	0.04819323407898196	0.36501233093244	0.36186850458516506	0.236860448432485	0.06747330397127499	0.08515069908400896	-1	0.0	0.35291887751081397
ETEC_2304_1-376	0.279251466796857	0.020570664094691993	0.19707655944088998	0.12206382031912699	0.4011121115897959	0.012093453421626044	0.008949627074351096	0.11605842907832897	0.285445573539539	0.43806957659482293	-1	0.35291887751081397	0.0
