b3229_1-212	0.0	6.111170020062758	5.86937601971992	5.07489458390784	6.440461923974908	5.70907142527153	5.95565397067569	5.68393289583614	6.4214640695090015	6.228220489844054	5.94721144980679	5.42427825004908	5.96047590797992
SL1344_3314_1-212	6.111170020062758	0.0	0.24179400034283793	1.0362754361549178	0.32929190391215	0.402098594791228	0.1555160493870681	0.4272371242266181	0.31029404944624395	0.11705046978129596	0.16395857025596794	0.686891770013678	0.1506941120828379
SEN3175_1-212	5.86937601971992	0.24179400034283793	0.0	0.79448143581208	0.571085904254988	0.16030459444839007	0.08627795095576984	0.18544312388378015	0.5520880497890819	0.3588444701241339	0.07783543008687	0.44509776967084	0.09109988826000004
CS17_03666_1-212	5.07489458390784	1.0362754361549178	0.79448143581208	0.0	1.3655673400670678	0.6341768413636899	0.8807593867678498	0.6090383119282998	1.3465694856011619	1.1533259059362138	0.87231686589895	0.34938366614123995	0.88558132407208
STM_MW33411_1-212	6.440461923974908	0.32929190391215	0.571085904254988	1.3655673400670678	0.0	0.731390498703378	0.4848079532992181	0.7565290281387681	0.018997854465906072	0.21224143413085406	0.49325047416811796	1.0161836739258279	0.4799860159949879
ENC_34710_1-212	5.70907142527153	0.402098594791228	0.16030459444839007	0.6341768413636899	0.731390498703378	0.0	0.24658254540415991	0.025138529435390078	0.712392644237472	0.519149064572524	0.23814002453526006	0.28479317522244996	0.2514044827083901
ROD_45941_1-212	5.95565397067569	0.1555160493870681	0.08627795095576984	0.8807593867678498	0.4848079532992181	0.24658254540415991	0.0	0.27172107483955	0.46581009883331204	0.27256651916836405	0.00844252086889985	0.5313757206266099	0.004821937304230195
ERS227112_00969_1-212	5.68393289583614	0.4272371242266181	0.18544312388378015	0.6090383119282998	0.7565290281387681	0.025138529435390078	0.27172107483955	0.0	0.737531173672862	0.544287594007914	0.26327855397065014	0.2596546457870599	0.2765430121437802
t3259_1-212	6.4214640695090015	0.31029404944624395	0.5520880497890819	1.3465694856011619	0.018997854465906072	0.712392644237472	0.46581009883331204	0.737531173672862	0.0	0.19324357966494798	0.4742526197022119	0.9971858194599219	0.46098816152908184
NCTC13441_00470_1-212	6.228220489844054	0.11705046978129596	0.3588444701241339	1.1533259059362138	0.21224143413085406	0.519149064572524	0.27256651916836405	0.544287594007914	0.19324357966494798	0.0	0.2810090400372639	0.8039422397949739	0.26774458186413386
ETEC_3490_1-212	5.94721144980679	0.16395857025596794	0.07783543008687	0.87231686589895	0.49325047416811796	0.23814002453526006	0.00844252086889985	0.26327855397065014	0.4742526197022119	0.2810090400372639	0.0	0.52293319975771	0.013264458173130045
BN373_42781_1-212	5.42427825004908	0.686891770013678	0.44509776967084	0.34938366614123995	1.0161836739258279	0.28479317522244996	0.5313757206266099	0.2596546457870599	0.9971858194599219	0.8039422397949739	0.52293319975771	0.0	0.5361976579308401
STMMW_33411_1-212	5.96047590797992	0.1506941120828379	0.09109988826000004	0.88558132407208	0.4799860159949879	0.2514044827083901	0.004821937304230195	0.2765430121437802	0.46098816152908184	0.26774458186413386	0.013264458173130045	0.5361976579308401	0.0
