b3433_1-367	-1	-1	-1	-1	-1	-1	-1	-1	-1	-1	-1	-1	-1	-1	-1
SEN3363_1-368	-1	0.0	0.0614376593236007	0.0295356702513146	0.0482857125390388	0.05345399785975407	4.071050040001289	0.03185543267563	0.0507206663921872	0.028681140375007998	1.9167139073082693	0.025131825971424097	0.0274075615426604	0.05276009582708196	0.017717995294939504
NCTC13441_00266_1-367	-1	0.0614376593236007	0.0	0.0319019890722861	0.0131519467845619	0.00798366146384663	4.13248769932489	0.0295822266479707	0.0107169929314135	0.0327565189485927	1.97815156663187	0.0363058333521766	0.0340300977809403	0.00867756349651874	0.0437196640286612
STMMW_35281_1-368	-1	0.0295356702513146	0.0319019890722861	0.0	0.0187500422877242	0.02391832760843947	4.100585710252604	0.0023197624243153983	0.0211849961408726	0.0008545298763066034	1.946249577559584	0.004403844279890504	0.0021281087086542014	0.023224425575767357	0.011817674956375097
CS17_03856_1-367	-1	0.0482857125390388	0.0131519467845619	0.0187500422877242	0.0	0.0051682853207152685	4.119335752540328	0.016430279863408802	0.0024349538531483993	0.019604572164030803	1.964999619847308	0.023153886567614704	0.0208781509963784	0.004474383288043159	0.030567717244099298
ETEC_3682_1-367	-1	0.05345399785975407	0.00798366146384663	0.02391832760843947	0.0051682853207152685	0.0	4.124504037861043	0.02159856518412407	0.002733331467566869	0.024772857484746072	1.9701679051680234	0.028322171888329972	0.02604643631709367	0.0006939020326721095	0.035736002564814566
ERS227112_04893_1-369	-1	4.071050040001289	4.13248769932489	4.100585710252604	4.119335752540328	4.124504037861043	0.0	4.102905472676919	4.121770706393476	4.099731180376297	2.15433613269302	4.096181865972714	4.09845760154395	4.123810135828371	4.088768035296229
STM_MW35281_1-368	-1	0.03185543267563	0.0295822266479707	0.0023197624243153983	0.016430279863408802	0.02159856518412407	4.102905472676919	0.0	0.0188652337165572	0.0031742923006220017	1.9485693399838995	0.006723606704205902	0.0044478711329696	0.02090466315145196	0.014137437380690496
t3981_1-368	-1	0.0507206663921872	0.0107169929314135	0.0211849961408726	0.0024349538531483993	0.002733331467566869	4.121770706393476	0.0188652337165572	0.0	0.022039526017179203	1.9674345737004566	0.025588840420763103	0.0233131048495268	0.0020394294348947597	0.03300267109724769
ENC_26270_1-367	-1	0.028681140375007998	0.0327565189485927	0.0008545298763066034	0.019604572164030803	0.024772857484746072	4.099731180376297	0.0031742923006220017	0.022039526017179203	0.0	1.9453950476832773	0.0035493144035839003	0.001273578832347598	0.02407895545207396	0.010963145080068494
BN373_23481_1-369	-1	1.9167139073082693	1.97815156663187	1.946249577559584	1.964999619847308	1.9701679051680234	2.15433613269302	1.9485693399838995	1.9674345737004566	1.9453950476832773	0.0	1.9418457332796935	1.9441214688509298	1.9694740031353513	1.9344319026032089
BN373_44371_1-368	-1	0.025131825971424097	0.0363058333521766	0.004403844279890504	0.023153886567614704	0.028322171888329972	4.096181865972714	0.006723606704205902	0.025588840420763103	0.0035493144035839003	1.9418457332796935	0.0	0.0022757355712363023	0.02762826985565786	0.007413830676484594
SL1344_3506_1-368	-1	0.0274075615426604	0.0340300977809403	0.0021281087086542014	0.0208781509963784	0.02604643631709367	4.09845760154395	0.0044478711329696	0.0233131048495268	0.001273578832347598	1.9441214688509298	0.0022757355712363023	0.0	0.02535253428442156	0.009689566247720896
ERS227112_00786_1-368	-1	0.05276009582708196	0.00867756349651874	0.023224425575767357	0.004474383288043159	0.0006939020326721095	4.123810135828371	0.02090466315145196	0.0020394294348947597	0.02407895545207396	1.9694740031353513	0.02762826985565786	0.02535253428442156	0.0	0.035042100532142455
ROD_43921_1-367	-1	0.017717995294939504	0.0437196640286612	0.011817674956375097	0.030567717244099298	0.035736002564814566	4.088768035296229	0.014137437380690496	0.03300267109724769	0.010963145080068494	1.9344319026032089	0.007413830676484594	0.009689566247720896	0.035042100532142455	0.0
