CS17_01732_1-193	0.0	0.36501191982703174	0.2636540936643863	0.36284761816275635	0.4276418356918198	0.36691627072595556	0.07046507379434819	0.07762005110906955	0.432013166046361	1.0797890506796373	0.16801046134085162	0.5428138297960288	0.6199773457977596
STM_MW10471_1-193	0.36501191982703174	0.0	0.10135782616264544	0.002164301664275392	0.06262991586478805	0.0019043508989238234	0.4354769936213799	0.4426319709361013	0.06700124621932924	0.7147771308526054	0.19700145848618011	0.9078257496230605	0.2549654259707279
ETEC_4711_1-192	0.2636540936643863	0.10135782616264544	0.0	0.09919352449837004	0.1639877420274335	0.10326217706156926	0.3341191674587345	0.34127414477345586	0.16835907238197467	0.8161349570152509	0.09564363232353468	0.8064679234604151	0.35632325213337335
CS17_01308_1-193	0.36284761816275635	0.002164301664275392	0.09919352449837004	0.0	0.06479421752906345	0.004068652563199215	0.43331269195710453	0.4404676692718259	0.06916554788360463	0.7169414325168808	0.19483715682190472	0.9056614479587851	0.2571297276350033
CS17_00817_1-193	0.4276418356918198	0.06262991586478805	0.1639877420274335	0.06479421752906345	0.0	0.06072556496586423	0.498106909486168	0.5052618868008893	0.004371330354541181	0.6521472149878174	0.25963137435096817	0.9704556654878486	0.19233551010593986
STMMW_10471_1-188	0.36691627072595556	0.0019043508989238234	0.10326217706156926	0.004068652563199215	0.06072556496586423	0.0	0.43738134452030375	0.4445363218350251	0.06509689532040541	0.7128727799536816	0.19890580938510394	0.9097301005219843	0.2530610750718041
Ecoli9000q_49030_1-193	0.07046507379434819	0.4354769936213799	0.3341191674587345	0.43331269195710453	0.498106909486168	0.43738134452030375	0.0	0.007154977314721367	0.5024782398407092	1.1502541244739852	0.2384755351351998	0.4723487560016806	0.6904424195921078
NCTC13441_02738_1-193	0.07762005110906955	0.4426319709361013	0.34127414477345586	0.4404676692718259	0.5052618868008893	0.4445363218350251	0.007154977314721367	0.0	0.5096332171554305	1.1574091017887067	0.24563051244992118	0.4651937786869592	0.6975973969068292
SL1344_2564_1-192	0.432013166046361	0.06700124621932924	0.16835907238197467	0.06916554788360463	0.004371330354541181	0.06509689532040541	0.5024782398407092	0.5096332171554305	0.0	0.6477758846332762	0.26400270470550935	0.9748269958423897	0.18796417975139867
SL1344_0975_1-188	1.0797890506796373	0.7147771308526054	0.8161349570152509	0.7169414325168808	0.6521472149878174	0.7128727799536816	1.1502541244739852	1.1574091017887067	0.6477758846332762	0.0	0.9117785893387855	1.622602880475666	0.4598117048818775
ETEC_1232_1-192	0.16801046134085162	0.19700145848618011	0.09564363232353468	0.19483715682190472	0.25963137435096817	0.19890580938510394	0.2384755351351998	0.24563051244992118	0.26400270470550935	0.9117785893387855	0.0	0.7108242911368804	0.451966884456908
Ecoli9000q_920_1-193	0.5428138297960288	0.9078257496230605	0.8064679234604151	0.9056614479587851	0.9704556654878486	0.9097301005219843	0.4723487560016806	0.4651937786869592	0.9748269958423897	1.622602880475666	0.7108242911368804	0.0	1.1627911755937885
STMMW_26201_1-192	0.6199773457977596	0.2549654259707279	0.35632325213337335	0.2571297276350033	0.19233551010593986	0.2530610750718041	0.6904424195921078	0.6975973969068292	0.18796417975139867	0.4598117048818775	0.451966884456908	1.1627911755937885	0.0
