ETEC_3259_1-237	0.0	0.416235292853544	0.7673338228687001	0.39995537455004093	0.194436372449051	0.793284465655298	0.24130958344891196	5.94576724721916	0.00796395922106008	5.94576724721916	5.94576724721916	0.2769557460010179
CS17_03409_1-233	0.416235292853544	0.0	1.183569115722244	0.01627991830350306	0.221798920404493	0.37704917280175393	0.17492570940463203	6.362002540072704	0.42419925207460407	6.362002540072704	6.362002540072704	0.13927954685252608
NCTC13441_00719_1-233	0.7673338228687001	1.183569115722244	0.0	1.1672891974187412	0.9617701953177511	1.560618288523998	1.0086434063176122	5.17843342435046	0.75936986364764	5.17843342435046	5.17843342435046	1.044289568869718
CS17_03408_1-253	0.39995537455004093	0.01627991830350306	1.1672891974187412	0.0	0.20551900210098994	0.393329091105257	0.15864579110112897	6.345722621769201	0.407919333771101	6.345722621769201	6.345722621769201	0.12299962854902302
NCTC13441_00720_1-258	0.194436372449051	0.221798920404493	0.9617701953177511	0.20551900210098994	0.0	0.598848093206247	0.04687321099986097	6.1402036196682115	0.20240033167011107	6.1402036196682115	6.1402036196682115	0.08251937355196692
CS17_03410_1-231	0.793284465655298	0.37704917280175393	1.560618288523998	0.393329091105257	0.598848093206247	0.0	0.5519748822063859	6.739051712874458	0.8012484248763581	6.739051712874458	6.739051712874458	0.5163287196542801
ETEC_3258_1-252	0.24130958344891196	0.17492570940463203	1.0086434063176122	0.15864579110112897	0.04687321099986097	0.5519748822063859	0.0	6.187076830668072	0.24927354266997204	6.187076830668072	6.187076830668072	0.03564616255210595
b2984_1-252	5.94576724721916	6.362002540072704	5.17843342435046	6.345722621769201	6.1402036196682115	6.739051712874458	6.187076830668072	0.0	5.9378032879981	0.0	0.0	6.222722993220178
NCTC13441_00718_1-231	0.00796395922106008	0.42419925207460407	0.75936986364764	0.407919333771101	0.20240033167011107	0.8012484248763581	0.24927354266997204	5.9378032879981	0.0	5.9378032879981	5.9378032879981	0.284919705222078
b2986_1-230	5.94576724721916	6.362002540072704	5.17843342435046	6.345722621769201	6.1402036196682115	6.739051712874458	6.187076830668072	0.0	5.9378032879981	0.0	0.0	6.222722993220178
b2985_1-237	5.94576724721916	6.362002540072704	5.17843342435046	6.345722621769201	6.1402036196682115	6.739051712874458	6.187076830668072	0.0	5.9378032879981	0.0	0.0	6.222722993220178
ETEC_3260_1-230	0.2769557460010179	0.13927954685252608	1.044289568869718	0.12299962854902302	0.08251937355196692	0.5163287196542801	0.03564616255210595	6.222722993220178	0.284919705222078	6.222722993220178	6.222722993220178	0.0
