b0148_1-809	-1	-1	-1	-1	-1	-1	-1	-1	-1	-1	-1	-1	-1
ERS227112_02489_1-809	-1	0.0	0.038718831917577745	0.46589151625404157	0.06084873027017679	0.6443547791730664	0.988733323243296	0.22690853077691342	0.29050063998223696	0.23133775534141	0.16720855228075182	0.3013876350111542	0.19629930318853295
ROD_01521_1-824	-1	0.038718831917577745	0.0	0.5046103481716193	0.022129898352599042	0.6830736110906441	1.0274521551608737	0.26562736269449116	0.2517818080646592	0.19261892342383224	0.20592738419832957	0.3401064669287319	0.2350181351061107
STMMW_01951_1-824	-1	0.46589151625404157	0.5046103481716193	0.0	0.5267402465242184	0.1784632629190248	0.5228418069892544	0.23898298547712815	0.7563921562362785	0.6972292715954516	0.29868296397328975	0.1645038812428874	0.2695922130655086
SEN0194_1-824	-1	0.06084873027017679	0.022129898352599042	0.5267402465242184	0.0	0.7052035094432432	1.0495820535134728	0.2877572610470902	0.22965190971206018	0.1704890250712332	0.2280572825509286	0.36223636528133096	0.25714803345870973
SL1344_0190_1-824	-1	0.6443547791730664	0.6830736110906441	0.1784632629190248	0.7052035094432432	0.0	0.3443785440702296	0.41744624839615296	0.9348554191553033	0.8756925345144764	0.47714622689231456	0.3429671441619122	0.44805547598453344
CS17_00158_1-809	-1	0.988733323243296	1.0274521551608737	0.5228418069892544	1.0495820535134728	0.3443785440702296	0.0	0.7618247924663826	1.279233963225533	1.220071078584706	0.8215247709625442	0.6873456882321418	0.792434020054763
NCTC13441_03832_1-809	-1	0.22690853077691342	0.26562736269449116	0.23898298547712815	0.2877572610470902	0.41744624839615296	0.7618247924663826	0.0	0.5174091707591504	0.4582462861183234	0.0596999784961616	0.07447910423424076	0.030609227588380472
t0197_1-813	-1	0.29050063998223696	0.2517818080646592	0.7563921562362785	0.22965190971206018	0.9348554191553033	1.279233963225533	0.5174091707591504	0.0	0.059162884640826974	0.4577091922629888	0.5918882749933911	0.4867999431707699
Ecoli9000q_42010_1-824	-1	0.23133775534141	0.19261892342383224	0.6972292715954516	0.1704890250712332	0.8756925345144764	1.220071078584706	0.4582462861183234	0.059162884640826974	0.0	0.3985463076221618	0.5327253903525642	0.42763705852994294
STM_MW01951_1-824	-1	0.16720855228075182	0.20592738419832957	0.29868296397328975	0.2280572825509286	0.47714622689231456	0.8215247709625442	0.0596999784961616	0.4577091922629888	0.3985463076221618	0.0	0.13417908273040235	0.029090750907781127
ETEC_0144_1-809	-1	0.3013876350111542	0.3401064669287319	0.1645038812428874	0.36223636528133096	0.3429671441619122	0.6873456882321418	0.07447910423424076	0.5918882749933911	0.5327253903525642	0.13417908273040235	0.0	0.10508833182262123
BN373_06381_1-809	-1	0.19629930318853295	0.2350181351061107	0.2695922130655086	0.25714803345870973	0.44805547598453344	0.792434020054763	0.030609227588380472	0.4867999431707699	0.42763705852994294	0.029090750907781127	0.10508833182262123	0.0
