b1489_1-799	-1	-1	-1	-1	-1	-1	-1	-1	-1	-1	-1	-1	-1	-1	-1	-1	-1	-1	-1	-1	-1	-1	-1	-1	-1	-1	-1	-1	-1	-1
STMMW_16991_2-660	-1	0.0	0.002719722685457282	0.004888783694200927	0.20756600682279808	1.019451511015692	0.1502555091306687	0.23544921401943747	0.11997452412687798	-1	-1	0.04071180761278287	0.3448400163857936	0.050381056758511955	0.07680940320345991	0.2088791501271015	0.3297079191603813	0.1051700286652153	0.16770783864751243	0.273368418767383	-1	0.6016909709445841	0.4544880134757799	0.5498460196449324	0.4612073092355547	0.47506472886449364	0.2227010632071506	0.12621956920301453	0.1345193179220841	0.3264078927562511
NCTC13441_02477_1-662	-1	0.002719722685457282	0.0	0.007608506379658209	0.21028572950825536	1.0221712337011493	0.152975231816126	0.23816893670489475	0.12269424681233526	-1	-1	0.03799208492732559	0.3475597390712509	0.05310077944396924	0.0795291258889172	0.2115988728125588	0.33242764184583856	0.10245030597975802	0.1704275613329697	0.2760881414528403	-1	0.6044106936300413	0.45720773616123717	0.5525657423303898	0.463927031921012	0.4777844515499509	0.2254207858926079	0.1289392918884718	0.13723904060754138	0.3291276154417084
CS17_01650_1-799	-1	0.004888783694200927	0.007608506379658209	0.0	0.20267722312859715	1.0145627273214912	0.14536672543646778	0.23056043032523654	0.11508574043267705	-1	-1	0.045600591306983795	0.33995123269159266	0.04549227306431103	0.07192061950925899	0.20399036643290058	0.32481913546618035	0.11005881235941622	0.1628190549533115	0.26847963507318207	-1	0.5968021872503831	0.44959922978157896	0.5449572359507315	0.45631852554135377	0.4701759451702927	0.21781227951294968	0.1213307855088136	0.12963053422788318	0.32151910906205017
SEN1329_2-660	-1	0.20756600682279808	0.21028572950825536	0.20267722312859715	0.0	0.811885504192894	0.05731049769212937	0.027883207196639392	0.0875914826959201	-1	-1	0.24827781443558095	0.1372740095629955	0.15718495006428612	0.13075660361933816	0.0013131433043034324	0.1221419123375832	0.3127360354880134	0.039858168175285646	0.06580241194458492	-1	0.394124964121786	0.2469220066529818	0.3422800128221344	0.2536413024127566	0.26749872204169556	0.01513505638435253	0.08134643761978355	0.07304668890071397	0.11884188593345302
ROD_15471_1-801	-1	1.019451511015692	1.0221712337011493	1.0145627273214912	0.811885504192894	0.0	0.8691960018850233	0.7840022969962546	0.8994769868888141	-1	-1	1.060163318628475	0.6746114946298984	0.9690704542571801	0.9426421078122321	0.8105723608885905	0.6897435918553108	1.1246215396809074	0.8517436723681796	0.746083092248309	-1	0.41776054007110797	0.5649634975399122	0.4696054913707596	0.5582442017801373	0.5443867821511984	0.7967504478085414	0.8932319418126775	0.8849321930936079	0.6930436182594409
ETEC_1559_1-799	-1	0.1502555091306687	0.152975231816126	0.14536672543646778	0.05731049769212937	0.8691960018850233	0.0	0.08519370488876876	0.030280985003790728	-1	-1	0.19096731674345158	0.19458450725512488	0.09987445237215675	0.0734461059272088	0.0586236409964328	0.17945241002971257	0.255425537795884	0.017452329516843723	0.12311290963671428	-1	0.45143546181391536	0.3042325043451112	0.39959051051426375	0.310951800104886	0.3248092197338249	0.0724455540764819	0.024035939927654182	0.015736191208584605	0.1761523836255824
t1616_2-660	-1	0.23544921401943747	0.23816893670489475	0.23056043032523654	0.027883207196639392	0.7840022969962546	0.08519370488876876	0.0	0.11547468989255949	-1	-1	0.27616102163222034	0.10939080236635612	0.18506815726092551	0.15863981081597756	0.02657006389233596	0.09425870514094381	0.34061924268465277	0.06774137537192504	0.03791920474794552	-1	0.3662417569251466	0.21903879945634241	0.314396805625495	0.22575809521611723	0.23961551484505617	0.012748150812286863	0.10922964481642294	0.10092989609735337	0.09095867873681363
CS17_01471_1-662	-1	0.11997452412687798	0.12269424681233526	0.11508574043267705	0.0875914826959201	0.8994769868888141	0.030280985003790728	0.11547468989255949	0.0	-1	-1	0.16068633173966085	0.2248654922589156	0.06959346736836602	0.043165120923418066	0.08890462600022353	0.2097333950335033	0.22514455279209328	0.04773331452063445	0.153393894640505	-1	0.4817164468177061	0.3345134893489019	0.4298714955180545	0.3412327851086767	0.35509020473761566	0.10272653908027263	0.006245045076136546	0.014544793795206123	0.20643336862937312
b2067_1-459	-1	-1	-1	-1	-1	-1	-1	-1	-1	-1	-1	-1	-1	-1	-1	-1	-1	-1	-1	-1	-1	-1	-1	-1	-1	-1	-1	-1	-1	-1
b2067_515-1105	-1	-1	-1	-1	-1	-1	-1	-1	-1	-1	-1	-1	-1	-1	-1	-1	-1	-1	-1	-1	-1	-1	-1	-1	-1	-1	-1	-1	-1	-1
STM_MW21551_1-996	-1	0.04071180761278287	0.03799208492732559	0.045600591306983795	0.24827781443558095	1.060163318628475	0.19096731674345158	0.27616102163222034	0.16068633173966085	-1	-1	0.0	0.38555182399857646	0.09109286437129482	0.11752121081624278	0.24959095773988438	0.37041972677316415	0.06445822105243243	0.2084196462602953	0.31408022638016586	-1	0.6424027785573669	0.49519982108856275	0.5905578272577153	0.5019191168483376	0.5157765364772765	0.2634128708199335	0.1669313768157974	0.17523112553486697	0.36711970036903396
ROD_22031_1-990	-1	0.3448400163857936	0.3475597390712509	0.33995123269159266	0.1372740095629955	0.6746114946298984	0.19458450725512488	0.10939080236635612	0.2248654922589156	-1	-1	0.38555182399857646	0.0	0.29445895962728164	0.2680306131823337	0.13596086625869208	0.015132097225412311	0.4500100450510089	0.17713217773828116	0.0714715976184106	-1	0.2568509545587905	0.1096479970899863	0.20500600325913887	0.1163672928497611	0.13022471247870004	0.12213895317864298	0.21862044718277907	0.2103206984637095	0.018432123629542496
NCTC13441_02346_1-799	-1	0.050381056758511955	0.05310077944396924	0.04549227306431103	0.15718495006428612	0.9690704542571801	0.09987445237215675	0.18506815726092551	0.06959346736836602	-1	-1	0.09109286437129482	0.29445895962728164	0.0	0.02642834644494796	0.15849809336858955	0.2793268624018693	0.15555108542372725	0.11732678188900048	0.22298736200887104	-1	0.5513099141860721	0.40410695671726793	0.4994649628864205	0.41082625247704274	0.4246836721059817	0.17232000644863865	0.07583851244450257	0.08413826116357215	0.27602683599773914
Ecoli9000q_3130_1-662	-1	0.07680940320345991	0.0795291258889172	0.07192061950925899	0.13075660361933816	0.9426421078122321	0.0734461059272088	0.15863981081597756	0.043165120923418066	-1	-1	0.11752121081624278	0.2680306131823337	0.02642834644494796	0.0	0.1320697469236416	0.25289851595692137	0.1819794318686752	0.09089843544405252	0.19655901556392308	-1	0.5248815677411242	0.37767861027231997	0.47303661644147255	0.3843979060320948	0.3982553256610337	0.1458916600036907	0.04941016599955461	0.05770991471862419	0.24959848955279118
SEN2119_1-996	-1	0.2088791501271015	0.2115988728125588	0.20399036643290058	0.0013131433043034324	0.8105723608885905	0.0586236409964328	0.02657006389233596	0.08890462600022353	-1	-1	0.24959095773988438	0.13596086625869208	0.15849809336858955	0.1320697469236416	0.0	0.12082876903327977	0.3140491787923168	0.04117131147958908	0.06448926864028148	-1	0.39281182081748256	0.24560886334867837	0.34096686951783095	0.2523281591084532	0.2661855787373921	0.013821913080049097	0.08265958092408698	0.0743598322050174	0.11752874262914959
SL1344_2100_1-996	-1	0.3297079191603813	0.33242764184583856	0.32481913546618035	0.1221419123375832	0.6897435918553108	0.17945241002971257	0.09425870514094381	0.2097333950335033	-1	-1	0.37041972677316415	0.015132097225412311	0.2793268624018693	0.25289851595692137	0.12082876903327977	0.0	0.4348779478255966	0.16200008051286885	0.05633950039299829	-1	0.2719830517842028	0.1247800943153986	0.22013810048455118	0.13149939007517342	0.14535680970411236	0.10700685595323067	0.20348834995736675	0.19518860123829718	0.0033000264041301852
STM_MW16991_2-661	-1	0.1051700286652153	0.10245030597975802	0.11005881235941622	0.3127360354880134	1.1246215396809074	0.255425537795884	0.34061924268465277	0.22514455279209328	-1	-1	0.06445822105243243	0.4500100450510089	0.15555108542372725	0.1819794318686752	0.3140491787923168	0.4348779478255966	0.0	0.27287786731272773	0.3785384474325983	-1	0.7068609996097994	0.5596580421409951	0.6550160483101477	0.5663773379007699	0.5802347575297089	0.3278710918723659	0.23138959786822982	0.2396893465872994	0.4315779214214664
t0749_1-996	-1	0.16770783864751243	0.1704275613329697	0.1628190549533115	0.039858168175285646	0.8517436723681796	0.017452329516843723	0.06774137537192504	0.04773331452063445	-1	-1	0.2084196462602953	0.17713217773828116	0.11732678188900048	0.09089843544405252	0.04117131147958908	0.16200008051286885	0.27287786731272773	0.0	0.10566058011987056	-1	0.43398313229707164	0.28678017482826745	0.38213818099742003	0.29349947058804227	0.3073568902169812	0.054993224559638176	0.041488269444497905	0.03318852072542833	0.15870005410873866
SL1344_1634_2-660	-1	0.273368418767383	0.2760881414528403	0.26847963507318207	0.06580241194458492	0.746083092248309	0.12311290963671428	0.03791920474794552	0.153393894640505	-1	-1	0.31408022638016586	0.0714715976184106	0.22298736200887104	0.19655901556392308	0.06448926864028148	0.05633950039299829	0.3785384474325983	0.10566058011987056	0.0	-1	0.3283225521772011	0.1811195947083969	0.27647760087754947	0.1878388904681717	0.20169631009711064	0.050667355560232386	0.14714884956436847	0.1388491008452989	0.0530394739888681
b1285_1-661	-1	-1	-1	-1	-1	-1	-1	-1	-1	-1	-1	-1	-1	-1	-1	-1	-1	-1	-1	-1	-1	-1	-1	-1	-1	-1	-1	-1	-1	-1
ETEC_2210_1-459	-1	0.6016909709445841	0.6044106936300413	0.5968021872503831	0.394124964121786	0.41776054007110797	0.45143546181391536	0.3662417569251466	0.4817164468177061	-1	-1	0.6424027785573669	0.2568509545587905	0.5513099141860721	0.5248815677411242	0.39281182081748256	0.2719830517842028	0.7068609996097994	0.43398313229707164	0.3283225521772011	-1	0.0	0.14720295746880419	0.05184495129965161	0.14048366170902937	0.12662624208009043	0.37898990773743346	0.47547140174156954	0.46717165302249997	0.275283078188333
ETEC_2210_515-1105	-1	0.4544880134757799	0.45720773616123717	0.44959922978157896	0.2469220066529818	0.5649634975399122	0.3042325043451112	0.21903879945634241	0.3345134893489019	-1	-1	0.49519982108856275	0.1096479970899863	0.40410695671726793	0.37767861027231997	0.24560886334867837	0.1247800943153986	0.5596580421409951	0.28678017482826745	0.1811195947083969	-1	0.14720295746880419	0.0	0.09535800616915258	0.006719295759774813	0.02057671538871375	0.23178695026862928	0.32826844427276536	0.3199686955536958	0.1280801207195288
ROD_17141_1-667	-1	0.5498460196449324	0.5525657423303898	0.5449572359507315	0.3422800128221344	0.4696054913707596	0.39959051051426375	0.314396805625495	0.4298714955180545	-1	-1	0.5905578272577153	0.20500600325913887	0.4994649628864205	0.47303661644147255	0.34096686951783095	0.22013810048455118	0.6550160483101477	0.38213818099742003	0.27647760087754947	-1	0.05184495129965161	0.09535800616915258	0.0	0.08863871040937776	0.07478129078043882	0.32714495643778185	0.42362645044191793	0.41532670172284836	0.22343812688868137
CS17_02308_1-459	-1	0.4612073092355547	0.463927031921012	0.45631852554135377	0.2536413024127566	0.5582442017801373	0.310951800104886	0.22575809521611723	0.3412327851086767	-1	-1	0.5019191168483376	0.1163672928497611	0.41082625247704274	0.3843979060320948	0.2523281591084532	0.13149939007517342	0.5663773379007699	0.29349947058804227	0.1878388904681717	-1	0.14048366170902937	0.006719295759774813	0.08863871040937776	0.0	0.013857419628938938	0.2385062460284041	0.33498774003254017	0.3266879913134706	0.1347994164793036
CS17_02308_515-1105	-1	0.47506472886449364	0.4777844515499509	0.4701759451702927	0.26749872204169556	0.5443867821511984	0.3248092197338249	0.23961551484505617	0.35509020473761566	-1	-1	0.5157765364772765	0.13022471247870004	0.4246836721059817	0.3982553256610337	0.2661855787373921	0.14535680970411236	0.5802347575297089	0.3073568902169812	0.20169631009711064	-1	0.12662624208009043	0.02057671538871375	0.07478129078043882	0.013857419628938938	0.0	0.25236366565734303	0.3488451596614791	0.34054541094240953	0.14865683610824254
STMMW_21551_1-996	-1	0.2227010632071506	0.2254207858926079	0.21781227951294968	0.01513505638435253	0.7967504478085414	0.0724455540764819	0.012748150812286863	0.10272653908027263	-1	-1	0.2634128708199335	0.12213895317864298	0.17232000644863865	0.1458916600036907	0.013821913080049097	0.10700685595323067	0.3278710918723659	0.054993224559638176	0.050667355560232386	-1	0.37898990773743346	0.23178695026862928	0.32714495643778185	0.2385062460284041	0.25236366565734303	0.0	0.09648149400413608	0.0881817452850665	0.10370682954910049
NCTC13441_01644_1-459	-1	0.12621956920301453	0.1289392918884718	0.1213307855088136	0.08134643761978355	0.8932319418126775	0.024035939927654182	0.10922964481642294	0.006245045076136546	-1	-1	0.1669313768157974	0.21862044718277907	0.07583851244450257	0.04941016599955461	0.08265958092408698	0.20348834995736675	0.23138959786822982	0.041488269444497905	0.14714884956436847	-1	0.47547140174156954	0.32826844427276536	0.42362645044191793	0.33498774003254017	0.3488451596614791	0.09648149400413608	0.0	0.008299748719069577	0.20018832355323657
NCTC13441_01644_515-1105	-1	0.1345193179220841	0.13723904060754138	0.12963053422788318	0.07304668890071397	0.8849321930936079	0.015736191208584605	0.10092989609735337	0.014544793795206123	-1	-1	0.17523112553486697	0.2103206984637095	0.08413826116357215	0.05770991471862419	0.0743598322050174	0.19518860123829718	0.2396893465872994	0.03318852072542833	0.1388491008452989	-1	0.46717165302249997	0.3199686955536958	0.41532670172284836	0.3266879913134706	0.34054541094240953	0.0881817452850665	0.008299748719069577	0.0	0.191888574834167
ETEC_1389_1-661	-1	0.3264078927562511	0.3291276154417084	0.32151910906205017	0.11884188593345302	0.6930436182594409	0.1761523836255824	0.09095867873681363	0.20643336862937312	-1	-1	0.36711970036903396	0.018432123629542496	0.27602683599773914	0.24959848955279118	0.11752874262914959	0.0033000264041301852	0.4315779214214664	0.15870005410873866	0.0530394739888681	-1	0.275283078188333	0.1280801207195288	0.22343812688868137	0.1347994164793036	0.14865683610824254	0.10370682954910049	0.20018832355323657	0.191888574834167	0.0
