SL1344_0245_1-134	0.0	-1	1.0207761741953592	0.7406974088527563	0.5179383226984102	0.19728253553024144	0.6014866656525721	0.12309005296639852	0.4977034122827195	0.32883817409426785	0.2585391655329228	0.37827697656604986	0.024074082905316985	0.8422764895040129
b0196_1-134	-1	-1	-1	-1	-1	-1	-1	-1	-1	-1	-1	-1	-1	-1
Ecoli9000q_42510_1-117	1.0207761741953592	-1	0.0	0.2800787653426029	0.5028378514969489	0.8234936386651177	0.419289508542787	0.8976861212289606	0.5230727619126396	0.6919380001010913	0.7622370086624364	0.6424991976293093	1.0448502571006761	1.863052663699372
ROD_02061_1-134	0.7406974088527563	-1	0.2800787653426029	0.0	0.22275908615434603	0.5434148733225148	0.13921074320018412	0.6176073558863577	0.24299399657003673	0.4118592347584884	0.4821582433198335	0.3624204322867064	0.7647714917580732	1.5829738983567692
t0247_1-134	0.5179383226984102	-1	0.5028378514969489	0.22275908615434603	0.0	0.3206557871681688	0.08354834295416191	0.3948482697320117	0.0202349104156907	0.18910014860414237	0.25939915716548745	0.13966134613236036	0.5420124056037272	1.3602148122024231
SEN0252_1-134	0.19728253553024144	-1	0.8234936386651177	0.5434148733225148	0.3206557871681688	0.0	0.4042041301223307	0.07419248256384292	0.3004208767524781	0.1315556385640264	0.061256630002681334	0.18099444103580842	0.22135661843555843	1.0395590250342543
ETEC_0192_1-134	0.6014866656525721	-1	0.419289508542787	0.13921074320018412	0.08354834295416191	0.4042041301223307	0.0	0.4783966126861736	0.10378325336985261	0.2726484915583043	0.34294750011964936	0.22320968908652228	0.6255607485578891	1.443763155156585
STM_MW02501_1-134	0.12309005296639852	-1	0.8976861212289606	0.6176073558863577	0.3948482697320117	0.07419248256384292	0.4783966126861736	0.0	0.374613359316321	0.20574812112786933	0.13544911256652425	0.25518692359965134	0.1471641358717155	0.9653665424704114
ERS227112_02552_1-135	0.4977034122827195	-1	0.5230727619126396	0.24299399657003673	0.0202349104156907	0.3004208767524781	0.10378325336985261	0.374613359316321	0.0	0.16886523818845167	0.23916424674979675	0.11942643571666967	0.5217774951880365	1.3399799017867324
BN373_07011_1-135	0.32883817409426785	-1	0.6919380001010913	0.4118592347584884	0.18910014860414237	0.1315556385640264	0.2726484915583043	0.20574812112786933	0.16886523818845167	0.0	0.07029900856134508	0.049438802471782006	0.35291225699958484	1.1711146635982808
NCTC13441_03779_1-134	0.2585391655329228	-1	0.7622370086624364	0.4821582433198335	0.25939915716548745	0.061256630002681334	0.34294750011964936	0.13544911256652425	0.23916424674979675	0.07029900856134508	0.0	0.11973781103312708	0.28261324843823976	1.1008156550369357
ENC_47180_1-134	0.37827697656604986	-1	0.6424991976293093	0.3624204322867064	0.13966134613236036	0.18099444103580842	0.22320968908652228	0.25518692359965134	0.11942643571666967	0.049438802471782006	0.11973781103312708	0.0	0.40235105947136685	1.2205534660700628
STMMW_02501_1-134	0.024074082905316985	-1	1.0448502571006761	0.7647714917580732	0.5420124056037272	0.22135661843555843	0.6255607485578891	0.1471641358717155	0.5217774951880365	0.35291225699958484	0.28261324843823976	0.40235105947136685	0.0	0.8182024065986959
CS17_00207_1-134	0.8422764895040129	-1	1.863052663699372	1.5829738983567692	1.3602148122024231	1.0395590250342543	1.443763155156585	0.9653665424704114	1.3399799017867324	1.1711146635982808	1.1008156550369357	1.2205534660700628	0.8182024065986959	0.0
