CS17_00908_1-561	0.0	0.1980584677596	0.06454138626131001	0.20211234093413988	0.32937873024834996	0.14775247431329985	0.4922135410797399	0.6139127990409299	0.40203328236659	0.5999538202771799	0.40088016272660987	0.14382985730168985	0.0041112760373498425	0.04773170029982987	-1	-1	0.03000496064551994	0.07062954971503999	0.01822508522696986	0.4776062791095099	0.7082261115191989	0.40156030731361003	0.4988223669865699	0.49492050350930983	0.40895552218778985
ETEC_0914_1-561	0.1980584677596	0.0	0.13351708149829	0.004053873174539868	0.13132026248874995	0.05030599344630016	0.2941550733201399	0.41585433128132987	0.20397481460698996	0.4018953525175799	0.20282169496700986	0.054228610457910165	0.19394719172225017	0.15032676745977014	-1	-1	0.16805350711408007	0.12742891804456002	0.17983338253263015	0.2795478113499099	0.5101676437595989	0.59961877507321	0.3007638992269699	0.2968620357497098	0.21089705442818985
SL1344_3774_1-553	0.06454138626131001	0.13351708149829	0.0	0.13757095467282987	0.26483734398703995	0.08321108805198985	0.4276721548184299	0.5493714127796199	0.33749189610527996	0.5354124340158699	0.33633877646529986	0.07928847104037984	0.060430110223960165	0.016809685961480136	-1	-1	0.03453642561579007	0.006088163453729978	0.046316301034340146	0.4130648928481999	0.6436847252578889	0.46610169357492004	0.4342809807252599	0.4303791172479998	0.34441413592647985
BN373_47321_1-553	0.20211234093413988	0.004053873174539868	0.13757095467282987	0.0	0.12726638931421008	0.054359866620840025	0.29010120014560004	0.41180045810679	0.1999209414324501	0.39784147934304004	0.19876782179247	0.05828248363245003	0.19800106489679004	0.15438064063431	-1	-1	0.17210738028861994	0.1314827912190999	0.18388725570717002	0.27549393817537005	0.506113770585059	0.6036726482477499	0.29671002605243	0.29280816257516995	0.20684318125364998
STM_MW37971_1-553	0.32937873024834996	0.13132026248874995	0.26483734398703995	0.12726638931421008	0.0	0.1816262559350501	0.16283481083138995	0.2845340687925799	0.07265455211824001	0.27057509002882996	0.07150143247825991	0.18554887294666011	0.3252674542110001	0.2816470299485201	-1	-1	0.29937376960283	0.25874918053331	0.3111536450213801	0.14822754886115996	0.37884738127084894	0.73093903756196	0.16944363673821994	0.16554177326095987	0.0795767919394399
NCTC13441_04831_1-553	0.14775247431329985	0.05030599344630016	0.08321108805198985	0.054359866620840025	0.1816262559350501	0.0	0.34446106676644006	0.46616032472763	0.2542808080532901	0.45220134596388006	0.25312768841331	0.003922617011610008	0.14364119827595	0.10002077401346998	-1	-1	0.11774751366777991	0.07712292459825987	0.12952738908633	0.32985380479621007	0.560473637205899	0.5493127816269099	0.35106989267327005	0.34716802919601	0.26120304787449
SEN0816_1-561	0.4922135410797399	0.2941550733201399	0.4276721548184299	0.29010120014560004	0.16283481083138995	0.34446106676644006	0.0	0.12169925796118997	0.09018025871314994	0.10774027919744	0.09133337835313005	0.34838368377805007	0.48810226504239007	0.44448184077991004	-1	-1	0.46220858043422	0.42158399136469993	0.47398845585277005	0.01460726197022999	0.21601257043945898	0.89377384839335	0.006608825906829985	0.0027069624295699146	0.08325801889195006
ERS227112_00487_1-553	0.6139127990409299	0.41585433128132987	0.5493714127796199	0.41180045810679	0.2845340687925799	0.46616032472763	0.12169925796118997	0.0	0.2118795166743399	0.013958978763749963	0.21303263631432	0.47008294173924003	0.60980152300358	0.5661810987411	-1	-1	0.5839078383954099	0.5432832493258899	0.59568771381396	0.13630651993141996	0.09431331247826902	1.01547310635454	0.11509043205435998	0.11899229553162005	0.20495727685314002
t3711_1-553	0.40203328236659	0.20397481460698996	0.33749189610527996	0.1999209414324501	0.07265455211824001	0.2542808080532901	0.09018025871314994	0.2118795166743399	0.0	0.19792053791058994	0.0011531196399801047	0.2582034250649001	0.39792200632924013	0.3543015820667601	-1	-1	0.37202832172107003	0.33140373265155	0.3838081971396201	0.07557299674291995	0.3061928291526089	0.8035935896802	0.09678908461997993	0.09288722114271986	0.006922239821199883
t2026_1-561	0.5999538202771799	0.4018953525175799	0.5354124340158699	0.39784147934304004	0.27057509002882996	0.45220134596388006	0.10774027919744	0.013958978763749963	0.19792053791058994	0.0	0.19907365755057005	0.45612396297549007	0.5958425442398301	0.55222211997735	-1	-1	0.56994885963166	0.5293242705621399	0.58172873505021	0.12234754116767	0.10827229124201898	1.00151412759079	0.10113145329061002	0.10503331676787009	0.19099829808939006
SEN3623_1-553	0.40088016272660987	0.20282169496700986	0.33633877646529986	0.19876782179247	0.07150143247825991	0.25312768841331	0.09133337835313005	0.21303263631432	0.0011531196399801047	0.19907365755057005	0.0	0.25705030542492	0.39676888668926	0.35314846242678	-1	-1	0.3708752020810899	0.3302506130115699	0.38265507749964	0.07672611638290006	0.30734594879258903	0.8024404700402199	0.09794220425996003	0.09404034078269996	0.008075359461179987
BN373_14931_1-561	0.14382985730168985	0.054228610457910165	0.07928847104037984	0.05828248363245003	0.18554887294666011	0.003922617011610008	0.34838368377805007	0.47008294173924003	0.2582034250649001	0.45612396297549007	0.25705030542492	0.0	0.13971858126434	0.09609815700185997	-1	-1	0.1138248966561699	0.07320030758664986	0.12560477207471998	0.3337764218078201	0.564396254217509	0.5453901646152999	0.35499250968488005	0.35109064620762	0.2651256648861
ETEC_3975_1-553	0.0041112760373498425	0.19394719172225017	0.060430110223960165	0.19800106489679004	0.3252674542110001	0.14364119827595	0.48810226504239007	0.60980152300358	0.39792200632924013	0.5958425442398301	0.39676888668926	0.13971858126434	0.0	0.04362042426248003	-1	-1	0.025893684608170098	0.06651827367769014	0.014113809189620019	0.4734950030721601	0.704114835481849	0.4056715833509599	0.49471109094922006	0.49080922747196	0.40484424615044
STMMW_37971_1-553	0.04773170029982987	0.15032676745977014	0.016809685961480136	0.15438064063431	0.2816470299485201	0.10002077401346998	0.44448184077991004	0.5661810987411	0.3543015820667601	0.55222211997735	0.35314846242678	0.09609815700185997	0.04362042426248003	0.0	-1	-1	0.01772673965430993	0.022897849415210114	0.02950661507286001	0.42987457880968005	0.660494411219369	0.4492920076134399	0.45109066668674	0.44718880320947996	0.36122382188796
b0847_1-561	-1	-1	-1	-1	-1	-1	-1	-1	-1	-1	-1	-1	-1	-1	-1	-1	-1	-1	-1	-1	-1	-1	-1	-1	-1
b3685_1-553	-1	-1	-1	-1	-1	-1	-1	-1	-1	-1	-1	-1	-1	-1	-1	-1	-1	-1	-1	-1	-1	-1	-1	-1	-1
ENC_03770_4-556	0.03000496064551994	0.16805350711408007	0.03453642561579007	0.17210738028861994	0.29937376960283	0.11774751366777991	0.46220858043422	0.5839078383954099	0.37202832172107003	0.56994885963166	0.3708752020810899	0.1138248966561699	0.025893684608170098	0.01772673965430993	-1	-1	0.0	0.040624589069520045	0.011779875418550079	0.44760131846399	0.678221150873679	0.43156526795913	0.46881740634104996	0.4649155428637899	0.3789505615422699
SL1344_0846_1-561	0.07062954971503999	0.12742891804456002	0.006088163453729978	0.1314827912190999	0.25874918053331	0.07712292459825987	0.42158399136469993	0.5432832493258899	0.33140373265155	0.5293242705621399	0.3302506130115699	0.07320030758664986	0.06651827367769014	0.022897849415210114	-1	-1	0.040624589069520045	0.0	0.052404464488070124	0.40697672939446994	0.6375965618041589	0.47218985702865	0.4281928172715299	0.42429095379426984	0.33832597247274987
CS17_04136_1-553	0.01822508522696986	0.17983338253263015	0.046316301034340146	0.18388725570717002	0.3111536450213801	0.12952738908633	0.47398845585277005	0.59568771381396	0.3838081971396201	0.58172873505021	0.38265507749964	0.12560477207471998	0.014113809189620019	0.02950661507286001	-1	-1	0.011779875418550079	0.052404464488070124	0.0	0.45938119388254006	0.690001026292229	0.4197853925405799	0.48059728175960004	0.47669541828233997	0.39073043696082
STM_MW09211_1-561	0.4776062791095099	0.2795478113499099	0.4130648928481999	0.27549393817537005	0.14822754886115996	0.32985380479621007	0.01460726197022999	0.13630651993141996	0.07557299674291995	0.12234754116767	0.07672611638290006	0.3337764218078201	0.4734950030721601	0.42987457880968005	-1	-1	0.44760131846399	0.40697672939446994	0.45938119388254006	0.0	0.23061983240968897	0.87916658642312	0.021216087877059975	0.017314224399799905	0.06865075692172007
NCTC13441_03147_1-561	0.7082261115191989	0.5101676437595989	0.6436847252578889	0.506113770585059	0.37884738127084894	0.560473637205899	0.21601257043945898	0.09431331247826902	0.3061928291526089	0.10827229124201898	0.30734594879258903	0.564396254217509	0.704114835481849	0.660494411219369	-1	-1	0.678221150873679	0.6375965618041589	0.690001026292229	0.23061983240968897	0.0	1.109786418832809	0.209403744532629	0.21330560800988907	0.29927058933140904
STMMW_09211_1-561	0.40156030731361003	0.59961877507321	0.46610169357492004	0.6036726482477499	0.73093903756196	0.5493127816269099	0.89377384839335	1.01547310635454	0.8035935896802	1.00151412759079	0.8024404700402199	0.5453901646152999	0.4056715833509599	0.4492920076134399	-1	-1	0.43156526795913	0.47218985702865	0.4197853925405799	0.87916658642312	1.109786418832809	0.0	0.9003826743001799	0.8964808108229199	0.8105158295013999
ERS227112_03363_1-561	0.4988223669865699	0.3007638992269699	0.4342809807252599	0.29671002605243	0.16944363673821994	0.35106989267327005	0.006608825906829985	0.11509043205435998	0.09678908461997993	0.10113145329061002	0.09794220425996003	0.35499250968488005	0.49471109094922006	0.45109066668674	-1	-1	0.46881740634104996	0.4281928172715299	0.48059728175960004	0.021216087877059975	0.209403744532629	0.9003826743001799	0.0	0.00390186347726007	0.08986684479878004
ROD_40411_1-553	0.49492050350930983	0.2968620357497098	0.4303791172479998	0.29280816257516995	0.16554177326095987	0.34716802919601	0.0027069624295699146	0.11899229553162005	0.09288722114271986	0.10503331676787009	0.09404034078269996	0.35109064620762	0.49080922747196	0.44718880320947996	-1	-1	0.4649155428637899	0.42429095379426984	0.47669541828233997	0.017314224399799905	0.21330560800988907	0.8964808108229199	0.00390186347726007	0.0	0.08596498132151997
ROD_08541_1-561	0.40895552218778985	0.21089705442818985	0.34441413592647985	0.20684318125364998	0.0795767919394399	0.26120304787449	0.08325801889195006	0.20495727685314002	0.006922239821199883	0.19099829808939006	0.008075359461179987	0.2651256648861	0.40484424615044	0.36122382188796	-1	-1	0.3789505615422699	0.33832597247274987	0.39073043696082	0.06865075692172007	0.29927058933140904	0.8105158295013999	0.08986684479878004	0.08596498132151997	0.0
