CS17_03325_1-359	0.0	0.03593917352584919	0.6627707735817043	0.27074309158738963	0.16417747481717027	0.3966249317575805	0.5678393653938825	0.4630088033543138	0.29812161350361777	0.15439133982541753	0.5040950560883242	-1	0.007388550115155823
STM_MW30731_2-361	0.03593917352584919	0.0	0.6268316000558551	0.23480391806154044	0.12823830129132108	0.3606857582317313	0.5319001918680333	0.42706962982846464	0.2621824399777686	0.11845216629956834	0.468155882562475	-1	0.028550623410693365
ERS227112_01268_2-361	0.6627707735817043	0.6268316000558551	0.0	0.3920276819943147	0.49859329876453407	0.2661458418241238	0.09493140818782186	0.1997619702273905	0.36464916007808656	0.5083794337562868	0.15867571749338016	-1	0.6553822234665485
ETEC_3153_1-359	0.27074309158738963	0.23480391806154044	0.3920276819943147	0.0	0.10656561677021936	0.12588184017019088	0.29709627380649284	0.1922657117669242	0.027378521916228138	0.1163517517619721	0.23335196450093454	-1	0.2633545414722338
SEN2955_2-361	0.16417747481717027	0.12823830129132108	0.49859329876453407	0.10656561677021936	0.0	0.23244745694041025	0.4036618905767122	0.29883132853714356	0.1339441386864475	0.009786134991752737	0.3399175812711539	-1	0.15678892470201444
ENC_32130_2-359	0.3966249317575805	0.3606857582317313	0.2661458418241238	0.12588184017019088	0.23244745694041025	0.0	0.17121443363630195	0.06638387159673331	0.09850331825396275	0.24223359193216298	0.10747012433074365	-1	0.3892363816424247
ROD_50241_1-360	0.5678393653938825	0.5319001918680333	0.09493140818782186	0.29709627380649284	0.4036618905767122	0.17121443363630195	0.0	0.10483056203956864	0.2697177518902647	0.41344802556846494	0.0637443093055583	-1	0.5604508152787266
NCTC13441_00785_1-359	0.4630088033543138	0.42706962982846464	0.1997619702273905	0.1922657117669242	0.29883132853714356	0.06638387159673331	0.10483056203956864	0.0	0.16488718985069606	0.3086174635288963	0.04108625273401034	-1	0.455620253239158
SL1344_3087_2-361	0.29812161350361777	0.2621824399777686	0.36464916007808656	0.027378521916228138	0.1339441386864475	0.09850331825396275	0.2697177518902647	0.16488718985069606	0.0	0.14373027367820024	0.2059734425847064	-1	0.29073306338846194
BN373_40511_1-360	0.15439133982541753	0.11845216629956834	0.5083794337562868	0.1163517517619721	0.009786134991752737	0.24223359193216298	0.41344802556846494	0.3086174635288963	0.14373027367820024	0.0	0.34970371626290664	-1	0.1470027897102617
t3025_2-361	0.5040950560883242	0.468155882562475	0.15867571749338016	0.23335196450093454	0.3399175812711539	0.10747012433074365	0.0637443093055583	0.04108625273401034	0.2059734425847064	0.34970371626290664	0.0	-1	0.49670650597316834
b2963_1-359	-1	-1	-1	-1	-1	-1	-1	-1	-1	-1	-1	-1	-1
STMMW_30731_2-361	0.007388550115155823	0.028550623410693365	0.6553822234665485	0.2633545414722338	0.15678892470201444	0.3892363816424247	0.5604508152787266	0.455620253239158	0.29073306338846194	0.1470027897102617	0.49670650597316834	-1	0.0
