STMMW_38401_1-296	0.0	0.5911326048939933	0.9279484029230105	0.9960391019785944	0.5501260368961978	2.223205865832308	1.764265491590054	1.4726863654120805	1.7671456557335188	-1	1.2025382557023867	1.4382203271203748	1.7176270180760576	1.4953594477330743
STM_MW38401_1-296	0.5911326048939933	0.0	0.3368157980290172	0.404906497084601	0.04100656799779556	1.632073260938315	1.1731328866960609	0.8815537605180872	1.1760130508395257	-1	0.6114056508083934	0.8470877222263815	1.1264944131820642	0.904226842839081
CS17_04176_1-296	0.9279484029230105	0.3368157980290172	0.0	0.06809069905558385	0.37782236602681274	1.2952574629092979	0.8363170886670436	0.54473796248907	0.8391972528105084	-1	0.2745898527793762	0.5102719241973643	0.789678615153047	0.5674110448100638
SEN3669_1-296	0.9960391019785944	0.404906497084601	0.06809069905558385	0.0	0.4459130650823966	1.227166763853714	0.7682263896114597	0.4766472634334862	0.7711065537549245	-1	0.20649915372379235	0.4421812251417805	0.7215879160974632	0.4993203457544799
SL1344_3822_1-296	0.5501260368961978	0.04100656799779556	0.37782236602681274	0.4459130650823966	0.0	1.6730798289361106	1.2141394546938562	0.9225603285158828	1.217019618837321	-1	0.6524122188061889	0.8880942902241771	1.1675009811798598	0.9452334108368765
ERS227112_00452_1-296	2.223205865832308	1.632073260938315	1.2952574629092979	1.227166763853714	1.6730798289361106	0.0	0.45894037424225426	0.7505195004202279	0.45606021009878944	-1	1.0206676101299217	0.7849855387119336	0.5055788477562508	0.7278464180992341
NCTC13441_04791_1-296	1.764265491590054	1.1731328866960609	0.8363170886670436	0.7682263896114597	1.2141394546938562	0.45894037424225426	0.0	0.29157912617797355	0.002880164143464814	-1	0.5617272358876674	0.32604516446967924	0.046638473513996526	0.2689060438569798
BN373_47671_1-296	1.4726863654120805	0.8815537605180872	0.54473796248907	0.4766472634334862	0.9225603285158828	0.7505195004202279	0.29157912617797355	0.0	0.29445929032143836	-1	0.27014810970969383	0.03446603829170569	0.24494065266397702	0.022673082320993743
Ecoli9000q_33440_1-296	1.7671456557335188	1.1760130508395257	0.8391972528105084	0.7711065537549245	1.217019618837321	0.45606021009878944	0.002880164143464814	0.29445929032143836	0.0	-1	0.5646074000311322	0.32892532861314405	0.04951863765746134	0.2717862080004446
b3726_1-296	-1	-1	-1	-1	-1	-1	-1	-1	-1	-1	-1	-1	-1	-1
ROD_40151_1-296	1.2025382557023867	0.6114056508083934	0.2745898527793762	0.20649915372379235	0.6524122188061889	1.0206676101299217	0.5617272358876674	0.27014810970969383	0.5646074000311322	-1	0.0	0.23568207141798814	0.5150887623736708	0.29282119203068757
ETEC_4017_1-296	1.4382203271203748	0.8470877222263815	0.5102719241973643	0.4421812251417805	0.8880942902241771	0.7849855387119336	0.32604516446967924	0.03446603829170569	0.32892532861314405	-1	0.23568207141798814	0.0	0.2794066909556827	0.057139120612699434
t3668_1-296	1.7176270180760576	1.1264944131820642	0.789678615153047	0.7215879160974632	1.1675009811798598	0.5055788477562508	0.046638473513996526	0.24494065266397702	0.04951863765746134	-1	0.5150887623736708	0.2794066909556827	0.0	0.22226757034298328
ENC_04070_1-296	1.4953594477330743	0.904226842839081	0.5674110448100638	0.4993203457544799	0.9452334108368765	0.7278464180992341	0.2689060438569798	0.022673082320993743	0.2717862080004446	-1	0.29282119203068757	0.057139120612699434	0.22226757034298328	0.0
