t0599_1-353	0.0	0.270021937333771	1.163723294828994	0.5381026564369391	0.46701835295607613	0.45416544071088766	-1	0.49585689669578165	0.9791538690658981	0.2344582124806298	0.6583518963272019	0.3276219756251997	0.412338664557017	0.7019821422504104
STM_MW22901_1-354	0.270021937333771	0.0	0.8937013574952231	0.26808071910316805	0.19699641562230513	0.18414350337711666	-1	0.22583495936201065	0.7091319317321272	0.03556372485314119	0.38832995899343087	0.05760003829142868	0.142316727223246	0.4319602049166395
ERS227112_00587_1-350	1.163723294828994	0.8937013574952231	0.0	0.625620638392055	0.6967049418729179	0.7095578541181063	-1	0.6678663981332124	0.18456942576309587	0.9292650823483641	0.5053713985017921	0.8361013192037943	0.751384630271977	0.4617411525785835
CS17_02463_1-354	0.5381026564369391	0.26808071910316805	0.625620638392055	0.0	0.07108430348086292	0.0839372157260514	-1	0.04224575974115741	0.4410512126289591	0.30364444395630924	0.12024923989026282	0.21048068081173937	0.12576399187992204	0.16387948581347145
ROD_23461_1-354	0.46701835295607613	0.19699641562230513	0.6967049418729179	0.07108430348086292	0.0	0.012852912245188475	-1	0.028838543739705513	0.512135516109822	0.23256014047544632	0.19133354337112574	0.13939637733087645	0.05467968839905912	0.23496378929433437
BN373_32391_1-354	0.45416544071088766	0.18414350337711666	0.7095578541181063	0.0839372157260514	0.012852912245188475	0.0	-1	0.04169145598489399	0.5249884283550105	0.21970722823025784	0.2041864556163142	0.12654346508568798	0.04182677615387065	0.24781670153952284
b2213_1-354	-1	-1	-1	-1	-1	-1	-1	-1	-1	-1	-1	-1	-1	-1
NCTC13441_01495_1-354	0.49585689669578165	0.22583495936201065	0.6678663981332124	0.04224575974115741	0.028838543739705513	0.04169145598489399	-1	0.0	0.4832969723701165	0.26139868421515183	0.16249499963142022	0.16823492107058197	0.08351823213876464	0.20612524555462886
BN373_46341_1-350	0.9791538690658981	0.7091319317321272	0.18456942576309587	0.4410512126289591	0.512135516109822	0.5249884283550105	-1	0.4832969723701165	0.0	0.7446956565852683	0.32080197273869626	0.6515318934406984	0.5668152045088811	0.27717172681548763
SEN2248_1-353	0.2344582124806298	0.03556372485314119	0.9292650823483641	0.30364444395630924	0.23256014047544632	0.21970722823025784	-1	0.26139868421515183	0.7446956565852683	0.0	0.42389368384657206	0.09316376314456987	0.1778804520763872	0.4675239297697807
ENC_39710_1-352	0.6583518963272019	0.38832995899343087	0.5053713985017921	0.12024923989026282	0.19133354337112574	0.2041864556163142	-1	0.16249499963142022	0.32080197273869626	0.42389368384657206	0.0	0.3307299207020022	0.24601323177018486	0.04363024592320863
STMMW_22901_1-353	0.3276219756251997	0.05760003829142868	0.8361013192037943	0.21048068081173937	0.13939637733087645	0.12654346508568798	-1	0.16823492107058197	0.6515318934406984	0.09316376314456987	0.3307299207020022	0.0	0.08471668893181733	0.3743601666252108
ERS227112_03946_1-354	0.412338664557017	0.142316727223246	0.751384630271977	0.12576399187992204	0.05467968839905912	0.04182677615387065	-1	0.08351823213876464	0.5668152045088811	0.1778804520763872	0.24601323177018486	0.08471668893181733	0.0	0.2896434776933935
SL1344_2235_1-353	0.7019821422504104	0.4319602049166395	0.4617411525785835	0.16387948581347145	0.23496378929433437	0.24781670153952284	-1	0.20612524555462886	0.27717172681548763	0.4675239297697807	0.04363024592320863	0.3743601666252108	0.2896434776933935	0.0
