CS17_01248_1-179	0.0	5.1549213844814705	0.7084506298614199	0.9769943286825469	0.9336675704301629	0.61318415419365	1.051905161113213	0.77034426907554	0.9981079022687689	0.8904238857346739	1.0192910901070689	1.26585324293992	0.8858644413172909
b1110_1-179	5.1549213844814705	0.0	5.86337201434289	6.131915713164017	6.088588954911633	5.76810553867512	6.206826545594683	5.92526565355701	6.153029286750239	6.045345270216144	6.174212474588539	6.42077462742139	6.0407858257987606
SL1344_1149_1-179	0.7084506298614199	5.86337201434289	0.0	0.26854369882112694	0.22521694056874297	0.09526647566776991	0.34345453125179304	0.061893639214120055	0.28965727240734895	0.18197325587325397	0.31084046024564893	0.5574026130785	0.17741381145587098
SEN1837_1-179	0.9769943286825469	6.131915713164017	0.26854369882112694	0.0	0.04332675825238397	0.36381017448889685	0.0749108324306661	0.2066500596070069	0.021113573586222012	0.08657044294787297	0.04229676142452199	0.2888589142573731	0.09112988736525596
STM_MW12211_1-179	0.9336675704301629	6.088588954911633	0.22521694056874297	0.04332675825238397	0.0	0.3204834162365129	0.11823759068305006	0.16332330135462292	0.06444033183860598	0.043243684695489004	0.08562351967690596	0.33218567250975706	0.04780312911287199
BN373_17211_1-179	0.61318415419365	5.76810553867512	0.09526647566776991	0.36381017448889685	0.3204834162365129	0.0	0.43872100691956295	0.15716011488188997	0.38492374807511887	0.2772397315410239	0.40610693591341884	0.6526690887462699	0.2726802871236409
ROD_11731_1-179	1.051905161113213	6.206826545594683	0.34345453125179304	0.0749108324306661	0.11823759068305006	0.43872100691956295	0.0	0.281560892037673	0.053797258844444085	0.16148127537853907	0.03261407100614411	0.213948081826707	0.16604071979592205
ETEC_1175_1-179	0.77034426907554	5.92526565355701	0.061893639214120055	0.2066500596070069	0.16332330135462292	0.15716011488188997	0.281560892037673	0.0	0.2277636331932289	0.12007961665913391	0.24894682103152888	0.49550897386438	0.11552017224175093
ERS227112_03585_1-179	0.9981079022687689	6.153029286750239	0.28965727240734895	0.021113573586222012	0.06444033183860598	0.38492374807511887	0.053797258844444085	0.2277636331932289	0.0	0.10768401653409498	0.021183187838299977	0.2677453406711511	0.11224346095147797
STMMW_12211_1-179	0.8904238857346739	6.045345270216144	0.18197325587325397	0.08657044294787297	0.043243684695489004	0.2772397315410239	0.16148127537853907	0.12007961665913391	0.10768401653409498	0.0	0.12886720437239496	0.37542935720524606	0.004559444417382985
ENC_15280_1-175	1.0192910901070689	6.174212474588539	0.31084046024564893	0.04229676142452199	0.08562351967690596	0.40610693591341884	0.03261407100614411	0.24894682103152888	0.021183187838299977	0.12886720437239496	0.0	0.2465621528328511	0.13342664878977795
t1708_1-179	1.26585324293992	6.42077462742139	0.5574026130785	0.2888589142573731	0.33218567250975706	0.6526690887462699	0.213948081826707	0.49550897386438	0.2677453406711511	0.37542935720524606	0.2465621528328511	0.0	0.37998880162262905
NCTC13441_02802_1-179	0.8858644413172909	6.0407858257987606	0.17741381145587098	0.09112988736525596	0.04780312911287199	0.2726802871236409	0.16604071979592205	0.11552017224175093	0.11224346095147797	0.004559444417382985	0.13342664878977795	0.37998880162262905	0.0
