STMMW_44541_2-333	0.0	0.9417248759404723	0.24135154840496828	0.19154076620744856	0.14957234394841218	0.9875096251421271	0.5205536928045298	0.270659220553701	0.12177964209167354	0.49498737844824753	0.07982445717105746	0.3493942965871332	0.481745162468054	0.4764380195602302	0.9796249985784347	0.29257327765069807	0.17425900334777536	0.325273193582346	0.19396130283556995	-1	0.9219518547520547
CS17_03805_1-334	0.9417248759404723	0.0	0.9557896673657309	0.9528869378536683	0.9314755068878043	0.7856654093929692	0.9720602069683015	0.9200989089026819	0.9488215996912894	0.9705703268274443	0.9366695577668044	0.9620858719197789	0.9697986350483755	0.9694893606370204	0.65036537029501	0.9587746199920694	0.9518798409790535	0.9606802116497223	0.9530279949259628	-1	0.2533438959452806
STM_MW34711_1-334	0.24135154840496828	0.9557896673657309	0.0	0.061611989962503215	0.3548243755428707	0.9905241964542333	0.3680257223389158	0.44668674698795174	0.13615251028577993	0.3343259048509475	0.30191024923720494	0.14241477453095547	0.3168708952844582	0.30987537200003623	0.9845425367202829	0.0675170813807606	0.08125131891138274	0.11061993865661415	0.05879400795037866	-1	0.9407888954577822
ERS227112_00830_1-334	0.19154076620744856	0.9528869378536683	0.061611989962503215	0.0	0.3124639087925378	0.9899020411126224	0.4069629151907307	0.41035771227518286	0.0794346469967132	0.3753394105195693	0.25607558568986805	0.1952523068345453	0.358959838827286	0.3523953236532462	0.9835276419621991	0.12496920960293488	0.020928793568126214	0.16541641406895333	0.002994011976047844	-1	0.9369012562939164
t4557_2-333	0.14957234394841218	0.9314755068878043	0.3548243755428707	0.3124639087925378	0.0	0.9853128308222432	0.5922656007691668	0.14238351227602078	0.2531371195272354	0.5705232999772756	0.07579845750184279	0.44670691663280115	0.5592617532803107	0.5547484121768793	0.9760414642249953	0.39838475068422574	0.29776701971134656	0.4261936635430611	0.3145224000835781	-1	0.908224827011963
NCTC13441_00316_1-334	0.9875096251421271	0.7856654093929692	0.9905241964542333	0.9899020411126224	0.9853128308222432	0.0	0.9940115358989058	0.9828744323506012	0.9890306985219097	0.9936922030488615	0.9864260955909858	0.9918736908797032	0.99352680280732	0.993460514602977	0.3869755098690337	0.9911639750533809	0.9896861854163002	0.9915724092611882	0.9899322745224648	-1	0.8399657696131911
ENC_25810_1-334	0.5205536928045298	0.9720602069683015	0.3680257223389158	0.4069629151907307	0.5922656007691668	0.9940115358989058	0.0	0.6503202566074061	0.4540706066785149	0.050625099780129565	0.5588252340190762	0.26307699935544654	0.07488310291765218	0.0842606508731675	0.9902312808093281	0.32226718040382873	0.41937446591694727	0.2894215812455889	0.40518202304415635	-1	0.962580104977417
STM_MW44541_2-333	0.270659220553701	0.9200989089026819	0.44668674698795174	0.41035771227518286	0.14238351227602078	0.9828744323506012	0.6503202566074061	0.0	0.3594780796375335	0.6316737009672261	0.20738951917364648	0.5254867291606521	0.6220156128426354	0.6181448970976104	0.9720638116011645	0.48404484292061956	0.3977534178809027	0.5078942250940361	0.41212310834621524	-1	0.8929880963091109
SEN4268_2-333	0.12177964209167354	0.9488215996912894	0.13615251028577993	0.0794346469967132	0.2531371195272354	0.9890306985219097	0.4540706066785149	0.3594780796375335	0.0	0.42495910393770614	0.1918831054382775	0.25917715576256245	0.40988063774075667	0.4038375725122713	0.9821062589591703	0.19447697154938068	0.059756484558263816	0.23171126660663707	0.08219083068833975	-1	0.9314565299462685
BN373_43921_1-334	0.49498737844824753	0.9705703268274443	0.3343259048509475	0.3753394105195693	0.5705232999772756	0.9936922030488615	0.050625099780129565	0.6316737009672261	0.42495910393770614	0.0	0.5352997368281488	0.22378082623220202	0.02555155306076092	0.03542915563203547	0.9897103671179746	0.28612730393524016	0.3884128030469493	0.25153022416134585	0.373463552893502	-1	0.9605847015610832
SL1344_4438_2-333	0.07982445717105746	0.9366695577668044	0.30191024923720494	0.25607558568986805	0.07579845750184279	0.9864260955909858	0.5588252340190762	0.20738951917364648	0.1918831054382775	0.5352997368281488	0.0	0.4013285436944593	0.5231145735503161	0.5182310704442387	0.9778574842807434	0.3490432317505315	0.24017333016942718	0.3791328946433964	0.25830290429558694	-1	0.915181243561421
ENC_44170_1-332	0.3493942965871332	0.9620858719197789	0.14241477453095547	0.1952523068345453	0.44670691663280115	0.9918736908797032	0.26307699935544654	0.5254867291606521	0.25917715576256245	0.22378082623220202	0.4013285436944593	0.0	0.2034271528617886	0.19526991894886067	0.9867439078680843	0.08032071328566377	0.21209470517923087	0.035749436327947394	0.19283564709530976	-1	0.949221431560891
STMMW_34711_1-334	0.481745162468054	0.9697986350483755	0.3168708952844582	0.358959838827286	0.5592617532803107	0.99352680280732	0.07488310291765218	0.6220156128426354	0.40988063774075667	0.02555155306076092	0.5231145735503161	0.2034271528617886	0.0	0.010136608665445863	0.9894405569485535	0.26740845212792175	0.3723760360293481	0.23190418314112787	0.35703479329823884	-1	0.9595511711648564
SEN3307_1-334	0.4764380195602302	0.9694893606370204	0.30987537200003623	0.3523953236532462	0.5547484121768793	0.993460514602977	0.0842606508731675	0.6181448970976104	0.4038375725122713	0.03542915563203547	0.5182310704442387	0.19526991894886067	0.010136608665445863	0.0	0.9893324239042621	0.25990641306131823	0.36594890823826065	0.22403856574258232	0.3504505648654182	-1	0.959136958504335
ETEC_3634_1-334	0.9796249985784347	0.65036537029501	0.9845425367202829	0.9835276419621991	0.9760414642249953	0.3869755098690337	0.9902312808093281	0.9720638116011645	0.9821062589591703	0.9897103671179746	0.9778574842807434	0.9867439078680843	0.9894405569485535	0.9893324239042621	0.0	0.9855861795264796	0.9831755260193661	0.9862524403600721	0.9835769603994381	-1	0.7389431695418577
SL1344_3448_1-334	0.29257327765069807	0.9587746199920694	0.0675170813807606	0.12496920960293488	0.39838475068422574	0.9911639750533809	0.32226718040382873	0.48404484292061956	0.19447697154938068	0.28612730393524016	0.3490432317505315	0.08032071328566377	0.26740845212792175	0.25990641306131823	0.9855861795264796	0.0	0.14328254838090937	0.0462237499638894	0.12234148951165245	-1	0.9447866564218038
BN373_03751_1-333	0.17425900334777536	0.9518798409790535	0.08125131891138274	0.020928793568126214	0.29776701971134656	0.9896861854163002	0.41937446591694727	0.3977534178809027	0.059756484558263816	0.3884128030469493	0.24017333016942718	0.21209470517923087	0.3723760360293481	0.36594890823826065	0.9831755260193661	0.14328254838090937	0.0	0.18288324165425074	0.023860144485586855	-1	0.935552446756104
t4024_1-334	0.325273193582346	0.9606802116497223	0.11061993865661415	0.16541641406895333	0.4261936635430611	0.9915724092611882	0.2894215812455889	0.5078942250940361	0.23171126660663707	0.25153022416134585	0.3791328946433964	0.035749436327947394	0.23190418314112787	0.22403856574258232	0.9862524403600721	0.0462237499638894	0.18288324165425074	0.0	0.16291015705414544	-1	0.9473388242100327
ERS227112_02222_1-333	0.19396130283556995	0.9530279949259628	0.05879400795037866	0.002994011976047844	0.3145224000835781	0.9899322745224648	0.40518202304415635	0.41212310834621524	0.08219083068833975	0.373463552893502	0.25830290429558694	0.19283564709530976	0.35703479329823884	0.3504505648654182	0.9835769603994381	0.12234148951165245	0.023860144485586855	0.16291015705414544	0.0	-1	0.937090174688246
b3384_1-334	-1	-1	-1	-1	-1	-1	-1	-1	-1	-1	-1	-1	-1	-1	-1	-1	-1	-1	-1	-1	-1
ROD_44391_1-334	0.9219518547520547	0.2533438959452806	0.9407888954577822	0.9369012562939164	0.908224827011963	0.8399657696131911	0.962580104977417	0.8929880963091109	0.9314565299462685	0.9605847015610832	0.915181243561421	0.949221431560891	0.9595511711648564	0.959136958504335	0.7389431695418577	0.9447866564218038	0.935552446756104	0.9473388242100327	0.937090174688246	-1	0.0
