STMMW_22991_1-294	0.0	1.2617290926220601	0.6052958793222901	0.90454937947418	0.044052804036909976	1.02345116585269	0.55432017577663	0.14824660583469101	0.016003267311755	0.5622038634398999
ROD_15281_1-318	1.2617290926220601	0.0	0.6564332132997699	0.35717971314788	1.30578189665897	0.23827792676936999	0.7074089168454301	1.409975698456751	1.245725825310305	0.6995252291821601
BN373_23631_1-238	0.6052958793222901	0.6564332132997699	0.0	0.2992535001518899	0.6493486833592002	0.4181552865303999	0.05097570354566017	0.7535424851569812	0.5892926120105351	0.0430920158823902
t0589_1-231	0.90454937947418	0.35717971314788	0.2992535001518899	0.0	0.94860218351109	0.11890178637851001	0.35022920369755006	1.052795985308871	0.888546112162425	0.3423455160342801
NCTC13441_03285_1-238	0.044052804036909976	1.30578189665897	0.6493486833592002	0.94860218351109	0.0	1.0675039698896	0.59837297981354	0.10419380179778104	0.060056071348664974	0.60625666747681
STM_MW22991_1-295	1.02345116585269	0.23827792676936999	0.4181552865303999	0.11890178637851001	1.0675039698896	0.0	0.4691309900760601	1.171697771687381	1.007447898540935	0.4612473024127901
SEN2257_1-231	0.55432017577663	0.7074089168454301	0.05097570354566017	0.35022920369755006	0.59837297981354	0.4691309900760601	0.0	0.702566781611321	0.5383169084648749	0.007883687663269967
ERS227112_04871_1-239	0.14824660583469101	1.409975698456751	0.7535424851569812	1.052795985308871	0.10419380179778104	1.171697771687381	0.702566781611321	0.0	0.164249873146446	0.710450469274591
SL1344_2244_1-231	0.016003267311755	1.245725825310305	0.5892926120105351	0.888546112162425	0.060056071348664974	1.007447898540935	0.5383169084648749	0.164249873146446	0.0	0.5462005961281449
ROD_12501_1-295	0.5622038634398999	0.6995252291821601	0.0430920158823902	0.3423455160342801	0.60625666747681	0.4612473024127901	0.007883687663269967	0.710450469274591	0.5462005961281449	0.0
