t0609_1-200	0.0	0.06480590353870713	0.005516733309699373	0.03656171310230216	0.06631022094309147	-1	0.26049829867585467	0.0888097169466725	0.15210761699160302	0.4749149098911061
SEN2238_1-200	0.06480590353870713	0.0	0.0703226368484065	0.1013676166410093	0.1311161244817986	-1	0.19569239513714753	0.15361562048537963	0.21691352053031016	0.5397208134298133
ETEC_2336_1-200	0.005516733309699373	0.0703226368484065	0.0	0.03104497979260279	0.060793487633392096	-1	0.26601503198555404	0.08329298363697313	0.14659088368190365	0.4693981765814067
STMMW_22801_1-200	0.03656171310230216	0.1013676166410093	0.03104497979260279	0.0	0.029748507840789307	-1	0.29706001177815683	0.05224800384437034	0.11554590388930086	0.4383531967888039
STM_MW22801_1-200	0.06631022094309147	0.1311161244817986	0.060793487633392096	0.029748507840789307	0.0	-1	0.32680851961894614	0.022499496003581032	0.08579739604851155	0.4086046889480146
b2202_1-200	-1	-1	-1	-1	-1	-1	-1	-1	-1	-1
NCTC13441_01507_1-200	0.26049829867585467	0.19569239513714753	0.26601503198555404	0.29706001177815683	0.32680851961894614	-1	0.0	0.34930801562252717	0.4126059156674577	0.7354132085669607
SL1344_2225_1-200	0.0888097169466725	0.15361562048537963	0.08329298363697313	0.05224800384437034	0.022499496003581032	-1	0.34930801562252717	0.0	0.06329790004493052	0.3861051929444336
CS17_02451_1-200	0.15210761699160302	0.21691352053031016	0.14659088368190365	0.11554590388930086	0.08579739604851155	-1	0.4126059156674577	0.06329790004493052	0.0	0.32280729289950305
ROD_23331_1-200	0.4749149098911061	0.5397208134298133	0.4693981765814067	0.4383531967888039	0.4086046889480146	-1	0.7354132085669607	0.3861051929444336	0.32280729289950305	0.0
