ETEC_0647_1-352	0.0	0.2012712930817623	0.08002497099445982	0.08810633492856447	0.48117078157116633	0.1498816727265387	0.3711683048158363	0.2890379614128084	0.26475863603312044	0.12258301328254775	-1	0.1900738457771688	0.3124058219911485	0.02440388790672213	0.22913965412525297	0.12835848901624314	0.14398226904333644	0.4499601212171692	0.4358536775198948
CS17_00625_1-353	0.2012712930817623	0.0	0.2651895346853367	0.27164435205055976	0.5855962092529378	0.3209860877293731	0.49773407323634955	0.4321342102512982	0.41274161608593296	0.29918186477107284	-1	0.35308873013833686	0.45079879131448153	0.2207633789132761	0.38429171272491786	0.08364999044530122	0.31627406465390023	0.5606673588663253	0.5494001373327865
BN373_05191_1-342	0.08002497099445982	0.2651895346853367	0.0	0.008784329660382539	0.4360398901373776	0.07593325854462754	0.31646873517435786	0.22719419965592336	0.2008029122685548	0.04625999722415471	-1	0.11962158897037438	0.2525947375418266	0.0570124074894014	0.16208557670525117	0.19811157565028542	0.06952068918437075	0.402114338497422	0.3867808313341646
SL1344_0059_4-348	0.08810633492856447	0.27164435205055976	0.008784329660382539	0.0	0.43104197528536414	0.0677440146413726	0.3104111594690127	0.22034545713013964	0.19372028545753464	0.037807783598630955	-1	0.11181951882582322	0.24597109910289044	0.06529592136766497	0.1546598299766018	0.20515562792061803	0.06127461595030906	0.39681576936962054	0.38134637393723825
t2243_1-341	0.48117078157116633	0.5855962092529378	0.4360398901373776	0.43104197528536414	0.0	0.38969764351176067	0.17493150806133265	0.27024343035270926	0.29434163547386405	0.4086856918853929	-1	0.3594116997904841	0.2454426825845597	0.46819261372863297	0.32694784314001346	0.5477669161061698	0.3939036544850497	0.05674254096459757	0.08032863504639726
Ecoli9000q_47230_1-353	0.1498816727265387	0.3209860877293731	0.07593325854462754	0.0677440146413726	0.38969764351176067	0.0	0.2603009780991527	0.16369049368995273	0.1351305572660931	0.03111252672018502	-1	0.04727832792352126	0.19117826783697836	0.12861652815588456	0.09323170534731806	0.25900157670037627	0.0068916839802012665	0.35298433037322696	0.33639082421683425
STM_MW00591_4-348	0.3711683048158363	0.49773407323634955	0.31646873517435786	0.3104111594690127	0.17493150806133265	0.2603009780991527	0.0	0.1155200122445856	0.1447275330220802	0.28331488368293756	-1	0.2235937907356969	0.0854609953139122	0.3554384981763433	0.18424692805986	0.45188419105519834	0.26539874999855734	0.12529873574241113	0.10286595475298732
STM_MW06891_1-358	0.2890379614128084	0.4321342102512982	0.22719419965592336	0.22034545713013964	0.27024343035270926	0.16369049368995273	0.1155200122445856	0.0	0.033022251697990224	0.1897101955513688	-1	0.12218906022438691	0.032867944151809075	0.27125371885531285	0.07770318918089475	0.3802959744337683	0.1694540745170797	0.2263442364998023	0.20650289064495683
SEN0059_4-347	0.26475863603312044	0.41274161608593296	0.2008029122685548	0.19372028545753464	0.29434163547386405	0.1351305572660931	0.1447275330220802	0.033022251697990224	0.0	0.1620388309126233	-1	0.0922118514960365	0.06480482232522276	0.24636706229864283	0.04620678972330356	0.3591331065741508	0.14109096414954797	0.2518920918497066	0.23270595191170673
STMMW_00591_4-347	0.12258301328254775	0.29918186477107284	0.04625999722415471	0.037807783598630955	0.4086856918853929	0.03111252672018502	0.28331488368293756	0.1897101955513688	0.1620388309126233	0.0	-1	0.07691990640290006	0.2163427555907667	0.10063501090135403	0.12144355814371624	0.235206931934785	0.024388923493317	0.3731146226828683	0.35703738243014793
b0618_1-352	-1	-1	-1	-1	-1	-1	-1	-1	-1	-1	-1	-1	-1	-1	-1	-1	-1	-1	-1
NCTC13441_03376_1-353	0.1900738457771688	0.35308873013833686	0.11962158897037438	0.11181951882582322	0.3594116997904841	0.04727832792352126	0.2235937907356969	0.12218906022438691	0.0922118514960365	0.07691990640290006	-1	0.0	0.1510409011687788	0.1698140816848671	0.04823379038249478	0.29403474314794814	0.053844184608561295	0.32087650717907196	0.3034595567278171
ROD_06331_1-358	0.3124058219911485	0.45079879131448153	0.2525947375418266	0.24597109910289044	0.2454426825845597	0.19117826783697836	0.0854609953139122	0.032867944151809075	0.06480482232522276	0.2163427555907667	-1	0.1510409011687788	0.0	0.29520611092481497	0.10801718925028872	0.4006643717367304	0.19675241161136492	0.200051576388202	0.17953592318979336
SL1344_0612_1-358	0.02440388790672213	0.2207633789132761	0.0570124074894014	0.06529592136766497	0.46819261372863297	0.12861652815588456	0.3554384981763433	0.27125371885531285	0.24636706229864283	0.10063501090135403	-1	0.1698140816848671	0.29520611092481497	0.0	0.20985709524737817	0.14962993074513664	0.12256955481304879	0.4362012394630773	0.42174193245845315
ENC_32200_6-340	0.22913965412525297	0.38429171272491786	0.16208557670525117	0.1546598299766018	0.32694784314001346	0.09323170534731806	0.18424692805986	0.07770318918089475	0.04620678972330356	0.12144355814371624	-1	0.04823379038249478	0.10801718925028872	0.20985709524737817	0.0	0.32808612336427406	0.09948086587733038	0.28645975665194773	0.26816014664766485
STMMW_06891_1-358	0.12835848901624314	0.08364999044530122	0.19811157565028542	0.20515562792061803	0.5477669161061698	0.25900157670037627	0.45188419105519834	0.3802959744337683	0.3591331065741508	0.235206931934785	-1	0.29403474314794814	0.4006643717367304	0.14962993074513664	0.32808612336427406	0.0	0.2538594115600467	0.5205624089564109	0.5082666470575113
t0060_4-347	0.14398226904333644	0.31627406465390023	0.06952068918437075	0.06127461595030906	0.3939036544850497	0.0068916839802012665	0.26539874999855734	0.1694540745170797	0.14109096414954797	0.024388923493317	-1	0.053844184608561295	0.19675241161136492	0.12256955481304879	0.09948086587733038	0.2538594115600467	0.0	0.357443357898533	0.34096420894269364
ERS227112_02370_1-343	0.4499601212171692	0.5606673588663253	0.402114338497422	0.39681576936962054	0.05674254096459757	0.35298433037322696	0.12529873574241113	0.2263442364998023	0.2518920918497066	0.3731146226828683	-1	0.32087650717907196	0.200051576388202	0.4362012394630773	0.28645975665194773	0.5205624089564109	0.357443357898533	0.0	0.025004937788585715
SEN0593_1-358	0.4358536775198948	0.5494001373327865	0.3867808313341646	0.38134637393723825	0.08032863504639726	0.33639082421683425	0.10286595475298732	0.20650289064495683	0.23270595191170673	0.35703738243014793	-1	0.3034595567278171	0.17953592318979336	0.42174193245845315	0.26816014664766485	0.5082666470575113	0.34096420894269364	0.025004937788585715	0.0
