NCTC13441_03594_1-106	0.0	0.09808124375653234	0.1974900439183911	0.24982893287539243	0.664977945219071	0.18437190022672623	-1	0.31736515015623873	0.09872545544485414	0.6566389628327641	0.32752784980227556	0.42156184195356655	0.16639608357303642	0.3057040931646229
SEN0367_1-106	0.09808124375653234	0.0	0.27620121853787544	0.16824984298019932	0.6978373250378536	0.26436971869526593	-1	0.24313044260553326	0.0007142679801947765	0.6192993717113168	0.2543983085587428	0.47829577593099837	0.0757438952717188	0.37380149924210615
STMMW_04541_1-106	0.1974900439183911	0.27620121853787544	0.0	0.39798024986813746	0.5825322137849467	0.016083486696095207	-1	0.4521787366321074	0.27671820483157783	0.7244493491427858	0.460334404278719	0.2792137297950097	0.3310245576387403	0.13484449435942858
CS17_00416_1-106	0.24982893287539243	0.16824984298019932	0.39798024986813746	0.0	0.7486761476547117	0.3881393980162673	-1	0.09002775532214459	0.16765532583095472	0.5422896826941985	0.10357493154821568	0.5660724297127145	0.10008692096837814	0.479159298669058
STM_MW04541_1-106	0.664977945219071	0.6978373250378536	0.5825322137849467	0.7486761476547117	0.0	0.5892465513705848	-1	0.7713022699402722	0.6980531501613892	0.8849664797965217	0.7747069984578088	0.4208161233477349	0.720724303045209	0.5174650297047405
ETEC_0437_1-106	0.18437190022672623	0.26436971869526593	0.016083486696095207	0.3881393980162673	0.5892465513705848	0.0	-1	0.44322383458291886	0.2648951558504636	0.719945089719107	0.45151281798378246	0.29080648618257976	0.32008922168111675	0.14875921142445223
b0384_1-106	-1	-1	-1	-1	-1	-1	-1	-1	-1	-1	-1	-1	-1	-1
t2480_1-106	0.31736515015623873	0.24313044260553326	0.4521787366321074	0.09002775532214459	0.7713022699402722	0.44322383458291886	-1	0.0	0.2425894485007357	0.4970062878480011	0.014887460914664492	0.605137954838071	0.18110407545863477	0.5260494178902942
SL1344_0379_1-106	0.09872545544485414	0.0007142679801947765	0.27671820483157783	0.16765532583095472	0.6980531501613892	0.2648951558504636	-1	0.2425894485007357	0.0	0.6190272550782924	0.25386536848253544	0.4786684125533832	0.07508325685774625	0.3742487727804435
ENC_23770_1-106	0.6566389628327641	0.6192993717113168	0.7244493491427858	0.5422896826941985	0.8849664797965217	0.719945089719107	-1	0.4970062878480011	0.6190272550782924	0.0	0.48940482209370495	0.8013868741160711	0.5881004990487955	0.7616058373280383
BN373_08161_1-105	0.32752784980227556	0.2543983085587428	0.460334404278719	0.10357493154821568	0.7747069984578088	0.45151281798378246	-1	0.014887460914664492	0.25386536848253544	0.48940482209370495	0.0	0.6110164481021036	0.1932953565284224	0.533105338656935
Ecoli9000q_44880_1-106	0.42156184195356655	0.47829577593099837	0.2792137297950097	0.5660724297127145	0.4208161233477349	0.29080648618257976	-1	0.605137954838071	0.4786684125533832	0.8013868741160711	0.6110164481021036	0.0	0.5178116860416941	0.16687085095608153
ERS227112_02678_1-106	0.16639608357303642	0.0757438952717188	0.3310245576387403	0.10008692096837814	0.720724303045209	0.32008922168111675	-1	0.18110407545863477	0.07508325685774625	0.5881004990487955	0.1932953565284224	0.5178116860416941	0.0	0.42123221290281937
ROD_04281_1-106	0.3057040931646229	0.37380149924210615	0.13484449435942858	0.479159298669058	0.5174650297047405	0.14875921142445223	-1	0.5260494178902942	0.3742487727804435	0.7616058373280383	0.533105338656935	0.16687085095608153	0.42123221290281937	0.0
