NCTC13441_00409_1-169	0.0	3.7441552388295465	0.07894598340121228	1.3692397507803318	0.1162399473654909	-1	0.040726741067930686	0.17464787355781072	0.09416926300348197	0.09033888813854052	0.03461826890214928	0.014593197046254974	0.07467486946841997
CS17_03721_1-169	3.7441552388295465	0.0	3.665209255428334	2.374915488049215	3.6279152914640553	-1	3.7848819798974773	3.5695073652717357	3.8383245018330285	3.653816350691006	3.709536969927397	3.7295620417832915	3.8188301082979663
ERS227112_00899_1-169	0.07894598340121228	3.665209255428334	0.0	1.2902937673791195	0.037293963964278615	-1	0.11967272446914297	0.09570189015659844	0.17311524640469425	0.011392904737328235	0.044327714499063	0.06435278635495731	0.15362085286963226
BN373_43231_1-169	1.3692397507803318	2.374915488049215	1.2902937673791195	0.0	1.2529998034148409	-1	1.4099664918482624	1.194591877222521	1.4634090137838136	1.2789008626417913	1.3346214818781825	1.3546465537340768	1.4439146202487518
STMMW_33991_1-169	0.1162399473654909	3.6279152914640553	0.037293963964278615	1.2529998034148409	0.0	-1	0.1569666884334216	0.058407926192319826	0.21040921036897287	0.02590105922695038	0.08162167846334162	0.10164675031923592	0.19091481683391087
b3287_1-169	-1	-1	-1	-1	-1	-1	-1	-1	-1	-1	-1	-1	-1
ROD_45351_1-169	0.040726741067930686	3.7848819798974773	0.11967272446914297	1.4099664918482624	0.1569666884334216	-1	0.0	0.21537461462574142	0.053442521935551275	0.1310656292064712	0.07534500997007997	0.05531993811418566	0.033948128400489296
ETEC_3538_1-169	0.17464787355781072	3.5695073652717357	0.09570189015659844	1.194591877222521	0.058407926192319826	-1	0.21537461462574142	0.0	0.2688171365612927	0.0843089854192702	0.14002960465566144	0.16005467651155575	0.2493227430262307
STM_MW33991_1-169	0.09416926300348197	3.8383245018330285	0.17311524640469425	1.4634090137838136	0.21040921036897287	-1	0.053442521935551275	0.2688171365612927	0.0	0.1845081511420225	0.12878753190563125	0.10876246004973694	0.01949439353506198
SEN3234_1-169	0.09033888813854052	3.653816350691006	0.011392904737328235	1.2789008626417913	0.02590105922695038	-1	0.1310656292064712	0.0843089854192702	0.1845081511420225	0.0	0.05572061923639124	0.07574569109228554	0.1650137576069605
ENC_25010_1-169	0.03461826890214928	3.709536969927397	0.044327714499063	1.3346214818781825	0.08162167846334162	-1	0.07534500997007997	0.14002960465566144	0.12878753190563125	0.05572061923639124	0.0	0.020025071855894305	0.10929313837056925
SL1344_3373_1-169	0.014593197046254974	3.7295620417832915	0.06435278635495731	1.3546465537340768	0.10164675031923592	-1	0.05531993811418566	0.16005467651155575	0.10876246004973694	0.07574569109228554	0.020025071855894305	0.0	0.08926806651467495
t4098_1-169	0.07467486946841997	3.8188301082979663	0.15362085286963226	1.4439146202487518	0.19091481683391087	-1	0.033948128400489296	0.2493227430262307	0.01949439353506198	0.1650137576069605	0.10929313837056925	0.08926806651467495	0.0
