STMMW_24511_1-575	0.0	0.37878647616495875	0.10934217482486658	0.05497048265034027	-1	0.04749827979425303	0.16972143052229227	0.3086167143559585	0.458954739934278	0.2258415508182967	0.12490605796150556	0.4749225523981414	0.3680530853255502
ETEC_2529_1-575	0.37878647616495875	0.0	0.2694443013400921	0.3238159935146184	-1	0.4262847559592118	0.20906504564266645	0.07016976180900025	0.08016826376931925	0.6046280269832555	0.2538804182034532	0.09613607623318268	0.010733390839408524
SL1344_2395_1-575	0.10934217482486658	0.2694443013400921	0.0	0.05437169217452631	-1	0.1568404546191196	0.06037925569742569	0.1992745395310919	0.3496125651094114	0.3351837256431633	0.015563883136638978	0.36558037757327483	0.2587109105006836
ENC_38380_1-575	0.05497048265034027	0.3238159935146184	0.05437169217452631	0.0	-1	0.1024687624445933	0.114750947871952	0.2536462317056182	0.4039842572839377	0.280812033468637	0.06993557531116529	0.41995206974780114	0.31308260267520993
b2416_1-575	-1	-1	-1	-1	-1	-1	-1	-1	-1	-1	-1	-1	-1
ROD_23751_1-575	0.04749827979425303	0.4262847559592118	0.1568404546191196	0.1024687624445933	-1	0.0	0.2172197103165453	0.35611499415021153	0.506453019728531	0.17834327102404368	0.17240433775575859	0.5224208321923944	0.41555136511980323
CS17_02705_1-575	0.16972143052229227	0.20906504564266645	0.06037925569742569	0.114750947871952	-1	0.2172197103165453	0.0	0.1388952838336662	0.2892333094119857	0.395562981340589	0.044815372560786715	0.30520112187584914	0.19833165480325793
t0425_1-575	0.3086167143559585	0.07016976180900025	0.1992745395310919	0.2536462317056182	-1	0.35611499415021153	0.1388952838336662	0.0	0.1503380255783195	0.5344582651742552	0.18371065639445291	0.16630583804218294	0.05943637096959173
NCTC13441_01302_1-575	0.458954739934278	0.08016826376931925	0.3496125651094114	0.4039842572839377	-1	0.506453019728531	0.2892333094119857	0.1503380255783195	0.0	0.6847962907525746	0.33404868197277243	0.01596781246386343	0.09090165460872777
BN373_34221_1-575	0.2258415508182967	0.6046280269832555	0.3351837256431633	0.280812033468637	-1	0.17834327102404368	0.395562981340589	0.5344582651742552	0.6847962907525746	0.0	0.35074760877980227	0.7007641032164381	0.5938946361438469
SEN2413_1-575	0.12490605796150556	0.2538804182034532	0.015563883136638978	0.06993557531116529	-1	0.17240433775575859	0.044815372560786715	0.18371065639445291	0.33404868197277243	0.35074760877980227	0.0	0.35001649443663585	0.24314702736404464
STM_MW24511_1-575	0.4749225523981414	0.09613607623318268	0.36558037757327483	0.41995206974780114	-1	0.5224208321923944	0.30520112187584914	0.16630583804218294	0.01596781246386343	0.7007641032164381	0.35001649443663585	0.0	0.1068694670725912
ERS227112_03816_1-575	0.3680530853255502	0.010733390839408524	0.2587109105006836	0.31308260267520993	-1	0.41555136511980323	0.19833165480325793	0.05943637096959173	0.09090165460872777	0.5938946361438469	0.24314702736404464	0.1068694670725912	0.0
