t2639_1-112	0.0	0.06356470299750205	0.9948669735077338	0.23998608920600595	-1	2.064490232923993	0.46108742725225405	0.5839090909309084	0.14403205830376264	0.11432689629547854	0.1409443651751846	0.45417182010804846	0.6618131142541903
ERS227112_01704_1-114	0.06356470299750205	0.0	0.9313022705102317	0.303550792203508	-1	2.000925529926491	0.397522724254752	0.5203443879334063	0.08046735530626059	0.1778915992929806	0.07737966217768255	0.3906071171105464	0.5982484112566883
ETEC_2823_1-113	0.9948669735077338	0.9313022705102317	0.0	1.2348530627137397	-1	1.0696232594162594	0.5337795462554797	0.4109578825768254	0.8508349152039711	1.1091938698032124	0.8539226083325492	0.5406951533996853	0.33305385925354347
STM_MW26991_1-113	0.23998608920600595	0.303550792203508	1.2348530627137397	0.0	-1	2.3044763221299993	0.70107351645826	0.8238951801369143	0.3840181475097686	0.1256591929105274	0.38093045438119055	0.6941579093140544	0.9017992034601963
b2617_1-113	-1	-1	-1	-1	-1	-1	-1	-1	-1	-1	-1	-1	-1
CS17_02957_1-114	2.064490232923993	2.000925529926491	1.0696232594162594	2.3044763221299993	-1	0.0	1.603402805671739	1.4805811419930848	1.9204581746202305	2.1788171292194716	1.9235458677488086	1.6103184128159447	1.4026771186698028
SL1344_2657_1-112	0.46108742725225405	0.397522724254752	0.5337795462554797	0.70107351645826	-1	1.603402805671739	0.0	0.12282166367865432	0.3170553689484914	0.5754143235477326	0.32014306207706944	0.006915607144205582	0.20072568700193627
NCTC13441_01125_1-114	0.5839090909309084	0.5203443879334063	0.4109578825768254	0.8238951801369143	-1	1.4805811419930848	0.12282166367865432	0.0	0.4398770326271457	0.6982359872263869	0.44296472575572376	0.1297372708228599	0.07790402332328195
STMMW_26991_1-112	0.14403205830376264	0.08046735530626059	0.8508349152039711	0.3840181475097686	-1	1.9204581746202305	0.3170553689484914	0.4398770326271457	0.0	0.2583589545992412	0.0030876931285780396	0.3101397618042858	0.5177810559504277
ROD_25661_1-114	0.11432689629547854	0.1778915992929806	1.1091938698032124	0.1256591929105274	-1	2.1788171292194716	0.5754143235477326	0.6982359872263869	0.2583589545992412	0.0	0.25527126147066315	0.568498716403527	0.7761400105496689
SEN2605_1-112	0.1409443651751846	0.07737966217768255	0.8539226083325492	0.38093045438119055	-1	1.9235458677488086	0.32014306207706944	0.44296472575572376	0.0030876931285780396	0.25527126147066315	0.0	0.31322745493286386	0.5208687490790057
BN373_35931_1-113	0.45417182010804846	0.3906071171105464	0.5406951533996853	0.6941579093140544	-1	1.6103184128159447	0.006915607144205582	0.1297372708228599	0.3101397618042858	0.568498716403527	0.31322745493286386	0.0	0.20764129414614185
ENC_28150_1-112	0.6618131142541903	0.5982484112566883	0.33305385925354347	0.9017992034601963	-1	1.4026771186698028	0.20072568700193627	0.07790402332328195	0.5177810559504277	0.7761400105496689	0.5208687490790057	0.20764129414614185	0.0
