SEN3311_1-425	0.0	0.039013838103050036	0.3156767874697999	0.24554832798204707	0.10340614749216004	0.10812664514132009	0.006395083172499927	-1	0.61129350209124	0.07227330675210997	0.376465653799985	0.31740572874444006	0.54077046144506
ROD_44351_1-428	0.039013838103050036	0.0	0.3546906255728499	0.20653448987899703	0.06439230938911	0.14714048324437012	0.04540892127554996	-1	0.65030734019429	0.11128714485516	0.33745181569693494	0.3564195668474901	0.50175662334201
ETEC_3638_1-428	0.3156767874697999	0.3546906255728499	0.0	0.561225115451847	0.4190829349619599	0.2075501423284798	0.30928170429729995	-1	0.2956167146214401	0.2434034807176899	0.6921424412697849	0.0017289412746401833	0.8564472489148599
STM_MW34751_1-425	0.24554832798204707	0.20653448987899703	0.561225115451847	0.0	0.14214218048988703	0.35367497312336715	0.251943411154547	-1	0.8568418300732871	0.31782163473415703	0.1309173258179379	0.5629540567264871	0.29522213346301296
NCTC13441_00312_1-428	0.10340614749216004	0.06439230938911	0.4190829349619599	0.14214218048988703	0.0	0.21153279263348013	0.10980123066465997	-1	0.7146996495834	0.17567945424427	0.27305950630782494	0.4208118762366001	0.4373643139529
SL1344_3452_1-425	0.10812664514132009	0.14714048324437012	0.2075501423284798	0.35367497312336715	0.21153279263348013	0.0	0.10173156196882016	-1	0.5031668569499199	0.03585333838921012	0.48459229894130507	0.20927908360311998	0.6488971065863801
BN373_43961_1-428	0.006395083172499927	0.04540892127554996	0.30928170429729995	0.251943411154547	0.10980123066465997	0.10173156196882016	0.0	-1	0.6048984189187401	0.06587822357961004	0.3828607369724849	0.31101064557194014	0.54716554461756
b3388_1-428	-1	-1	-1	-1	-1	-1	-1	-1	-1	-1	-1	-1	-1
CS17_03809_1-428	0.61129350209124	0.65030734019429	0.2956167146214401	0.8568418300732871	0.7146996495834	0.5031668569499199	0.6048984189187401	-1	0.0	0.53902019533913	0.987759155891225	0.29388777334679994	1.1520639635363001
ERS227112_00826_1-428	0.07227330675210997	0.11128714485516	0.2434034807176899	0.31782163473415703	0.17567945424427	0.03585333838921012	0.06587822357961004	-1	0.53902019533913	0.0	0.44873896055209495	0.2451324219923301	0.61304376819717
t4021_1-425	0.376465653799985	0.33745181569693494	0.6921424412697849	0.1309173258179379	0.27305950630782494	0.48459229894130507	0.3828607369724849	-1	0.987759155891225	0.44873896055209495	0.0	0.693871382544425	0.16430480764507505
STMMW_34751_1-425	0.31740572874444006	0.3564195668474901	0.0017289412746401833	0.5629540567264871	0.4208118762366001	0.20927908360311998	0.31101064557194014	-1	0.29388777334679994	0.2451324219923301	0.693871382544425	0.0	0.8581761901895001
ENC_25850_1-439	0.54077046144506	0.50175662334201	0.8564472489148599	0.29522213346301296	0.4373643139529	0.6488971065863801	0.54716554461756	-1	1.1520639635363001	0.61304376819717	0.16430480764507505	0.8581761901895001	0.0
