SL1344_2193_1-601	0.0	0.02960769612949976	0.1682575347222176	0.19186546941867977	0.09606140735377133	-1	0.11824584803999794	0.06815520442428602	0.009009735540410846	0.18068388545433955	0.0210127659969771	0.0230548512481219
ROD_23081_1-604	0.02960769612949976	0.0	0.19786523085171737	0.16225777328918	0.1256691034832711	-1	0.1478535441694977	0.03854750829478626	0.020597960589088915	0.21029158158383932	0.00859493013252266	0.006552844881377862
STM_MW22471_1-602	0.1682575347222176	0.19786523085171737	0.0	0.3601230041408974	0.07219612736844627	-1	0.05001168668221967	0.23641273914650363	0.17726727026262845	0.012426350732121949	0.1892703007191947	0.1913123859703395
CS17_02428_1-604	0.19186546941867977	0.16225777328918	0.3601230041408974	0.0	0.2879268767724511	-1	0.3101113174586777	0.12371026499439375	0.18285573387826892	0.3725493548730193	0.17085270342170267	0.16881061817055787
STMMW_22471_1-601	0.09606140735377133	0.1256691034832711	0.07219612736844627	0.2879268767724511	0.0	-1	0.022184440686226603	0.16421661177805735	0.10507114289418218	0.08462247810056822	0.11707417335074843	0.11911625860189323
b2177_1-604	-1	-1	-1	-1	-1	-1	-1	-1	-1	-1	-1	-1
t0639_1-601	0.11824584803999794	0.1478535441694977	0.05001168668221967	0.3101113174586777	0.022184440686226603	-1	0.0	0.18640105246428396	0.12725558358040878	0.06243803741434162	0.13925861403697504	0.14130069928811984
ETEC_2314_1-604	0.06815520442428602	0.03854750829478626	0.23641273914650363	0.12371026499439375	0.16421661177805735	-1	0.18640105246428396	0.0	0.059145468883875174	0.24883908987862557	0.04714243842730892	0.04510035317616412
ERS227112_03970_1-602	0.009009735540410846	0.020597960589088915	0.17726727026262845	0.18285573387826892	0.10507114289418218	-1	0.12725558358040878	0.059145468883875174	0.0	0.1896936209947504	0.012003030456566255	0.014045115707711053
NCTC13441_01532_1-604	0.18068388545433955	0.21029158158383932	0.012426350732121949	0.3725493548730193	0.08462247810056822	-1	0.06243803741434162	0.24883908987862557	0.1896936209947504	0.0	0.20169665145131666	0.20373873670246145
BN373_32161_1-601	0.0210127659969771	0.00859493013252266	0.1892703007191947	0.17085270342170267	0.11707417335074843	-1	0.13925861403697504	0.04714243842730892	0.012003030456566255	0.20169665145131666	0.0	0.0020420852511447984
SEN2209_1-601	0.0230548512481219	0.006552844881377862	0.1913123859703395	0.16881061817055787	0.11911625860189323	-1	0.14130069928811984	0.04510035317616412	0.014045115707711053	0.20373873670246145	0.0020420852511447984	0.0
