ERS227112_03660_1-427	0.0	0.3321177775062999	0.18353460198191507	0.015887166135910458	0.20389597087384137	0.17033915710918424	-1	0.10752886816487789	0.08907146048394365	0.1299145091258096	0.10679317663195453	0.14885796556494096	0.31329325912108397
BN373_18141_1-427	0.3321177775062999	0.0	0.14858317552438483	0.34800494364221035	0.12822180663245852	0.16177862039711566	-1	0.4396466456711778	0.24304631702235624	0.2022032683804903	0.4389109541382544	0.48097574307124086	0.018824518385215927
SL1344_1219_1-428	0.18353460198191507	0.14858317552438483	0.0	0.19942176811782553	0.0203613688919263	0.013195444872730833	-1	0.29106347014679296	0.09446314149797141	0.05362009285610547	0.2903277786138696	0.33239256754685603	0.1297586571391689
NCTC13441_02096_1-427	0.015887166135910458	0.34800494364221035	0.19942176811782553	0.0	0.21978313700975183	0.1862263232450947	-1	0.09164170202896743	0.10495862661985411	0.14580167526172005	0.09090601049604408	0.1329707994290305	0.3291804252569944
ETEC_1816_1-427	0.20389597087384137	0.12822180663245852	0.0203613688919263	0.21978313700975183	0.0	0.033556813764657134	-1	0.31142483903871926	0.11482451038989772	0.07398146174803177	0.3106891475057959	0.35275393643878233	0.1093972882472426
ROD_12681_1-427	0.17033915710918424	0.16177862039711566	0.013195444872730833	0.1862263232450947	0.033556813764657134	0.0	-1	0.2778680252740621	0.08126769662524058	0.04042464798337464	0.27713233374113877	0.3191971226741252	0.14295410201189973
b1784_1-427	-1	-1	-1	-1	-1	-1	-1	-1	-1	-1	-1	-1	-1
STMMW_12901_1-428	0.10752886816487789	0.4396466456711778	0.29106347014679296	0.09164170202896743	0.31142483903871926	0.2778680252740621	-1	0.0	0.19660032864882154	0.23744337729068749	0.0007356915329233549	0.041329097400063075	0.42082212728596186
SEN1768_1-428	0.08907146048394365	0.24304631702235624	0.09446314149797141	0.10495862661985411	0.11482451038989772	0.08126769662524058	-1	0.19660032864882154	0.0	0.04084304864186594	0.1958646371158982	0.23792942604888462	0.2242217986371403
ENC_14800_7-433	0.1299145091258096	0.2022032683804903	0.05362009285610547	0.14580167526172005	0.07398146174803177	0.04042464798337464	-1	0.23744337729068749	0.04084304864186594	0.0	0.23670768575776413	0.27877247469075056	0.18337874999527437
CS17_01971_1-427	0.10679317663195453	0.4389109541382544	0.2903277786138696	0.09090601049604408	0.3106891475057959	0.27713233374113877	-1	0.0007356915329233549	0.1958646371158982	0.23670768575776413	0.0	0.04206478893298643	0.4200864357530385
STM_MW12901_1-428	0.14885796556494096	0.48097574307124086	0.33239256754685603	0.1329707994290305	0.35275393643878233	0.3191971226741252	-1	0.041329097400063075	0.23792942604888462	0.27877247469075056	0.04206478893298643	0.0	0.46215122468602493
t1163_1-428	0.31329325912108397	0.018824518385215927	0.1297586571391689	0.3291804252569944	0.1093972882472426	0.14295410201189973	-1	0.42082212728596186	0.2242217986371403	0.18337874999527437	0.4200864357530385	0.46215122468602493	0.0
