b0290_1-547	-1	-1	-1	-1	-1	-1	-1	-1	-1	-1
BN373_07821_1-547	-1	0.0	0.5555731489825309	0.45343404080591726	0.4537721236299695	0.1676350966268915	0.07225297758228352	0.6256329753193784	0.17109737599636432	0.15808393300706486
ENC_03200_10-532	-1	0.5555731489825309	0.0	0.7570914118820313	0.18637098133673147	0.466067287055886	0.5209611669145657	0.15764084950414875	0.46383708031847204	0.6258298935253173
Ecoli9000q_43730_1-524	-1	0.45343404080591726	0.7570914118820313	0.0	0.7014504368132675	0.545057678188387	0.4929250588028066	0.7953837280648013	0.5469500422329607	0.35080706899174885
ERS227112_02973_1-537	-1	0.4537721236299695	0.18637098133673147	0.7014504368132675	0.0	0.34376392594585015	0.4112318733758303	0.314632151020036	0.34102286498777606	0.5401219746446406
CS17_00335_1-548	-1	0.1676350966268915	0.466067287055886	0.545057678188387	0.34376392594585015	0.0	0.10281048253438894	0.550236893502451	0.004159569145025383	0.29921861424915797
NCTC13441_03680_1-548	-1	0.07225297758228352	0.5209611669145657	0.4929250588028066	0.4112318733758303	0.10281048253438894	0.0	0.5964772555076296	0.10654240436847912	0.2189148757216697
ROD_29231_1-538	-1	0.6256329753193784	0.15764084950414875	0.7953837280648013	0.314632151020036	0.550236893502451	0.5964772555076296	0.0	0.5483582584496928	0.6848143869690441
ETEC_0349_1-547	-1	0.17109737599636432	0.46383708031847204	0.5469500422329607	0.34102286498777606	0.004159569145025383	0.10654240436847912	0.5483582584496928	0.0	0.30213356287873533
ERS227112_02644_1-548	-1	0.15808393300706486	0.6258298935253173	0.35080706899174885	0.5401219746446406	0.29921861424915797	0.2189148757216697	0.6848143869690441	0.30213356287873533	0.0
