STMMW_40211_22-244	0.0	0.2080327089326901	0.02311858599879013	0.17106213337692	0.4741744460180771	0.35924102632949007	-1	0.22328725411697992	0.38813015979636	0.24433992088479006	0.36545175572020017	0.2055803287566902
BN373_48511_1-223	0.2080327089326901	0.0	0.18491412293389997	0.3790948423096101	0.266141737085387	0.15120831739679996	-1	0.43131996304967	0.1800974508636699	0.03630721195209996	0.15741904678751006	0.002452380175999913
STM_MW40211_22-244	0.02311858599879013	0.18491412293389997	0.0	0.19418071937571013	0.451055860019287	0.33612244033069993	-1	0.24640584011577005	0.3650115737975699	0.22122133488599993	0.34233316972141004	0.18246174275790006
ETEC_4180_1-223	0.17106213337692	0.3790948423096101	0.19418071937571013	0.0	0.6452365793949971	0.5303031597064101	-1	0.052225120740059916	0.55919229317328	0.41540205426171006	0.5365138890971202	0.3766424621336102
ERS227112_00364_1-223	0.4741744460180771	0.266141737085387	0.451055860019287	0.6452365793949971	0.0	0.11493341968858706	-1	0.697461700135057	0.08604428622171711	0.22983452513328706	0.10872269029787696	0.26859411726138693
ROD_38411_1-223	0.35924102632949007	0.15120831739679996	0.33612244033069993	0.5303031597064101	0.11493341968858706	0.0	-1	0.58252828044647	0.028889133466869943	0.1149011054447	0.006210729390710101	0.15366069757279988
b3910_1-223	-1	-1	-1	-1	-1	-1	-1	-1	-1	-1	-1	-1
SL1344_4005_1-223	0.22328725411697992	0.43131996304967	0.24640584011577005	0.052225120740059916	0.697461700135057	0.58252828044647	-1	0.0	0.6114174139133399	0.46762717500177	0.5887390098371801	0.4288675828736701
t3563_22-244	0.38813015979636	0.1800974508636699	0.3650115737975699	0.55919229317328	0.08604428622171711	0.028889133466869943	-1	0.6114174139133399	0.0	0.14379023891156995	0.02267840407615984	0.18254983103966982
CS17_04366_1-223	0.24433992088479006	0.03630721195209996	0.22122133488599993	0.41540205426171006	0.22983452513328706	0.1149011054447	-1	0.46762717500177	0.14379023891156995	0.0	0.1211118348354101	0.03875959212809987
SEN3846_1-223	0.36545175572020017	0.15741904678751006	0.34233316972141004	0.5365138890971202	0.10872269029787696	0.006210729390710101	-1	0.5887390098371801	0.02267840407615984	0.1211118348354101	0.0	0.15987142696350998
NCTC13441_04589_1-223	0.2055803287566902	0.002452380175999913	0.18246174275790006	0.3766424621336102	0.26859411726138693	0.15366069757279988	-1	0.4288675828736701	0.18254983103966982	0.03875959212809987	0.15987142696350998	0.0
