ERS227112_00798_1-901	0.0	0.46468034588341545	0.05946495386933237	0.08680541239663953	0.06959549916448737	0.29682712402856226	0.5127222110652907	0.8787706491202604	0.45013383657443184	0.1440272910985314	0.36111520252413953	0.8392518965703533	0.6009415008258301	-1	0.5644219886144739
BN373_07511_26-921	0.46468034588341545	0.0	0.5241452997527478	0.551485758280055	0.5342758450479028	0.16785322185485319	0.048041865181875254	0.4140903032368449	0.9148141824578473	0.6087076369819469	0.10356514335927591	0.3745715506869378	0.13626115494241464	-1	0.09974164273105846
BN373_44271_1-901	0.05946495386933237	0.5241452997527478	0.0	0.027340458527307154	0.010130545295155002	0.35629207789789463	0.5721871649346231	0.9382356029895927	0.3906688827050995	0.08456233722919904	0.4205801563934719	0.8987168504396856	0.6604064546951625	-1	0.6238869424838063
SL1344_3482_1-901	0.08680541239663953	0.551485758280055	0.027340458527307154	0.0	0.017209913232152152	0.3836325364252018	0.5995276234619302	0.9655760615168999	0.3633284241777923	0.05722187870189188	0.44792061492077906	0.9260573089669928	0.6877469132224696	-1	0.6512274010111134
STM_MW35051_1-901	0.06959549916448737	0.5342758450479028	0.010130545295155002	0.017209913232152152	0.0	0.36642262319304963	0.5823177102297781	0.9483661482847477	0.38053833740994447	0.07443179193404403	0.4307107016886269	0.9088473957348406	0.6705369999903175	-1	0.6340174877789613
CS17_03839_1-901	0.29682712402856226	0.16785322185485319	0.35629207789789463	0.3836325364252018	0.36642262319304963	0.0	0.21589508703672844	0.5819435250916981	0.7469609606029941	0.44085441512709367	0.06428807849557727	0.542424772541791	0.3041143767972678	-1	0.26759486458591164
ETEC_3668_1-901	0.5127222110652907	0.048041865181875254	0.5721871649346231	0.5995276234619302	0.5823177102297781	0.21589508703672844	0.0	0.36604843805496967	0.9628560476397225	0.6567495021638221	0.15160700854115117	0.32652968550506256	0.08821928976053939	-1	0.0516997775491832
ERS227112_02613_26-922	0.8787706491202604	0.4140903032368449	0.9382356029895927	0.9655760615168999	0.9483661482847477	0.5819435250916981	0.36604843805496967	0.0	1.328904485694692	1.022797940218792	0.5176554465961208	0.03951875254990711	0.2778291482944303	-1	0.31434866050578647
STMMW_35051_1-901	0.45013383657443184	0.9148141824578473	0.3906688827050995	0.3633284241777923	0.38053833740994447	0.7469609606029941	0.9628560476397225	1.328904485694692	0.0	0.30610654547590044	0.8112490390985714	1.289385733144785	1.051075337400262	-1	1.0145558251889057
ENC_26170_1-901	0.1440272910985314	0.6087076369819469	0.08456233722919904	0.05722187870189188	0.07443179193404403	0.44085441512709367	0.6567495021638221	1.022797940218792	0.30610654547590044	0.0	0.5051424936226709	0.9832791876688847	0.7449687919243615	-1	0.7084492797130053
SEN3341_1-901	0.36111520252413953	0.10356514335927591	0.4205801563934719	0.44792061492077906	0.4307107016886269	0.06428807849557727	0.15160700854115117	0.5176554465961208	0.8112490390985714	0.5051424936226709	0.0	0.47813669404621373	0.23982629830169055	-1	0.20330678609033437
t3991_1-901	0.8392518965703533	0.3745715506869378	0.8987168504396856	0.9260573089669928	0.9088473957348406	0.542424772541791	0.32652968550506256	0.03951875254990711	1.289385733144785	0.9832791876688847	0.47813669404621373	0.0	0.23831039574452317	-1	0.27482990795587936
ROD_44021_1-901	0.6009415008258301	0.13626115494241464	0.6604064546951625	0.6877469132224696	0.6705369999903175	0.3041143767972678	0.08821928976053939	0.2778291482944303	1.051075337400262	0.7449687919243615	0.23982629830169055	0.23831039574452317	0.0	-1	0.036519512211356187
b3418_1-901	-1	-1	-1	-1	-1	-1	-1	-1	-1	-1	-1	-1	-1	-1	-1
NCTC13441_00281_1-901	0.5644219886144739	0.09974164273105846	0.6238869424838063	0.6512274010111134	0.6340174877789613	0.26759486458591164	0.0516997775491832	0.31434866050578647	1.0145558251889057	0.7084492797130053	0.20330678609033437	0.27482990795587936	0.036519512211356187	-1	0.0
