ENC_39600_45-420	0.0	0.6931038201946962	1.056116649153725	0.8066035856289483	-1	0.9621007442654996	0.10287161314263567	0.07629619223460382	0.08357707186341007	-1	0.09621986634310946	0.08291182116326258	1.1910735220718955	0.10287161314263567	0.07845196233662682	0.13617891915909897	0.10287161314263567	0.09409981135844252	0.9323855621460466	0.9109276199359702	1.6755066186564913	1.6366955107434056	0.016452926670326037	0.9874360075395567	0.8678804734963166	2.481922643014592
BN373_36451_2-320	0.6931038201946962	0.0	0.36301282895902887	0.11349976543425211	-1	0.26899692407080344	0.7959754333373319	0.7694000124293	0.7766808920581063	-1	0.7893236865378057	0.7760156413579589	0.49796970187719936	0.7959754333373319	0.7715557825313231	0.5569249010355972	0.7959754333373319	0.7872036315531388	0.23928174195135044	0.21782379974127397	0.9824027984617951	0.9435916905487094	0.6766508935243702	0.29433218734486055	0.1747766533016204	1.788818822819896
SL1344_2793_1-319	1.056116649153725	0.36301282895902887	0.0	0.24951306352477676	-1	0.09401590488822542	1.1589882622963608	1.132412841388329	1.1396937210171352	-1	1.1523365154968346	1.1390284703169877	0.1349568729181705	1.1589882622963608	1.134568611490352	0.9199377299946261	1.1589882622963608	1.1502164605121676	0.12373108700767843	0.1451890292177549	0.6193899695027663	0.5805788615896805	1.039663722483399	0.06868064161416831	0.18823617565740847	1.4258059938608671
CS17_02993_1-319	0.8066035856289483	0.11349976543425211	0.24951306352477676	0.0	-1	0.15549715863655134	0.909475198771584	0.8828997778635521	0.8901806574923584	-1	0.9028234519720578	0.8895154067922109	0.38446993644294725	0.909475198771584	0.8850555479655752	0.6704246664698494	0.909475198771584	0.9007033969873909	0.12578197651709833	0.10432403430702186	0.868903033027543	0.8300919251144573	0.7901506589586222	0.18083242191060844	0.06127688786736829	1.6753190573856438
b2235_1-376	-1	-1	-1	-1	-1	-1	-1	-1	-1	-1	-1	-1	-1	-1	-1	-1	-1	-1	-1	-1	-1	-1	-1	-1	-1	-1
ETEC_2873_1-319	0.9621007442654996	0.26899692407080344	0.09401590488822542	0.15549715863655134	-1	0.0	1.0649723574081353	1.0383969365001036	1.0456778161289098	-1	1.0583206106086092	1.0450125654287623	0.2289727778063959	1.0649723574081353	1.0405527066021265	0.8259218251064007	1.0649723574081353	1.0562005556239422	0.02971518211945301	0.051173124329529474	0.7134058743909917	0.674594766477906	0.9456478175951737	0.025335263274057107	0.09422027076918305	1.5198218987490926
STMMW_23021_1-376	0.10287161314263567	0.7959754333373319	1.1589882622963608	0.909475198771584	-1	1.0649723574081353	0.0	0.026575420908031847	0.0192945412792256	-1	0.006651746799526212	0.019959791979373087	1.2939451352145313	0.0	0.02441965080600885	0.23905053230173462	0.0	0.008771801784193145	1.0352571752886823	1.0137992330786059	1.778378231799127	1.7395671238860413	0.1193245398129617	1.0903076206821924	0.9707520866389523	2.584794256157228
SL1344_2247_1-376	0.07629619223460382	0.7694000124293	1.132412841388329	0.8828997778635521	-1	1.0383969365001036	0.026575420908031847	0.0	0.007280879628806247	-1	0.019923674108505634	0.006615628928658759	1.2673697143064995	0.026575420908031847	0.0021557701020229955	0.2124751113937028	0.026575420908031847	0.017803619123838703	1.0086817543806506	0.987223812170574	1.7518028108910952	1.7129917029780095	0.09274911890492986	1.0637321997741607	0.9441766657309204	2.558218835249196
BN373_32541_1-376	0.08357707186341007	0.7766808920581063	1.1396937210171352	0.8901806574923584	-1	1.0456778161289098	0.0192945412792256	0.007280879628806247	0.0	-1	0.012642794479699387	0.0006652507001474878	1.2746505939353057	0.0192945412792256	0.005125109526783252	0.21975599102250903	0.0192945412792256	0.010522739495032454	1.0159626340094567	0.9945046917993803	1.7590836905199014	1.7202725826068157	0.1000299985337361	1.0710130794029669	0.9514575453597267	2.565499714878002
b2676_1-319	-1	-1	-1	-1	-1	-1	-1	-1	-1	-1	-1	-1	-1	-1	-1	-1	-1	-1	-1	-1	-1	-1	-1	-1	-1	-1
CS17_02485_1-376	0.09621986634310946	0.7893236865378057	1.1523365154968346	0.9028234519720578	-1	1.0583206106086092	0.006651746799526212	0.019923674108505634	0.012642794479699387	-1	0.0	0.013308045179846874	1.287293388415005	0.006651746799526212	0.01776790400648264	0.2323987855022084	0.006651746799526212	0.0021200549846669336	1.0286054284891561	1.0071474862790797	1.7717264849996008	1.732915377086515	0.1126727930134355	1.0836558738826663	0.9641003398394261	2.5781425093577015
NCTC13441_01473_1-376	0.08291182116326258	0.7760156413579589	1.1390284703169877	0.8895154067922109	-1	1.0450125654287623	0.019959791979373087	0.006615628928658759	0.0006652507001474878	-1	0.013308045179846874	0.0	1.2739853432351582	0.019959791979373087	0.004459858826635764	0.21909074032236153	0.019959791979373087	0.011187990195179942	1.0152973833093093	0.9938394410992328	1.758418439819754	1.7196073319066683	0.09936474783358862	1.0703478287028194	0.9507922946595793	2.5648344641778547
NCTC13441_01103_1-319	1.1910735220718955	0.49796970187719936	0.1349568729181705	0.38446993644294725	-1	0.2289727778063959	1.2939451352145313	1.2673697143064995	1.2746505939353057	-1	1.287293388415005	1.2739853432351582	0.0	1.2939451352145313	1.2695254844085224	1.0548946029127966	1.2939451352145313	1.2851733334303381	0.2586879599258489	0.2801459021359254	0.48443309658459577	0.44562198867151004	1.1746205954015696	0.2036375145323388	0.32319304857557896	1.2908491209426967
STM_MW23021_1-376	0.10287161314263567	0.7959754333373319	1.1589882622963608	0.909475198771584	-1	1.0649723574081353	0.0	0.026575420908031847	0.0192945412792256	-1	0.006651746799526212	0.019959791979373087	1.2939451352145313	0.0	0.02441965080600885	0.23905053230173462	0.0	0.008771801784193145	1.0352571752886823	1.0137992330786059	1.778378231799127	1.7395671238860413	0.1193245398129617	1.0903076206821924	0.9707520866389523	2.584794256157228
ETEC_2368_1-376	0.07845196233662682	0.7715557825313231	1.134568611490352	0.8850555479655752	-1	1.0405527066021265	0.02441965080600885	0.0021557701020229955	0.005125109526783252	-1	0.01776790400648264	0.004459858826635764	1.2695254844085224	0.02441965080600885	0.0	0.21463088149572576	0.02441965080600885	0.015647849021815707	1.0108375244826735	0.989379582272597	1.7539585809931182	1.7151474730800325	0.09490488900695285	1.0658879698761836	0.9463324358329435	2.560374605351219
ROD_23561_1-376	0.13617891915909897	0.5569249010355972	0.9199377299946261	0.6704246664698494	-1	0.8259218251064007	0.23905053230173462	0.2124751113937028	0.21975599102250903	-1	0.2323987855022084	0.21909074032236153	1.0548946029127966	0.23905053230173462	0.21463088149572576	0.0	0.23905053230173462	0.23027873051754147	0.7962066429869477	0.7747487007768712	1.5393276994973923	1.5005165915843066	0.11972599248877291	0.8512570883804578	0.7317015543372176	2.3457437238554935
ERS227112_03936_1-376	0.10287161314263567	0.7959754333373319	1.1589882622963608	0.909475198771584	-1	1.0649723574081353	0.0	0.026575420908031847	0.0192945412792256	-1	0.006651746799526212	0.019959791979373087	1.2939451352145313	0.0	0.02441965080600885	0.23905053230173462	0.0	0.008771801784193145	1.0352571752886823	1.0137992330786059	1.778378231799127	1.7395671238860413	0.1193245398129617	1.0903076206821924	0.9707520866389523	2.584794256157228
t0586_1-376	0.09409981135844252	0.7872036315531388	1.1502164605121676	0.9007033969873909	-1	1.0562005556239422	0.008771801784193145	0.017803619123838703	0.010522739495032454	-1	0.0021200549846669336	0.011187990195179942	1.2851733334303381	0.008771801784193145	0.015647849021815707	0.23027873051754147	0.008771801784193145	0.0	1.0264853735044892	1.0050274312944127	1.769606430014934	1.7307953221018482	0.11055273802876855	1.0815358188979993	0.9619802848547592	2.576022454373035
STMMW_27751_1-319	0.9323855621460466	0.23928174195135044	0.12373108700767843	0.12578197651709833	-1	0.02971518211945301	1.0352571752886823	1.0086817543806506	1.0159626340094567	-1	1.0286054284891561	1.0152973833093093	0.2586879599258489	1.0352571752886823	1.0108375244826735	0.7962066429869477	1.0352571752886823	1.0264853735044892	0.0	0.021457942210076464	0.7431210565104447	0.704309948597359	0.9159326354757207	0.05505044539351012	0.06450508864973004	1.5495370808685456
STM_MW27751_1-319	0.9109276199359702	0.21782379974127397	0.1451890292177549	0.10432403430702186	-1	0.051173124329529474	1.0137992330786059	0.987223812170574	0.9945046917993803	-1	1.0071474862790797	0.9938394410992328	0.2801459021359254	1.0137992330786059	0.989379582272597	0.7747487007768712	1.0137992330786059	1.0050274312944127	0.021457942210076464	0.0	0.7645789987205212	0.7257678908074354	0.8944746932656442	0.07650838760358658	0.04304714643965357	1.570995023078622
ENC_29250_1-319	1.6755066186564913	0.9824027984617951	0.6193899695027663	0.868903033027543	-1	0.7134058743909917	1.778378231799127	1.7518028108910952	1.7590836905199014	-1	1.7717264849996008	1.758418439819754	0.48443309658459577	1.778378231799127	1.7539585809931182	1.5393276994973923	1.778378231799127	1.769606430014934	0.7431210565104447	0.7645789987205212	0.0	0.03881110791308573	1.6590536919861654	0.6880706111169346	0.8076261451601747	0.8064160243581009
SEN2653_1-319	1.6366955107434056	0.9435916905487094	0.5805788615896805	0.8300919251144573	-1	0.674594766477906	1.7395671238860413	1.7129917029780095	1.7202725826068157	-1	1.732915377086515	1.7196073319066683	0.44562198867151004	1.7395671238860413	1.7151474730800325	1.5005165915843066	1.7395671238860413	1.7307953221018482	0.704309948597359	0.7257678908074354	0.03881110791308573	0.0	1.6202425840730796	0.6492595032038488	0.768815037247089	0.8452271322711866
SEN2260_1-376	0.016452926670326037	0.6766508935243702	1.039663722483399	0.7901506589586222	-1	0.9456478175951737	0.1193245398129617	0.09274911890492986	0.1000299985337361	-1	0.1126727930134355	0.09936474783358862	1.1746205954015696	0.1193245398129617	0.09490488900695285	0.11972599248877291	0.1193245398129617	0.11055273802876855	0.9159326354757207	0.8944746932656442	1.6590536919861654	1.6202425840730796	0.0	0.9709830808692308	0.8514275468259906	2.4654697163442663
ROD_31321_1-319	0.9874360075395567	0.29433218734486055	0.06868064161416831	0.18083242191060844	-1	0.025335263274057107	1.0903076206821924	1.0637321997741607	1.0710130794029669	-1	1.0836558738826663	1.0703478287028194	0.2036375145323388	1.0903076206821924	1.0658879698761836	0.8512570883804578	1.0903076206821924	1.0815358188979993	0.05505044539351012	0.07650838760358658	0.6880706111169346	0.6492595032038488	0.9709830808692308	0.0	0.11955553404324015	1.4944866354750355
ERS227112_01655_2-320	0.8678804734963166	0.1747766533016204	0.18823617565740847	0.06127688786736829	-1	0.09422027076918305	0.9707520866389523	0.9441766657309204	0.9514575453597267	-1	0.9641003398394261	0.9507922946595793	0.32319304857557896	0.9707520866389523	0.9463324358329435	0.7317015543372176	0.9707520866389523	0.9619802848547592	0.06450508864973004	0.04304714643965357	0.8076261451601747	0.768815037247089	0.8514275468259906	0.11955553404324015	0.0	1.6140421695182756
t2705_1-319	2.481922643014592	1.788818822819896	1.4258059938608671	1.6753190573856438	-1	1.5198218987490926	2.584794256157228	2.558218835249196	2.565499714878002	-1	2.5781425093577015	2.5648344641778547	1.2908491209426967	2.584794256157228	2.560374605351219	2.3457437238554935	2.584794256157228	2.576022454373035	1.5495370808685456	1.570995023078622	0.8064160243581009	0.8452271322711866	2.4654697163442663	1.4944866354750355	1.6140421695182756	0.0
