CS17_01176_1-277	0.0	0.0005620838093384173	0.2440374735551501	0.13501225880096393	0.18899829559781084	0.15919376354728712	0.32758699866350055	0.04633018666952169	-1	0.28886661045653966	0.43498455395819435
ROD_10951_1-277	0.0005620838093384173	0.0	0.24361232028680027	0.13452578975998808	0.18854218829989303	0.15872089418277255	0.32720883364182474	0.04686622903104954	-1	0.2884666690914313	0.4346667893135862
SEN1909_1-248	0.2440374735551501	0.24361232028680027	0.0	0.126042496975803	0.06786567482975896	0.10090756506018689	0.11052072316503335	0.27906135852050323	-1	0.059300739564714364	0.25258802351094384
STMMW_11471_1-248	0.13501225880096393	0.13452578975998808	0.126042496975803	0.0	0.062412487744637965	0.02795589300815183	0.22263291222554407	0.1750873023175632	-1	0.17786882325326897	0.34679369529724463
SL1344_1076_1-248	0.18899829559781084	0.18854218829989303	0.06786567482975896	0.062412487744637965	0.0	0.03544756301554853	0.17088583453452436	0.2265721559520645	-1	0.1231419296860102	0.30331164167121755
STM_MW11471_1-248	0.15919376354728712	0.15872089418277255	0.10090756506018689	0.02795589300815183	0.03544756301554853	0.0	0.20027591116194574	0.19814847343503927	-1	0.15422441138915763	0.3280075461552761
NCTC13441_02874_1-277	0.32758699866350055	0.32720883364182474	0.11052072316503335	0.22263291222554407	0.17088583453452436	0.20027591116194574	0.0	0.35874001853443394	-1	0.0544488400858508	0.1597196292772873
Ecoli9000q_53990_1-267	0.04633018666952169	0.04686622903104954	0.27906135852050323	0.1750873023175632	0.2265721559520645	0.19814847343503927	0.35874001853443394	0.0	-1	0.32181355314101784	0.4611618250444743
b1037_1-277	-1	-1	-1	-1	-1	-1	-1	-1	-1	-1	-1
ETEC_1102_1-277	0.28886661045653966	0.2884666690914313	0.059300739564714364	0.17786882325326897	0.1231419296860102	0.15422441138915763	0.0544488400858508	0.32181355314101784	-1	0.0	0.2054719208100477
t1781_1-277	0.43498455395819435	0.4346667893135862	0.25258802351094384	0.34679369529724463	0.30331164167121755	0.3280075461552761	0.1597196292772873	0.4611618250444743	-1	0.2054719208100477	0.0
