ETEC_1037_1-367	0.0	0.501225590352713	0.048247913838409984	0.392606270793192	0.704596730930781	0.5549335848209039	5.87471919171456	0.21331234547537992	0.331303749763566	0.186064843163804	0.13614776683628593	0.19021926685568802	0.22405681251160192
ERS227112_03479_34-400	0.501225590352713	0.0	0.452977676514303	0.10861931955952098	0.203371140578068	0.05370799446819097	6.375944782067273	0.28791324487733305	0.16992184058914694	0.31516074718890896	0.36507782351642704	0.31100632349702495	0.27716877784111105
CS17_01030_25-391	0.048247913838409984	0.452977676514303	0.0	0.344358356954782	0.656348817092371	0.506685670982494	5.92296710555297	0.16506443163696993	0.28305583592515604	0.13781692932539402	0.08789985299787595	0.14197135301727803	0.17580889867319194
STM_MW10931_37-403	0.392606270793192	0.10861931955952098	0.344358356954782	0.0	0.31199046013758897	0.16232731402771194	6.267325462507752	0.17929392531781208	0.06130252102962597	0.20654142762938799	0.25645850395690606	0.20238700393750397	0.16854945828159007
t1840_37-403	0.704596730930781	0.203371140578068	0.656348817092371	0.31199046013758897	0.0	0.14966314610987702	6.579315922645341	0.49128438545540104	0.37329298116721493	0.5185318877669769	0.568448964094495	0.5143774640750929	0.48053991841917904
BN373_16081_34-400	0.5549335848209039	0.05370799446819097	0.506685670982494	0.16232731402771194	0.14966314610987702	0.0	6.429652776535464	0.341621239345524	0.2236298350573379	0.36886874165709993	0.418785817984618	0.3647143179652159	0.330876772309302
b0967_30-396	5.87471919171456	6.375944782067273	5.92296710555297	6.267325462507752	6.579315922645341	6.429652776535464	0.0	6.08803153718994	6.2060229414781265	6.060784034878364	6.010866958550846	6.064938458570248	6.098776004226162
SEN0945_37-403	0.21331234547537992	0.28791324487733305	0.16506443163696993	0.17929392531781208	0.49128438545540104	0.341621239345524	6.08803153718994	0.0	0.11799140428818611	0.02724750231157591	0.07716457863909398	0.023093078619691898	0.010744467036222005
STMMW_10931_37-403	0.331303749763566	0.16992184058914694	0.28305583592515604	0.06130252102962597	0.37329298116721493	0.2236298350573379	6.2060229414781265	0.11799140428818611	0.0	0.14523890659976202	0.1951559829272801	0.141084482907878	0.1072469372519641
NCTC13441_02929_25-391	0.186064843163804	0.31516074718890896	0.13781692932539402	0.20654142762938799	0.5185318877669769	0.36886874165709993	6.060784034878364	0.02724750231157591	0.14523890659976202	0.0	0.04991707632751807	0.004154423691884013	0.037991969347797916
ENC_16600_30-396	0.13614776683628593	0.36507782351642704	0.08789985299787595	0.25645850395690606	0.568448964094495	0.418785817984618	6.010866958550846	0.07716457863909398	0.1951559829272801	0.04991707632751807	0.0	0.054071500019402086	0.08790904567531599
ROD_10291_1-367	0.19021926685568802	0.31100632349702495	0.14197135301727803	0.20238700393750397	0.5143774640750929	0.3647143179652159	6.064938458570248	0.023093078619691898	0.141084482907878	0.004154423691884013	0.054071500019402086	0.0	0.0338375456559139
SL1344_1020_37-403	0.22405681251160192	0.27716877784111105	0.17580889867319194	0.16854945828159007	0.48053991841917904	0.330876772309302	6.098776004226162	0.010744467036222005	0.1072469372519641	0.037991969347797916	0.08790904567531599	0.0338375456559139	0.0
