ETEC_1836_1-375	0.0	0.18528491092807586	-1	0.11069189940119983	0.03223774065710572	0.00842591568004758	0.030404780280210764	0.06844507265855054	0.10195691312020344	0.14556091734996007	0.10292448428173206	0.031121814476972598	0.1435836078649978
SL1344_1745_1-375	0.18528491092807586	0.0	-1	0.2959768103292757	0.21752265158518158	0.17685899524802828	0.1548801306478651	0.2537299835866264	0.2872418240482793	0.33084582827803594	0.0823604266463438	0.15416309645110327	0.041701303063078066
b1804_1-375	-1	-1	-1	-1	-1	-1	-1	-1	-1	-1	-1	-1	-1
NCTC13441_02082_1-372	0.11069189940119983	0.2959768103292757	-1	0.0	0.07845415874409412	0.11911781508124741	0.1410966796814106	0.04224682674264929	0.008734986280996393	0.03486901794876024	0.2136163836829319	0.14181371387817243	0.25427550726619763
ERS227112_04345_1-372	0.03223774065710572	0.21752265158518158	-1	0.07845415874409412	0.0	0.0406636563371533	0.06264252093731648	0.036207332001444825	0.06971917246309772	0.11332317669285435	0.13516222493883778	0.06335955513407832	0.17582134852210352
ENC_06930_10-384	0.00842591568004758	0.17685899524802828	-1	0.11911781508124741	0.0406636563371533	0.0	0.021978864600163184	0.07687098833859812	0.11038282880025102	0.15398683303000765	0.09449856860168449	0.022695898796925018	0.13515769218495022
CS17_01990_1-372	0.030404780280210764	0.1548801306478651	-1	0.1410966796814106	0.06264252093731648	0.021978864600163184	0.0	0.0988498529387613	0.1323616934004142	0.17596569763017084	0.0725197040015213	0.0007170341967618343	0.11317882758478703
ROD_18431_1-377	0.06844507265855054	0.2537299835866264	-1	0.04224682674264929	0.036207332001444825	0.07687098833859812	0.0988498529387613	0.0	0.0335118404616529	0.07711584469140953	0.1713695569402826	0.09956688713552314	0.21202868052354834
STMMW_18091_1-375	0.10195691312020344	0.2872418240482793	-1	0.008734986280996393	0.06971917246309772	0.11038282880025102	0.1323616934004142	0.0335118404616529	0.0	0.04360400422975663	0.2048813974019355	0.13307872759717604	0.24554052098520124
STM_MW18091_1-376	0.14556091734996007	0.33084582827803594	-1	0.03486901794876024	0.11332317669285435	0.15398683303000765	0.17596569763017084	0.07711584469140953	0.04360400422975663	0.0	0.24848540163169214	0.17668273182693267	0.28914452521495787
SEN1220_1-375	0.10292448428173206	0.0823604266463438	-1	0.2136163836829319	0.13516222493883778	0.09449856860168449	0.0725197040015213	0.1713695569402826	0.2048813974019355	0.24848540163169214	0.0	0.07180266980475947	0.04065912358326573
t1060_1-375	0.031121814476972598	0.15416309645110327	-1	0.14181371387817243	0.06335955513407832	0.022695898796925018	0.0007170341967618343	0.09956688713552314	0.13307872759717604	0.17668273182693267	0.07180266980475947	0.0	0.1124617933880252
BN373_29041_1-375	0.1435836078649978	0.041701303063078066	-1	0.25427550726619763	0.17582134852210352	0.13515769218495022	0.11317882758478703	0.21202868052354834	0.24554052098520124	0.28914452521495787	0.04065912358326573	0.1124617933880252	0.0
