t3578_1-219	0.0	0.05586735233174012	0.21721561811483991	0.13393526713645	0.2860528026972581	0.16968192006944505	0.13428968461612012	2.4565046082997	0.03326331433253005	0.33828680829345503	0.36378083878265	0.5835150853889951	0.2067872221801661	0.06453724840518005	0.01883657849491005	-1	0.020113825317070066
ROD_38541_1-219	0.05586735233174012	0.0	0.27308297044658003	0.1898026194681901	0.23018545036551796	0.11381456773770493	0.07842233228438	2.51237196063144	0.02260403799921007	0.2824194559617149	0.4196481911143901	0.527647733057255	0.15091986984842598	0.008669896073439931	0.037030773836830067	-1	0.03575352701467005
BN373_00251_4-219	0.21721561811483991	0.27308297044658003	0.0	0.08328035097838993	0.503268420812098	0.38689753818428496	0.35150530273096003	2.23928899018486	0.25047893244736996	0.555502426408295	0.14656522066781008	0.800730703503835	0.424002840295006	0.28175286652001996	0.23605219660974996	-1	0.23732944343190998
SL1344_3990_1-219	0.13393526713645	0.1898026194681901	0.08328035097838993	0.0	0.41998806983370807	0.30361718720589503	0.2682249517525701	2.32256934116325	0.16719858146898003	0.472222075429905	0.2298455716462	0.7174503525254451	0.3407224893166161	0.19847251554163003	0.15277184563136004	-1	0.15404909245352005
ERS227112_00382_11-229	0.2860528026972581	0.23018545036551796	0.503268420812098	0.41998806983370807	0.0	0.11637088262781303	0.15176311808113796	2.742557410996958	0.25278948836472803	0.05223400559619695	0.6498336414799081	0.297462282691737	0.07926558051709198	0.22151555429207803	0.26721622420234803	-1	0.265938977380188
SEN3832_1-219	0.16968192006944505	0.11381456773770493	0.38689753818428496	0.30361718720589503	0.11637088262781303	0.0	0.03539223545332493	2.626186528369145	0.136418605736915	0.16860488822400999	0.533462758852095	0.41383316531955006	0.03710530211072105	0.105144671664265	0.150845341574535	-1	0.14956809475237498
STM_MW40061_1-219	0.13428968461612012	0.07842233228438	0.35150530273096003	0.2682249517525701	0.15176311808113796	0.03539223545332493	0.0	2.5907942929158203	0.10102637028359007	0.2039971236773349	0.4980705233987701	0.449225400772875	0.07249753756404598	0.06975243621094007	0.11545310612121007	-1	0.11417585929905005
ERS227112_01890_4-219	2.4565046082997	2.51237196063144	2.23928899018486	2.32256934116325	2.742557410996958	2.626186528369145	2.5907942929158203	0.0	2.48976792263223	2.794791416593155	2.09272376951705	3.040019693688695	2.6632918304798663	2.52104185670488	2.4753411867946102	-1	2.4766184336167703
STMMW_40061_1-219	0.03326331433253005	0.02260403799921007	0.25047893244736996	0.16719858146898003	0.25278948836472803	0.136418605736915	0.10102637028359007	2.48976792263223	0.0	0.305023493960925	0.39704415311518004	0.550251771056465	0.17352390784763605	0.03127393407265	0.014426735837619997	-1	0.01314948901545998
BN373_48331_21-239	0.33828680829345503	0.2824194559617149	0.555502426408295	0.472222075429905	0.05223400559619695	0.16860488822400999	0.2039971236773349	2.794791416593155	0.305023493960925	0.0	0.702067647076105	0.24522827709554007	0.13149958611328894	0.273749559888275	0.319450229798545	-1	0.31817298297638497
CS17_02998_11-235	0.36378083878265	0.4196481911143901	0.14656522066781008	0.2298455716462	0.6498336414799081	0.533462758852095	0.4980705233987701	2.09272376951705	0.39704415311518004	0.702067647076105	0.0	0.9472959241716451	0.5705680609628161	0.42831808718783004	0.38261741727756005	-1	0.38389466409972006
ERS227112_01651_13-239	0.5835150853889951	0.527647733057255	0.800730703503835	0.7174503525254451	0.297462282691737	0.41383316531955006	0.449225400772875	3.040019693688695	0.550251771056465	0.24522827709554007	0.9472959241716451	0.0	0.376727863208829	0.518977836983815	0.564678506894085	-1	0.563401260071925
NCTC13441_01098_11-235	0.2067872221801661	0.15091986984842598	0.424002840295006	0.3407224893166161	0.07926558051709198	0.03710530211072105	0.07249753756404598	2.6632918304798663	0.17352390784763605	0.13149958611328894	0.5705680609628161	0.376727863208829	0.0	0.14224997377498605	0.18795064368525605	-1	0.18667339686309603
BN373_36491_13-239	0.06453724840518005	0.008669896073439931	0.28175286652001996	0.19847251554163003	0.22151555429207803	0.105144671664265	0.06975243621094007	2.52104185670488	0.03127393407265	0.273749559888275	0.42831808718783004	0.518977836983815	0.14224997377498605	0.0	0.04570066991027	-1	0.04442342308810998
ENC_00520_1-219	0.01883657849491005	0.037030773836830067	0.23605219660974996	0.15277184563136004	0.26721622420234803	0.150845341574535	0.11545310612121007	2.4753411867946102	0.014426735837619997	0.319450229798545	0.38261741727756005	0.564678506894085	0.18795064368525605	0.04570066991027	0.0	-1	0.0012772468221600164
b2682_11-235	-1	-1	-1	-1	-1	-1	-1	-1	-1	-1	-1	-1	-1	-1	-1	-1	-1
ETEC_2878_11-235	0.020113825317070066	0.03575352701467005	0.23732944343190998	0.15404909245352005	0.265938977380188	0.14956809475237498	0.11417585929905005	2.4766184336167703	0.01314948901545998	0.31817298297638497	0.38389466409972006	0.563401260071925	0.18667339686309603	0.04442342308810998	0.0012772468221600164	-1	0.0
