ROD_41681_1-207	0.0	0.002710944614190601	0.009483753195091822	0.010571565847155281	0.005873783338076748	0.00818705597787469	0.04190857148868036	0.034650359111128896	0.024528160021340048	0.08772538738876437	-1	0.08104807509218612	0.016625167247536918
BN373_46381_1-207	0.002710944614190601	0.0	0.012194697809282423	0.013282510461345882	0.0031628387238861466	0.005476111363684089	0.04461951610287096	0.0373613037253195	0.02723910463553065	0.09043633200295496	-1	0.08375901970637671	0.01933611186172752
ERS227112_00583_1-207	0.009483753195091822	0.012194697809282423	0.0	0.0010878126520634593	0.01535753653316857	0.017670809172966512	0.032424818293588537	0.025166605916037074	0.015044406826248226	0.07824163419367254	-1	0.07156432189709429	0.007141414052445096
CS17_04096_1-207	0.010571565847155281	0.013282510461345882	0.0010878126520634593	0.0	0.01644534918523203	0.01875862182502997	0.03133700564152508	0.024078793263973615	0.013956594174184767	0.07715382154160907	-1	0.07047650924503082	0.006053601400381636
STM_MW37291_1-207	0.005873783338076748	0.0031628387238861466	0.01535753653316857	0.01644534918523203	0.0	0.002313272639797942	0.047782354826757106	0.040524142449205644	0.030401943359416796	0.09359917072684111	-1	0.08692185843026286	0.022498950585613665
ETEC_3889_1-207	0.00818705597787469	0.005476111363684089	0.017670809172966512	0.01875862182502997	0.002313272639797942	0.0	0.05009562746655505	0.042837415089003586	0.03271521599921474	0.09591244336663905	-1	0.0892351310700608	0.024812223225411607
t3778_1-207	0.04190857148868036	0.04461951610287096	0.032424818293588537	0.03133700564152508	0.047782354826757106	0.05009562746655505	0.0	0.007258212377551462	0.01738041146734031	0.045816815900084004	-1	0.03913950360350575	0.02528340424114344
SL1344_3706_1-207	0.034650359111128896	0.0373613037253195	0.025166605916037074	0.024078793263973615	0.040524142449205644	0.042837415089003586	0.007258212377551462	0.0	0.010122199089788848	0.053075028277635466	-1	0.046397715981057214	0.01802519186359198
ENC_02720_1-207	0.024528160021340048	0.02723910463553065	0.015044406826248226	0.013956594174184767	0.030401943359416796	0.03271521599921474	0.01738041146734031	0.010122199089788848	0.0	0.06319722736742431	-1	0.05651991507084606	0.00790299277380313
SEN3562_1-207	0.08772538738876437	0.09043633200295496	0.07824163419367254	0.07715382154160907	0.09359917072684111	0.09591244336663905	0.045816815900084004	0.053075028277635466	0.06319722736742431	0.0	-1	0.006677312296578253	0.07110022014122744
b3648_1-207	-1	-1	-1	-1	-1	-1	-1	-1	-1	-1	-1	-1	-1
STMMW_37291_1-207	0.08104807509218612	0.08375901970637671	0.07156432189709429	0.07047650924503082	0.08692185843026286	0.0892351310700608	0.03913950360350575	0.046397715981057214	0.05651991507084606	0.006677312296578253	-1	0.0	0.06442290784464919
NCTC13441_00036_1-207	0.016625167247536918	0.01933611186172752	0.007141414052445096	0.006053601400381636	0.022498950585613665	0.024812223225411607	0.02528340424114344	0.01802519186359198	0.00790299277380313	0.07110022014122744	-1	0.06442290784464919	0.0
