CS17_03069_1-253	0.0	0.29311229339355493	0.37259787632647634	-1	0.195297212158936	0.4870795754217985	0.4892450742660272	0.2894522041479233	0.5262029749183044	0.5490823120759888	0.38137995829500637	0.47730015968091855
STMMW_28901_1-253	0.29311229339355493	0.0	0.11244442673152108	-1	0.12155429645900308	0.27439617384127685	0.27745960078163856	0.005151080992718491	0.32974216321252436	0.36210845978814477	0.12486801521163512	0.2605617052977114
SEN2766_1-253	0.37259787632647634	0.11244442673152108	0.0	-1	0.2203306200084382	0.18246941598637967	0.18592094852431468	0.11701629737496572	0.24482718944661772	0.281293972542159	0.013997533060790105	0.1668822584491686
b2744_1-253	-1	-1	-1	-1	-1	-1	-1	-1	-1	-1	-1	-1
BN373_37501_1-253	0.195297212158936	0.12155429645900308	0.2203306200084382	-1	0.0	0.3625964364379612	0.3652874906718337	0.11700592244944943	0.41121488300935927	0.4396469171757467	0.2312440679313558	0.350443606985093
ERS227112_01554_1-253	0.4870795754217985	0.27439617384127685	0.18246941598637967	-1	0.3625964364379612	0.0	0.0042219002021794474	0.2781338179184469	0.07627576836831726	0.1208817853279638	0.17086355113143584	0.018709429363724644
STM_MW28901_1-253	0.4892450742660272	0.27745960078163856	0.18592094852431468	-1	0.3652874906718337	0.0042219002021794474	0.0	0.28118146489852347	0.07235936217192103	0.11715449973188864	0.1743640824725484	0.02285234022229072
ETEC_2935_1-253	0.2894522041479233	0.005151080992718491	0.11701629737496572	-1	0.11700592244944943	0.2781338179184469	0.28118146489852347	0.0	0.3331947156158209	0.365394290776346	0.12937589094459848	0.2643706118428405
ROD_30651_1-253	0.5262029749183044	0.32974216321252436	0.24482718944661772	-1	0.41121488300935927	0.07627576836831726	0.07235936217192103	0.3331947156158209	0.0	0.04828932210737147	0.23410657085106357	0.09355812163159105
t2828_1-253	0.5490823120759888	0.36210845978814477	0.281293972542159	-1	0.4396469171757467	0.1208817853279638	0.11715449973188864	0.365394290776346	0.04828932210737147	0.0	0.27109104535115586	0.137329585467734
SL1344_2906_1-253	0.38137995829500637	0.12486801521163512	0.013997533060790105	-1	0.2312440679313558	0.17086355113143584	0.1743640824725484	0.12937589094459848	0.23410657085106357	0.27109104535115586	0.0	0.1550551144795506
NCTC13441_01029_1-253	0.47730015968091855	0.2605617052977114	0.1668822584491686	-1	0.350443606985093	0.018709429363724644	0.02285234022229072	0.2643706118428405	0.09355812163159105	0.137329585467734	0.1550551144795506	0.0
