ENC_28080_1-82	0.0	0.03144693214766749	0.03144693214766749	0.1515572237027122	0.04904135937848365	0.04320175649509129	-1	0.0026497389707267963	0.008305303492618231	0.03144693214766749	0.057025598596098674	0.048996908604933075	0.029482081641478704
NCTC13441_01132_1-82	0.03144693214766749	0.0	0.0	0.1830041558503797	0.08048829152615114	0.07464868864275878	-1	0.028797193176940697	0.039752235640285724	0.0	0.08847253074376617	0.08044384075260057	0.0609290137891462
ROD_25591_1-102	0.03144693214766749	0.0	0.0	0.1830041558503797	0.08048829152615114	0.07464868864275878	-1	0.028797193176940697	0.039752235640285724	0.0	0.08847253074376617	0.08044384075260057	0.0609290137891462
CS17_02950_1-82	0.1515572237027122	0.1830041558503797	0.1830041558503797	0.0	0.10251586432422857	0.10835546720762093	-1	0.15420696267343903	0.14325192021009397	0.1830041558503797	0.09453162510661355	0.10256031509777915	0.12207514206123352
STM_MW26901_1-82	0.04904135937848365	0.08048829152615114	0.08048829152615114	0.10251586432422857	0.0	0.0058396028833923586	-1	0.05169109834921044	0.040736055885865416	0.08048829152615114	0.007984239217615027	4.4450773550572253e-05	0.019559277737004943
ETEC_2816_1-82	0.04320175649509129	0.07464868864275878	0.07464868864275878	0.10835546720762093	0.0058396028833923586	0.0	-1	0.045851495465818085	0.03489645300247306	0.07464868864275878	0.013823842101007386	0.005795152109841786	0.013719674853612585
b2609_1-82	-1	-1	-1	-1	-1	-1	-1	-1	-1	-1	-1	-1	-1
SEN2597_1-82	0.0026497389707267963	0.028797193176940697	0.028797193176940697	0.15420696267343903	0.05169109834921044	0.045851495465818085	-1	0.0	0.010955042463345027	0.028797193176940697	0.05967533756682547	0.05164664757565987	0.0321318206122055
ERS227112_01711_1-82	0.008305303492618231	0.039752235640285724	0.039752235640285724	0.14325192021009397	0.040736055885865416	0.03489645300247306	-1	0.010955042463345027	0.0	0.039752235640285724	0.04872029510348044	0.040691605112314844	0.021176778148860473
STMMW_26901_1-82	0.03144693214766749	0.0	0.0	0.1830041558503797	0.08048829152615114	0.07464868864275878	-1	0.028797193176940697	0.039752235640285724	0.0	0.08847253074376617	0.08044384075260057	0.0609290137891462
BN373_35861_1-82	0.057025598596098674	0.08847253074376617	0.08847253074376617	0.09453162510661355	0.007984239217615027	0.013823842101007386	-1	0.05967533756682547	0.04872029510348044	0.08847253074376617	0.0	0.0080286899911656	0.02754351695461997
t2631_1-82	0.048996908604933075	0.08044384075260057	0.08044384075260057	0.10256031509777915	4.4450773550572253e-05	0.005795152109841786	-1	0.05164664757565987	0.040691605112314844	0.08044384075260057	0.0080286899911656	0.0	0.01951482696345437
SL1344_2649_1-82	0.029482081641478704	0.0609290137891462	0.0609290137891462	0.12207514206123352	0.019559277737004943	0.013719674853612585	-1	0.0321318206122055	0.021176778148860473	0.0609290137891462	0.02754351695461997	0.01951482696345437	0.0
