BN373_28511_8-774	0.0	0.10404461894508099	0.6836165089663758	0.09231380602273453	0.2028928435294316	0.5018587312444459	0.0011479180192056626	0.13521283702003795	0.04508569426382392	0.13148850926882405	0.005314196593572795	0.7841637724778877	0.06977922590142582	0.2619801274613969	0.4094273977891808	0.548936430296222	0.221691956656142	0.20809920345015243	0.5977054478953162	0.19154555054452171	0.1595707668248777	0.19875540776740486	0.08469183979830541
BN373_19561_7-773	0.10404461894508099	0.0	0.5795718900212948	0.19635842496781553	0.09884822458435061	0.3978141122993649	0.10289670092587533	0.031168218074956955	0.1491303132089049	0.02744389032374306	0.10935881553865379	0.6801191535328067	0.17382384484650681	0.3660247464064779	0.5134720167342618	0.444891811351141	0.325736575601223	0.10405458450507143	0.4936608289502352	0.2955901694896027	0.2636153857699587	0.09471078882232387	0.01935277914677558
NCTC13441_00950_9-743	0.6836165089663758	0.5795718900212948	0.0	0.7759303149891104	0.4807236654369442	0.18175777772192991	0.6824685909471702	0.5484036719463379	0.7287022032301997	0.5521279996975518	0.6889307055599486	0.10054726351151189	0.7533957348678016	0.9455966364277728	1.0930439067555566	0.13468007867015386	0.9053084656225179	0.4755173055162234	0.08591106107105961	0.8751620595108975	0.8431872757912535	0.48486110119897097	0.5989246691680704
STM_MW02941_96-725	0.09231380602273453	0.19635842496781553	0.7759303149891104	0.0	0.29520664955216613	0.5941725372671804	0.0934617240419402	0.22752664304277248	0.04722811175891062	0.22380231529155858	0.08699960942916174	0.8764775785006222	0.02253458012130871	0.1696663214386624	0.31711359176644627	0.6412502363189565	0.12937815063340746	0.30041300947288696	0.6900192539180507	0.09923174452178718	0.06725696080214316	0.2910692137901394	0.17700564582103995
t2571_96-727	0.2028928435294316	0.09884822458435061	0.4807236654369442	0.29520664955216613	0.0	0.2989658877150143	0.20174492551022594	0.06768000650939365	0.24797853779325552	0.07140433426060755	0.2082070401230044	0.5812709289484561	0.2726720694308574	0.4648729709908285	0.6123202413186124	0.34604358676679037	0.4245848001855736	0.005206359920720827	0.3948126043658846	0.3944383940739533	0.3624636103543093	0.004137435762026742	0.11820100373112619
NCTC13441_00947_9-748	0.5018587312444459	0.3978141122993649	0.18175777772192991	0.5941725372671804	0.2989658877150143	0.0	0.5007108132252402	0.36664589422440796	0.5469444255082698	0.37037022197562186	0.5071729278380187	0.2823050412334418	0.5716379571458717	0.7638388587058429	0.9112861290336267	0.047077699051776056	0.723550687900588	0.2937595277942935	0.0958467166508703	0.6934042817889676	0.6614294980693236	0.30310332347704105	0.4171668914461405
ETEC_0597_1-633	0.0011479180192056626	0.10289670092587533	0.6824685909471702	0.0934617240419402	0.20174492551022594	0.5007108132252402	0.0	0.13406491900083228	0.04623361228302958	0.1303405912496184	0.006462114612778458	0.783015854458682	0.07092714392063149	0.2631280454806026	0.41057531580838647	0.5477885122770163	0.22283987467534766	0.20695128543094676	0.5965575298761105	0.19269346856372738	0.16071868484408336	0.1976074897481992	0.08354392177909975
ENC_08970_9-783	0.13521283702003795	0.031168218074956955	0.5484036719463379	0.22752664304277248	0.06768000650939365	0.36664589422440796	0.13406491900083228	0.0	0.18029853128386186	0.003724327751213896	0.14052703361361074	0.6489509354578498	0.20499206292146377	0.3971929644814349	0.5446402348092187	0.413723593276184	0.35690479367617994	0.07288636643011448	0.46249261087527826	0.32675838756455966	0.29478360384491564	0.06354257074736691	0.05052099722173253
CS17_00573_1-634	0.04508569426382392	0.1491303132089049	0.7287022032301997	0.04722811175891062	0.24797853779325552	0.5469444255082698	0.04623361228302958	0.18029853128386186	0.0	0.17657420353264797	0.03977149767025112	0.8292494667417116	0.024693531637601907	0.216894433197573	0.3643417035253569	0.5940221245600459	0.17660626239231808	0.25318489771397634	0.6427911421591401	0.1464598562806978	0.11448507256105378	0.24384110203122877	0.12977753406212933
Ecoli9000q_42890_1-699	0.13148850926882405	0.02744389032374306	0.5521279996975518	0.22380231529155858	0.07140433426060755	0.37037022197562186	0.1303405912496184	0.003724327751213896	0.17657420353264797	0.0	0.13680270586239685	0.6526752632090637	0.20126773517024987	0.393468636730221	0.5409159070580049	0.4174479210273979	0.35318046592496605	0.07661069418132838	0.46621693862649216	0.32303405981334576	0.29105927609370175	0.06726689849858081	0.04679666947051864
ROD_28191_1-692	0.005314196593572795	0.10935881553865379	0.6889307055599486	0.08699960942916174	0.2082070401230044	0.5071729278380187	0.006462114612778458	0.14052703361361074	0.03977149767025112	0.13680270586239685	0.0	0.7894779690714605	0.06446502930785303	0.25666593086782413	0.404113201195608	0.5542506268897948	0.2163777600625692	0.21341340004372522	0.603019644488889	0.18623135395094892	0.1542565702313049	0.20406960436097765	0.09000603639187821
NCTC13441_00943_10-765	0.7841637724778877	0.6801191535328067	0.10054726351151189	0.8764775785006222	0.5812709289484561	0.2823050412334418	0.783015854458682	0.6489509354578498	0.8292494667417116	0.6526752632090637	0.7894779690714605	0.0	0.8539429983793135	1.0461438999392847	1.1935911702670685	0.23522734218166574	1.0058557291340298	0.5760645690277353	0.1864583245825715	0.9757093230224094	0.9437345393027654	0.5854083647104829	0.6994719326795823
STMMW_02941_96-725	0.06977922590142582	0.17382384484650681	0.7533957348678016	0.02253458012130871	0.2726720694308574	0.5716379571458717	0.07092714392063149	0.20499206292146377	0.024693531637601907	0.20126773517024987	0.06446502930785303	0.8539429983793135	0.0	0.1922009015599711	0.339648171887755	0.6187156561976478	0.15191273075471617	0.27787842935157825	0.667484673796742	0.12176632464309589	0.08979154092345187	0.2685346336688307	0.15447106569973124
CS17_01607_1-691	0.2619801274613969	0.3660247464064779	0.9455966364277728	0.1696663214386624	0.4648729709908285	0.7638388587058429	0.2631280454806026	0.3971929644814349	0.216894433197573	0.393468636730221	0.25666593086782413	1.0461438999392847	0.1922009015599711	0.0	0.14744727032778387	0.810916557757619	0.04028817080525493	0.47007933091154935	0.8596855753567132	0.07043457691687521	0.10240936063651923	0.4607355352288018	0.34667196725970234
ERS227112_04395_8-770	0.4094273977891808	0.5134720167342618	1.0930439067555566	0.31711359176644627	0.6123202413186124	0.9112861290336267	0.41057531580838647	0.5446402348092187	0.3643417035253569	0.5409159070580049	0.404113201195608	1.1935911702670685	0.339648171887755	0.14744727032778387	0.0	0.9583638280854028	0.1877354411330388	0.6175266012393332	1.007132845684497	0.2178818472446591	0.2498566309643031	0.6081828055565857	0.4941192375874862
ROD_34241_1-654	0.548936430296222	0.444891811351141	0.13468007867015386	0.6412502363189565	0.34604358676679037	0.047077699051776056	0.5477885122770163	0.413723593276184	0.5940221245600459	0.4174479210273979	0.5542506268897948	0.23522734218166574	0.6187156561976478	0.810916557757619	0.9583638280854028	0.0	0.770628386952364	0.34083722684606954	0.048769017599094244	0.7404819808407437	0.7085071971210997	0.3501810225288171	0.46424459049791655
Ecoli9000q_4520_1-691	0.221691956656142	0.325736575601223	0.9053084656225179	0.12937815063340746	0.4245848001855736	0.723550687900588	0.22283987467534766	0.35690479367617994	0.17660626239231808	0.35318046592496605	0.2163777600625692	1.0058557291340298	0.15191273075471617	0.04028817080525493	0.1877354411330388	0.770628386952364	0.0	0.4297911601062944	0.8193974045514583	0.030146406111620283	0.0621211898312643	0.42044736442354685	0.3063837964544474
SL1344_0284_96-725	0.20809920345015243	0.10405458450507143	0.4755173055162234	0.30041300947288696	0.005206359920720827	0.2937595277942935	0.20695128543094676	0.07288636643011448	0.25318489771397634	0.07661069418132838	0.21341340004372522	0.5760645690277353	0.27787842935157825	0.47007933091154935	0.6175266012393332	0.34083722684606954	0.4297911601062944	0.0	0.3896062444451638	0.39964475399467414	0.3676699702750301	0.009343795682747569	0.12340736365184701
ROD_27671_1-780	0.5977054478953162	0.4936608289502352	0.08591106107105961	0.6900192539180507	0.3948126043658846	0.0958467166508703	0.5965575298761105	0.46249261087527826	0.6427911421591401	0.46621693862649216	0.603019644488889	0.1864583245825715	0.667484673796742	0.8596855753567132	1.007132845684497	0.048769017599094244	0.8193974045514583	0.3896062444451638	0.0	0.7892509984398379	0.7572762147201939	0.39895004012791135	0.5130136080970108
ERS227112_05279_10-772	0.19154555054452171	0.2955901694896027	0.8751620595108975	0.09923174452178718	0.3944383940739533	0.6934042817889676	0.19269346856372738	0.32675838756455966	0.1464598562806978	0.32303405981334576	0.18623135395094892	0.9757093230224094	0.12176632464309589	0.07043457691687521	0.2178818472446591	0.7404819808407437	0.030146406111620283	0.39964475399467414	0.7892509984398379	0.0	0.03197478371964402	0.39030095831192657	0.2762373903428271
ETEC_1527_1-691	0.1595707668248777	0.2636153857699587	0.8431872757912535	0.06725696080214316	0.3624636103543093	0.6614294980693236	0.16071868484408336	0.29478360384491564	0.11448507256105378	0.29105927609370175	0.1542565702313049	0.9437345393027654	0.08979154092345187	0.10240936063651923	0.2498566309643031	0.7085071971210997	0.0621211898312643	0.3676699702750301	0.7572762147201939	0.03197478371964402	0.0	0.35832617459228255	0.2442626066231831
Ecoli9000q_46700_1-634	0.19875540776740486	0.09471078882232387	0.48486110119897097	0.2910692137901394	0.004137435762026742	0.30310332347704105	0.1976074897481992	0.06354257074736691	0.24384110203122877	0.06726689849858081	0.20406960436097765	0.5854083647104829	0.2685346336688307	0.4607355352288018	0.6081828055565857	0.3501810225288171	0.42044736442354685	0.009343795682747569	0.39895004012791135	0.39030095831192657	0.35832617459228255	0.0	0.11406356796909944
ENC_07420_3-633	0.08469183979830541	0.01935277914677558	0.5989246691680704	0.17700564582103995	0.11820100373112619	0.4171668914461405	0.08354392177909975	0.05052099722173253	0.12977753406212933	0.04679666947051864	0.09000603639187821	0.6994719326795823	0.15447106569973124	0.34667196725970234	0.4941192375874862	0.46424459049791655	0.3063837964544474	0.12340736365184701	0.5130136080970108	0.2762373903428271	0.2442626066231831	0.11406356796909944	0.0
