STMMW_28331_1-252	0.0	1.4561914706278434	1.4690155568098064	0.009388561258243389	0.7163434040773939	2.1592579463137187	0.6419888040842574	1.3472666009557255	1.9240501656128954	2.279936191135543	0.5077508894574456	0.46057085657802177
STM_MW28331_1-253	1.4561914706278434	0.0	0.012824086181963068	1.4468029093696	2.1725348747052373	3.615449416941562	0.814202666543586	2.803458071583569	3.380241636240739	3.7361276617633865	0.9484405811703978	1.9167623272058651
t2773_1-252	1.4690155568098064	0.012824086181963068	0.0	1.459626995551563	2.1853589608872004	3.628273503123525	0.827026752725549	2.816282157765532	3.393065722422702	3.7489517479453496	0.9612646673523608	1.9295864133878282
SL1344_2851_1-252	0.009388561258243389	1.4468029093696	1.459626995551563	0.0	0.7257319653356373	2.168646507571962	0.632600242826014	1.3566551622139689	1.9334387268711388	2.2893247523937865	0.49836232819920223	0.46995941783626516
STM_MW14141_1-250	0.7163434040773939	2.1725348747052373	2.1853589608872004	0.7257319653356373	0.0	1.442914542236325	1.3583322081616513	0.6309231968783314	1.2077067615355015	1.5635927870581494	1.2240942935348396	0.25577254749937217
STMMW_14141_1-249	2.1592579463137187	3.615449416941562	3.628273503123525	2.168646507571962	1.442914542236325	0.0	2.801246750397976	0.8119913453579936	0.23520778070082346	0.1206782448218244	2.6670088357711643	1.6986870897356972
SEN2713_1-252	0.6419888040842574	0.814202666543586	0.827026752725549	0.632600242826014	1.3583322081616513	2.801246750397976	0.0	1.9892554050399829	2.5660389696971526	2.9219249952198005	0.13423791462681178	1.1025596606622792
SL1344_1343_1-249	1.3472666009557255	2.803458071583569	2.816282157765532	1.3566551622139689	0.6309231968783314	0.8119913453579936	1.9892554050399829	0.0	0.5767835646571701	0.9326695901798179	1.855017490413171	0.8866957443777036
ETEC_3045_1-244	1.9240501656128954	3.380241636240739	3.393065722422702	1.9334387268711388	1.2077067615355015	0.23520778070082346	2.5660389696971526	0.5767835646571701	0.0	0.35588602552264786	2.4318010550703413	1.4634793090348737
CS17_03198_1-245	2.279936191135543	3.7361276617633865	3.7489517479453496	2.2893247523937865	1.5635927870581494	0.1206782448218244	2.9219249952198005	0.9326695901798179	0.35588602552264786	0.0	2.7876870805929888	1.8193653345575216
t1277_1-249	0.5077508894574456	0.9484405811703978	0.9612646673523608	0.49836232819920223	1.2240942935348396	2.6670088357711643	0.13423791462681178	1.855017490413171	2.4318010550703413	2.7876870805929888	0.0	0.9683217460354674
SEN1636_1-249	0.46057085657802177	1.9167623272058651	1.9295864133878282	0.46995941783626516	0.25577254749937217	1.6986870897356972	1.1025596606622792	0.8866957443777036	1.4634793090348737	1.8193653345575216	0.9683217460354674	0.0
