NCTC13441_03810_1-264	0.0	1.0	0.8199589438900942	0.43670340965303384	0.9662669989134771	-1	0.5634409670302287	0.12105278519354014	0.19894184740585405	0.01211812623416052	0.2798459632593603	0.9611166222907096	0.9499492472538676	0.7020446965981402	0.9338232694305816	0.693487754934517
STM_MW02211_1-264	1.0	0	1.0	1.0	1.0	-1	1.0	1.0	1.0	1.0	1.0	1.0	1.0	1.0	1.0	1.0
CS17_00176_1-264	0.8199589438900942	1.0	0.0	0.6803796451190867	0.8126371739014312	-1	0.5875905833739272	0.8417534151813847	0.7752459599507713	0.8177504204793402	0.7499964633611478	0.7840304953246102	0.7220036705651239	0.39574475079210153	0.6324353344771492	0.4126138220956166
SL1344_0216_1-264	0.43670340965303384	1.0	0.6803796451190867	0.0	0.9401150270308847	-1	0.22499258747355463	0.5048920308045587	0.2968093658084784	0.42979357623026293	0.21781096597555427	0.9309717502721968	0.9111467145304335	0.47105075992323625	0.8825188511639023	0.455859931840374
BN373_06731_1-264	0.9662669989134771	1.0	0.8126371739014312	0.9401150270308847	0.0	-1	0.9227298061912769	0.9703504726479374	0.9578894478793056	0.9658532037257332	0.9531586308407075	0.1324570273003032	0.3260241008237458	0.8867850288235132	0.4902588750416197	0.8899456656965979
b0168_1-264	-1	-1	-1	-1	-1	-1	-1	-1	-1	-1	-1	-1	-1	-1	-1	-1
ENC_46910_1-264	0.5634409670302287	1.0	0.5875905833739272	0.22499258747355463	0.9227298061912769	-1	0.0	0.616287653872618	0.45502204608239866	0.5580857949082583	0.3937977006341546	0.9109321425678005	0.8853516959535732	0.31749137940185246	0.8484128707193634	0.2978904983814481
t0216_1-264	0.12105278519354014	1.0	0.8417534151813847	0.5048920308045587	0.9703504726479374	-1	0.616287653872618	0.0	0.2959121678793673	0.13170397849572862	0.36702261517518575	0.9658235634601515	0.9560080302748201	0.7381130159381216	0.9418341469810122	0.7305919158956186
STMMW_02211_1-264	0.19894184740585405	1.0	0.7752459599507713	0.2968093658084784	0.9578894478793056	-1	0.45502204608239866	0.2959121678793673	0.0	0.189115446019386	0.10099655760509575	0.9514599812967753	0.9375192018406553	0.628047848415297	0.9173883564443959	0.6173658003818148
Ecoli9000q_42200_1-264	0.01211812623416052	1.0	0.8177504204793402	0.42979357623026293	0.9658532037257332	-1	0.5580857949082583	0.13170397849572862	0.189115446019386	0.0	0.2710119945865715	0.9606396485836249	0.9493352858522071	0.6983897454601085	0.9330114942618085	0.6897278377048788
ROD_01711_1-264	0.2798459632593603	1.0	0.7499964633611478	0.21781096597555427	0.9531586308407075	-1	0.3937977006341546	0.36702261517518575	0.10099655760509575	0.2710119945865715	0.0	0.9460068600250113	0.9304999344686615	0.5862617048563915	0.9081075336758105	0.5743796057122261
BN373_22551_2-259	0.9611166222907096	1.0	0.7840304953246102	0.9309717502721968	0.1324570273003032	-1	0.9109321425678005	0.9658235634601515	0.9514599812967753	0.9606396485836249	0.9460068600250113	0.0	0.22312102064648565	0.8694992931310659	0.4124312673848041	0.8731424981048198
ERS227112_02522_1-264	0.9499492472538676	1.0	0.7220036705651239	0.9111467145304335	0.3260241008237458	-1	0.8853516959535732	0.9560080302748201	0.9375192018406553	0.9493352858522071	0.9304999344686615	0.22312102064648565	0.0	0.832019258678448	0.243680485338726	0.8367087985818004
SEN0221_1-264	0.7020446965981402	1.0	0.39574475079210153	0.47105075992323625	0.8867850288235132	-1	0.31749137940185246	0.7381130159381216	0.628047848415297	0.6983897454601085	0.5862617048563915	0.8694992931310659	0.832019258678448	0.0	0.777897121434472	0.027917128275887163
ERS227112_04993_2-259	0.9338232694305816	1.0	0.6324353344771492	0.8825188511639023	0.4902588750416197	-1	0.8484128707193634	0.9418341469810122	0.9173883564443959	0.9330114942618085	0.9081075336758105	0.4124312673848041	0.243680485338726	0.777897121434472	0.0	0.7840975959858295
ETEC_0163_1-264	0.693487754934517	1.0	0.4126138220956166	0.455859931840374	0.8899456656965979	-1	0.2978904983814481	0.7305919158956186	0.6173658003818148	0.6897278377048788	0.5743796057122261	0.8731424981048198	0.8367087985818004	0.027917128275887163	0.7840975959858295	0.0
