ENC_04630_1-514	0.0	0.36391252336829183	0.40466144313711894	0.32602853092107087	1.057015318284732	0.3483417998718943	1.0179685589180978	0.9765110210653177	-1	0.7894146664091479	0.553109843451812	0.5067710687281277	0.5577175548000219	0.43357931822103923
ROD_37121_1-514	0.36391252336829183	0.0	0.04074891976882711	0.03788399244722096	0.6931027949164401	0.015570723496397543	0.6540560355498058	0.6125984976970259	-1	0.4255021430408561	0.1891973200835202	0.1428585453598359	0.1938050314317301	0.0696667948527474
BN373_00291_1-514	0.40466144313711894	0.04074891976882711	0.0	0.07863291221604807	0.652353875147613	0.05631964326522465	0.6133071157809787	0.5718495779281988	-1	0.384753223272029	0.14844840031469309	0.10210962559100878	0.153056111662903	0.028917875083920297
STMMW_41771_1-514	0.32602853092107087	0.03788399244722096	0.07863291221604807	0.0	0.7309867873636611	0.022313268950823417	0.6919400279970268	0.6504824901442469	-1	0.46338613548807706	0.22708131253074115	0.18074253780705685	0.23168902387895107	0.10755078729996836
CS17_04510_1-514	1.057015318284732	0.6931027949164401	0.652353875147613	0.7309867873636611	0.0	0.7086735184128377	0.039046759366634265	0.08050429721941421	-1	0.267600651875584	0.5039054748329199	0.5502442495566042	0.49929776348471	0.6234360000636927
SL1344_4164_1-514	0.3483417998718943	0.015570723496397543	0.05631964326522465	0.022313268950823417	0.7086735184128377	0.0	0.6696267590462034	0.6281692211934234	-1	0.44107286653725364	0.20476804357991774	0.15842926885623343	0.20937575492812766	0.08523751834914495
Ecoli9000q_36640_1-514	1.0179685589180978	0.6540560355498058	0.6133071157809787	0.6919400279970268	0.039046759366634265	0.6696267590462034	0.0	0.041457537852779947	-1	0.22855389250894975	0.46485871546628565	0.51119749018997	0.46025100411807573	0.5843892406970584
ETEC_4288_1-514	0.9765110210653177	0.6125984976970259	0.5718495779281988	0.6504824901442469	0.08050429721941421	0.6281692211934234	0.041457537852779947	0.0	-1	0.1870963546561698	0.4234011776135057	0.46973995233719	0.4187934662652958	0.5429317028442785
b4033_1-514	-1	-1	-1	-1	-1	-1	-1	-1	-1	-1	-1	-1	-1	-1
t4134_1-514	0.7894146664091479	0.4255021430408561	0.384753223272029	0.46338613548807706	0.267600651875584	0.44107286653725364	0.22855389250894975	0.1870963546561698	-1	0.0	0.2363048229573359	0.2826435976810202	0.23169711160912598	0.3558353481881087
NCTC13441_04452_1-514	0.553109843451812	0.1891973200835202	0.14844840031469309	0.22708131253074115	0.5039054748329199	0.20476804357991774	0.46485871546628565	0.4234011776135057	-1	0.2363048229573359	0.0	0.046338774723684306	0.00460771134820992	0.11953052523077279
SEN3995_1-514	0.5067710687281277	0.1428585453598359	0.10210962559100878	0.18074253780705685	0.5502442495566042	0.15842926885623343	0.51119749018997	0.46973995233719	-1	0.2826435976810202	0.046338774723684306	0.0	0.050946486071894226	0.07319175050708848
STM_MW41771_1-514	0.5577175548000219	0.1938050314317301	0.153056111662903	0.23168902387895107	0.49929776348471	0.20937575492812766	0.46025100411807573	0.4187934662652958	-1	0.23169711160912598	0.00460771134820992	0.050946486071894226	0.0	0.12413823657898271
ERS227112_01894_1-514	0.43357931822103923	0.0696667948527474	0.028917875083920297	0.10755078729996836	0.6234360000636927	0.08523751834914495	0.5843892406970584	0.5429317028442785	-1	0.3558353481881087	0.11953052523077279	0.07319175050708848	0.12413823657898271	0.0
