STM_MW04351_2-211	0.0	0.2845905406985001	0.10137878549080992	0.5687787694298491	0.051386147443529984	0.2626643544829099	0.18206899427231993	0.21538751680485002	0.16373087121099017	0.25665692030889	0.2361342706415399	0.11927029391746014	-1	-1	0.8614829103802931	0.752535003580948	0.20155264376954984	1.4043578712179998	0.2071058000220598	0.10585910272330001	0.09587666069743994	0.10350960351741989	0.04397342519006986	0.28659587660897	0.5689258418135881	0.7143566019724601	0.4373589621986501
NCTC13441_04696_1-207	0.2845905406985001	0.0	0.38596932618931	0.28418822873134897	0.2332043932549701	0.54725489518141	0.46665953497082	0.4999780575033501	0.12085966948750992	0.5412474610073901	0.52072481134004	0.16532024678103996	-1	-1	0.576892369681793	0.46794446288244795	0.48614318446804994	1.6889484119165	0.4916963407205599	0.17873143797520008	0.38046720139594004	0.38810014421592	0.32856396588856995	0.5711864173074701	0.284335301115088	0.9989471426709602	0.15276842150015002
SL1344_3913_1-206	0.10137878549080992	0.38596932618931	0.0	0.670157554920659	0.1527649329343399	0.1612855689921	0.08069020878151001	0.1140087313140401	0.2651096567018001	0.15527813481808006	0.13475548515073	0.22064907940827005	-1	-1	0.962861695871103	0.853913789071758	0.10017385827873992	1.30297908572719	0.10572701453124989	0.20723788821410993	0.005502124793369978	0.0021308180266099708	0.05740536030074006	0.1852170911181601	0.670304627304398	0.6129778164816502	0.53873774768946
t3338_1-206	0.5687787694298491	0.28418822873134897	0.670157554920659	0.0	0.5173926219863191	0.831443123912759	0.750847763702169	0.7841662862346991	0.4050478982188589	0.825435689738739	0.804913040071389	0.4495084755123889	-1	-1	0.29270414095044406	0.18375623415109898	0.7703314131993989	1.9731366406478488	0.7758845694519089	0.46291966670654905	0.664655430127289	0.672288372947269	0.6127521946199189	0.8553746460388191	0.00014707238373901088	1.283135371402309	0.13141980723119895
STM_MW39301_1-207	0.051386147443529984	0.2332043932549701	0.1527649329343399	0.5173926219863191	0.0	0.3140505019264399	0.2334551417158499	0.26677366424838	0.11234472376746019	0.30804306775241996	0.2875204180850699	0.06788414647393015	-1	-1	0.8100967629367631	0.7011488561374181	0.2529387912130798	1.4557440186615298	0.2584919474655898	0.05447295527977003	0.14726280814096993	0.15489575096094987	0.09535957263359984	0.3379820240525	0.5175396943700581	0.7657427494159901	0.38597281475512013
STMMW_39301_1-206	0.2626643544829099	0.54725489518141	0.1612855689921	0.831443123912759	0.3140505019264399	0.0	0.08059536021059	0.0472768376780599	0.4263952256939001	0.006007434174019943	0.02653008384137001	0.38193464840037006	-1	-1	1.1241472648632032	1.015199358063858	0.06111171071336008	1.14169351673509	0.05555855446085012	0.36852345720620994	0.16678769378546998	0.15915475096549003	0.21869092929284006	0.02393152212606009	0.831590196296498	0.45169224748955017	0.70002331668156
STMMW_04351_2-210	0.18206899427231993	0.46665953497082	0.08069020878151001	0.750847763702169	0.2334551417158499	0.08059536021059	0.0	0.03331852253253009	0.3457998654833101	0.07458792603657005	0.05406527636921998	0.30133928818978006	-1	-1	1.0435519046526132	0.934603997853268	0.019483649497229916	1.22228887694568	0.025036805749739877	0.28792809699561994	0.08619233357487999	0.07855939075490004	0.13809556908225007	0.10452688233665008	0.750994836085908	0.5322876077001402	0.61942795647097
SL1344_0360_2-210	0.21538751680485002	0.4999780575033501	0.1140087313140401	0.7841662862346991	0.26677366424838	0.0472768376780599	0.03331852253253009	0.0	0.3791183880158402	0.04126940350403996	0.02074675383668989	0.33465781072231016	-1	-1	1.0768704271851433	0.9679225203857981	0.013834873035300177	1.1889703544131498	0.008281716782790216	0.32124661952815003	0.11951085610741008	0.11187791328743013	0.17141409161478016	0.07120835980411999	0.7843133586184381	0.49896908516761007	0.6527464790035001
BN373_25991_1-209	0.16373087121099017	0.12085966948750992	0.2651096567018001	0.4050478982188589	0.11234472376746019	0.4263952256939001	0.3457998654833101	0.3791183880158402	0.0	0.42038779151988015	0.3998651418525301	0.044460577293530035	-1	-1	0.697752039169303	0.5888041323699579	0.36528351498054	1.56808874242899	0.37083667123305	0.057871768487690156	0.2596075319084301	0.26724047472841006	0.20770429640106003	0.4503267478199602	0.4051949706025979	0.8780874731834503	0.27362809098765994
ENC_01880_1-206	0.25665692030889	0.5412474610073901	0.15527813481808006	0.825435689738739	0.30804306775241996	0.006007434174019943	0.07458792603657005	0.04126940350403996	0.42038779151988015	0.0	0.020522649667350068	0.3759272142263501	-1	-1	1.118139830689183	1.009191923889838	0.055104276539340136	1.1477009509091098	0.049551120286830175	0.36251602303219	0.16078025961145004	0.1531473167914701	0.21268349511882012	0.029938956300080033	0.825582762122478	0.4576996816635701	0.6940158825075401
t2499_2-210	0.2361342706415399	0.52072481134004	0.13475548515073	0.804913040071389	0.2875204180850699	0.02653008384137001	0.05406527636921998	0.02074675383668989	0.3998651418525301	0.020522649667350068	0.0	0.35540456455900005	-1	-1	1.0976171810218331	0.988669274222488	0.03458162687199007	1.16822360057646	0.029028470619480107	0.3419933733648399	0.14025760994409997	0.13262466712412002	0.19216084545147005	0.0504616059674301	0.805060112455128	0.4782223313309202	0.67349323284019
ETEC_4101_1-206	0.11927029391746014	0.16532024678103996	0.22064907940827005	0.4495084755123889	0.06788414647393015	0.38193464840037006	0.30133928818978006	0.33465781072231016	0.044460577293530035	0.3759272142263501	0.35540456455900005	0.0	-1	-1	0.742212616462833	0.6332647096634879	0.32082293768701	1.52362816513546	0.32637609393951994	0.013411191194160121	0.21514695461490008	0.22277989743488003	0.16324371910753	0.40586617052643015	0.44965554789612794	0.8336268958899202	0.31808866828119
b3823_1-206	-1	-1	-1	-1	-1	-1	-1	-1	-1	-1	-1	-1	-1	-1	-1	-1	-1	-1	-1	-1	-1	-1	-1	-1	-1	-1	-1
b0328_12-223	-1	-1	-1	-1	-1	-1	-1	-1	-1	-1	-1	-1	-1	-1	-1	-1	-1	-1	-1	-1	-1	-1	-1	-1	-1	-1	-1
ROD_48301_1-220	0.8614829103802931	0.576892369681793	0.962861695871103	0.29270414095044406	0.8100967629367631	1.1241472648632032	1.0435519046526132	1.0768704271851433	0.697752039169303	1.118139830689183	1.0976171810218331	0.742212616462833	-1	-1	0.0	0.10894790679934507	1.063035554149843	2.265840781598293	1.068588710402353	0.7556238076569931	0.9573595710777331	0.964992513897713	0.905456335570363	1.148078786989263	0.29255706856670505	1.5758395123527533	0.424123948181643
ERS227112_04926_1-206	0.752535003580948	0.46794446288244795	0.853913789071758	0.18375623415109898	0.7011488561374181	1.015199358063858	0.934603997853268	0.9679225203857981	0.5888041323699579	1.009191923889838	0.988669274222488	0.6332647096634879	-1	-1	0.10894790679934507	0.0	0.9540876473504979	2.156892874798948	0.9596408036030079	0.646675900857648	0.848411664278388	0.8560446070983679	0.7965084287710179	1.039130880189918	0.18360916176735997	1.4668916055534083	0.31517604138229793
ENC_44530_1-212	0.20155264376954984	0.48614318446804994	0.10017385827873992	0.7703314131993989	0.2529387912130798	0.06111171071336008	0.019483649497229916	0.013834873035300177	0.36528351498054	0.055104276539340136	0.03458162687199007	0.32082293768701	-1	-1	1.063035554149843	0.9540876473504979	0.0	1.20280522744845	0.005553156252509961	0.30741174649284986	0.1056759830721099	0.09804304025212995	0.15757921857947998	0.08504323283942017	0.7704784855831379	0.5128039582029102	0.6389116059682
NCTC13441_03635_2-210	1.4043578712179998	1.6889484119165	1.30297908572719	1.9731366406478488	1.4557440186615298	1.14169351673509	1.22228887694568	1.1889703544131498	1.56808874242899	1.1477009509091098	1.16822360057646	1.52362816513546	-1	-1	2.265840781598293	2.156892874798948	1.20280522744845	0.0	1.19725207119594	1.5102169739412998	1.3084812105205599	1.30084826770058	1.36038444602793	1.1177619946090298	1.973283713031588	0.6900012692455397	1.8417168334166498
SEN3754_1-206	0.2071058000220598	0.4916963407205599	0.10572701453124989	0.7758845694519089	0.2584919474655898	0.05555855446085012	0.025036805749739877	0.008281716782790216	0.37083667123305	0.049551120286830175	0.029028470619480107	0.32637609393951994	-1	-1	1.068588710402353	0.9596408036030079	0.005553156252509961	1.19725207119594	0.0	0.3129649027453598	0.11122913932461986	0.10359619650463991	0.16313237483198995	0.07949007658691021	0.7760316418356479	0.5072508019504003	0.6444647622207099
BN373_49431_1-206	0.10585910272330001	0.17873143797520008	0.20723788821410993	0.46291966670654905	0.05447295527977003	0.36852345720620994	0.28792809699561994	0.32124661952815003	0.057871768487690156	0.36251602303219	0.3419933733648399	0.013411191194160121	-1	-1	0.7556238076569931	0.646675900857648	0.30741174649284986	1.5102169739412998	0.3129649027453598	0.0	0.20173576342073996	0.2093687062407199	0.14983252791336987	0.39245497933227	0.46306673909028806	0.8202157046957601	0.3314998594753501
SEN0348_2-210	0.09587666069743994	0.38046720139594004	0.005502124793369978	0.664655430127289	0.14726280814096993	0.16678769378546998	0.08619233357487999	0.11951085610741008	0.2596075319084301	0.16078025961145004	0.14025760994409997	0.21514695461490008	-1	-1	0.9573595710777331	0.848411664278388	0.1056759830721099	1.3084812105205599	0.11122913932461986	0.20173576342073996	0.0	0.007632942819979949	0.05190323550737008	0.19071921591153007	0.664802502511028	0.6184799412750202	0.5332356228960901
ROD_39311_1-206	0.10350960351741989	0.38810014421592	0.0021308180266099708	0.672288372947269	0.15489575096094987	0.15915475096549003	0.07855939075490004	0.11187791328743013	0.26724047472841006	0.1531473167914701	0.13262466712412002	0.22277989743488003	-1	-1	0.964992513897713	0.8560446070983679	0.09804304025212995	1.30084826770058	0.10359619650463991	0.2093687062407199	0.007632942819979949	0.0	0.05953617832735003	0.18308627309155012	0.672435445331008	0.6108469984550402	0.54086856571607
CS17_04276_1-207	0.04397342519006986	0.32856396588856995	0.05740536030074006	0.6127521946199189	0.09535957263359984	0.21869092929284006	0.13809556908225007	0.17141409161478016	0.20770429640106003	0.21268349511882012	0.19216084545147005	0.16324371910753	-1	-1	0.905456335570363	0.7965084287710179	0.15757921857947998	1.36038444602793	0.16313237483198995	0.14983252791336987	0.05190323550737008	0.05953617832735003	0.0	0.24262245141890015	0.6128992670036579	0.6703831767823902	0.48133238738872
ETEC_0385_12-223	0.28659587660897	0.5711864173074701	0.1852170911181601	0.8553746460388191	0.3379820240525	0.02393152212606009	0.10452688233665008	0.07120835980411999	0.4503267478199602	0.029938956300080033	0.0504616059674301	0.40586617052643015	-1	-1	1.148078786989263	1.039130880189918	0.08504323283942017	1.1177619946090298	0.07949007658691021	0.39245497933227	0.19071921591153007	0.18308627309155012	0.24262245141890015	0.0	0.8555217184225581	0.4277607253634901	0.7239548388076201
ERS227112_04655_1-209	0.5689258418135881	0.284335301115088	0.670304627304398	0.00014707238373901088	0.5175396943700581	0.831590196296498	0.750994836085908	0.7843133586184381	0.4051949706025979	0.825582762122478	0.805060112455128	0.44965554789612794	-1	-1	0.29255706856670505	0.18360916176735997	0.7704784855831379	1.973283713031588	0.7760316418356479	0.46306673909028806	0.664802502511028	0.672435445331008	0.6128992670036579	0.8555217184225581	0.0	1.2832824437860482	0.13156687961493796
ERS227112_01790_1-207	0.7143566019724601	0.9989471426709602	0.6129778164816502	1.283135371402309	0.7657427494159901	0.45169224748955017	0.5322876077001402	0.49896908516761007	0.8780874731834503	0.4576996816635701	0.4782223313309202	0.8336268958899202	-1	-1	1.5758395123527533	1.4668916055534083	0.5128039582029102	0.6900012692455397	0.5072508019504003	0.8202157046957601	0.6184799412750202	0.6108469984550402	0.6703831767823902	0.4277607253634901	1.2832824437860482	0.0	1.15171556417111
CS17_00369_2-210	0.4373589621986501	0.15276842150015002	0.53873774768946	0.13141980723119895	0.38597281475512013	0.70002331668156	0.61942795647097	0.6527464790035001	0.27362809098765994	0.6940158825075401	0.67349323284019	0.31808866828119	-1	-1	0.424123948181643	0.31517604138229793	0.6389116059682	1.8417168334166498	0.6444647622207099	0.3314998594753501	0.5332356228960901	0.54086856571607	0.48133238738872	0.7239548388076201	0.13156687961493796	1.15171556417111	0.0
