SEN1883_1-215	0.0	0.119198392939874	0.03348662343016606	0.5711220079370936	0.2897068429932196	0.26414340769781947	0.04752560438516695	0.3541745280301256	0.20735241475492772	0.08035537418032718	-1
t1755_1-215	0.119198392939874	0.0	0.08571176950970794	0.6903204008769676	0.17050845005334558	0.38334180063769346	0.16672399732504095	0.23497613509025161	0.08815402181505372	0.19955376712020118	-1
STMMW_11731_1-215	0.03348662343016606	0.08571176950970794	0.0	0.6046086313672596	0.2562202195630535	0.29763003112798553	0.08101222781533302	0.32068790459995955	0.17386579132476165	0.11384199761049324	-1
Ecoli9000q_54260_1-199	0.5711220079370936	0.6903204008769676	0.6046086313672596	0	0.8608288509303131	0.3069786002392741	0.5235964035519266	0.9252965359672192	0.7784744226920213	0.4907666337567664	-1
CS17_01202_1-215	0.2897068429932196	0.17050845005334558	0.2562202195630535	0.8608288509303131	0.0	0.553850250691039	0.33723244737838654	0.06446768503690603	0.08235442823829187	0.37006221717354676	-1
STM_MW11731_1-215	0.26414340769781947	0.38334180063769346	0.29763003112798553	0.3069786002392741	0.553850250691039	0.0	0.2166178033126525	0.6183179357279451	0.4714958224527472	0.1837880335174923	-1
NCTC13441_02848_1-215	0.04752560438516695	0.16672399732504095	0.08101222781533302	0.5235964035519266	0.33723244737838654	0.2166178033126525	0.0	0.40170013241529257	0.25487801914009467	0.032829769795160224	-1
ETEC_1129_1-215	0.3541745280301256	0.23497613509025161	0.32068790459995955	0.9252965359672192	0.06446768503690603	0.6183179357279451	0.40170013241529257	0.0	0.1468221132751979	0.4345299022104528	-1
SL1344_1102_1-215	0.20735241475492772	0.08815402181505372	0.17386579132476165	0.7784744226920213	0.08235442823829187	0.4714958224527472	0.25487801914009467	0.1468221132751979	0.0	0.2877077889352549	-1
ROD_11241_1-215	0.08035537418032718	0.19955376712020118	0.11384199761049324	0.4907666337567664	0.37006221717354676	0.1837880335174923	0.032829769795160224	0.4345299022104528	0.2877077889352549	0.0	-1
b1064_1-215	-1	-1	-1	-1	-1	-1	-1	-1	-1	-1	-1
