ROD_06701_1-292	0.0	0.018248982314717	0.311427759188409	0.17415438138247102	6.650715920774295	0.010560410290387012	0.28328882087176904	1.157721076739735	0.576820685494351	0.36294843172402497	0.6534888926747149	0.6229752502168859	0.390188545416388
STM_MW07321_1-292	0.018248982314717	0.0	0.329676741503126	0.19240336369718802	6.668964903089012	0.02880939260510401	0.30153780318648604	1.175970059054452	0.595069667809068	0.38119741403874197	0.6717378749894319	0.641224232531603	0.408437527731105
STMMW_07321_1-292	0.311427759188409	0.329676741503126	0.0	0.13727337780593796	6.339288161585886	0.30086734889802197	0.02813893831663994	0.8462933175513261	0.265392926305942	0.051520672535615986	0.34206113348630596	0.311547491028477	0.078760786227979
ENC_20590_1-292	0.17415438138247102	0.19240336369718802	0.13727337780593796	0.0	6.476561539391824	0.163593971092084	0.10913443948929802	0.983566695357264	0.40266630411188	0.18879405034155394	0.4793345112922439	0.44882086883441497	0.21603416403391695
b0658_1-292	6.650715920774295	6.668964903089012	6.339288161585886	6.476561539391824	0.0	6.640155510483908	6.367427099902526	5.49299484403456	6.073895235279944	6.28776748905027	5.99722702809958	6.027740670557409	6.260527375357907
t2206_1-292	0.010560410290387012	0.02880939260510401	0.30086734889802197	0.163593971092084	6.640155510483908	0.0	0.27272841058138203	1.147160666449348	0.566260275203964	0.35238802143363795	0.642928482384328	0.612414839926499	0.37962813512600097
SEN0636_1-292	0.28328882087176904	0.30153780318648604	0.02813893831663994	0.10913443948929802	6.367427099902526	0.27272841058138203	0.0	0.874432255867966	0.29353186462258196	0.07965961085225592	0.3702000718029459	0.33968642934511695	0.10689972454461893
CS17_00664_1-292	1.157721076739735	1.175970059054452	0.8462933175513261	0.983566695357264	5.49299484403456	1.147160666449348	0.874432255867966	0.0	0.5809003912453841	0.7947726450157101	0.5042321840650201	0.5347458265228491	0.7675325313233471
ERS227112_03125_24-315	0.576820685494351	0.595069667809068	0.265392926305942	0.40266630411188	6.073895235279944	0.566260275203964	0.29353186462258196	0.5809003912453841	0.0	0.21387225377032604	0.07666820718036393	0.046154564722534985	0.18663214007796303
SL1344_0656_1-292	0.36294843172402497	0.38119741403874197	0.051520672535615986	0.18879405034155394	6.28776748905027	0.35238802143363795	0.07965961085225592	0.7947726450157101	0.21387225377032604	0.0	0.29054046095068997	0.260026818492861	0.02724011369236301
BN373_12631_1-292	0.6534888926747149	0.6717378749894319	0.34206113348630596	0.4793345112922439	5.99722702809958	0.642928482384328	0.3702000718029459	0.5042321840650201	0.07666820718036393	0.29054046095068997	0.0	0.03051364245782895	0.26330034725832696
ETEC_0686_1-292	0.6229752502168859	0.641224232531603	0.311547491028477	0.44882086883441497	6.027740670557409	0.612414839926499	0.33968642934511695	0.5347458265228491	0.046154564722534985	0.260026818492861	0.03051364245782895	0.0	0.232786704800498
NCTC13441_03339_1-292	0.390188545416388	0.408437527731105	0.078760786227979	0.21603416403391695	6.260527375357907	0.37962813512600097	0.10689972454461893	0.7675325313233471	0.18663214007796303	0.02724011369236301	0.26330034725832696	0.232786704800498	0.0
