t0096_1-784	0.0	0.04244544769804877	0.01224554720214977	0.038543299360293166	-1	0.03911131432861067	0.07527592705053057	0.01334246092602307	0.06551706372127566	0.05066072326373357	0.12810307188255116	0.06556842051061407
STM_MW00981_1-786	0.04244544769804877	0.0	0.030199900495899	0.0039021483377556024	-1	0.003334133369438101	0.0328304793524818	0.0291029867720257	0.023071616023226896	0.008215275565684799	0.08565762418450239	0.0231229728125653
ROD_00611_1-785	0.01224554720214977	0.030199900495899	0.0	0.0262977521581434	-1	0.0268657671264609	0.06303037984838081	0.0010969137238732996	0.0532715165191259	0.0384151760615838	0.11585752468040139	0.0533228733084643
STMMW_00981_1-786	0.038543299360293166	0.0039021483377556024	0.0262977521581434	0.0	-1	0.0005680149683175012	0.036732627690237406	0.0252008384342701	0.026973764360982498	0.012117423903440401	0.089559772522258	0.0270251211503209
b0054_1-784	-1	-1	-1	-1	-1	-1	-1	-1	-1	-1	-1	-1
SL1344_0094_1-786	0.03911131432861067	0.003334133369438101	0.0268657671264609	0.0005680149683175012	-1	0.0	0.036164612721919905	0.0257688534025876	0.026405749392664997	0.0115494089351229	0.08899175755394048	0.0264571061820034
ERS227112_02387_1-782	0.07527592705053057	0.0328304793524818	0.06303037984838081	0.036732627690237406	-1	0.036164612721919905	0.0	0.06193346612450751	0.009758863329254908	0.024615203786797005	0.052827144832020584	0.009707506539916505
NCTC13441_03934_1-784	0.01334246092602307	0.0291029867720257	0.0010969137238732996	0.0252008384342701	-1	0.0257688534025876	0.06193346612450751	0.0	0.0521746027952526	0.0373182623377105	0.11476061095652809	0.052225959584591
CS17_00055_1-784	0.06551706372127566	0.023071616023226896	0.0532715165191259	0.026973764360982498	-1	0.026405749392664997	0.009758863329254908	0.0521746027952526	0.0	0.014856340457542097	0.06258600816127549	5.13567893384026e-05
ETEC_0054_1-784	0.05066072326373357	0.008215275565684799	0.0384151760615838	0.012117423903440401	-1	0.0115494089351229	0.024615203786797005	0.0373182623377105	0.014856340457542097	0.0	0.07744234861881759	0.0149076972468805
BN373_05381_1-782	0.12810307188255116	0.08565762418450239	0.11585752468040139	0.089559772522258	-1	0.08899175755394048	0.052827144832020584	0.11476061095652809	0.06258600816127549	0.07744234861881759	0.0	0.06253465137193709
SEN0095_1-786	0.06556842051061407	0.0231229728125653	0.0533228733084643	0.0270251211503209	-1	0.0264571061820034	0.009707506539916505	0.052225959584591	5.13567893384026e-05	0.0149076972468805	0.06253465137193709	0.0
