STM_MW05061_1-449	0.0	0.3078712395511918	0.7490010376960516	0.27656577641242697	0.16301130445034484	0.3130042933867633	0.5420726276762347	0.10178579476863053	0.5609523701980045	0.1558159385775738	0.24976226597809703	0.15966177775596702	-1	0.4226451775771073
ETEC_0480_1-454	0.3078712395511918	0.0	0.44112979814485986	0.03130546313876481	0.14485993510084694	0.005133053835571499	0.23420138812504288	0.4096570343198223	0.2530811306468127	0.15205530097361797	0.05810897357309475	0.14820946179522476	-1	0.11477393802591551
CS17_00458_1-454	0.7490010376960516	0.44112979814485986	0.0	0.4724352612836247	0.5859897332457068	0.43599674430928836	0.206928410019817	0.8507868324646821	0.18804866749804716	0.5931850991184778	0.4992387717179546	0.5893392599400846	-1	0.32635586011894435
SEN0418_1-454	0.27656577641242697	0.03130546313876481	0.4724352612836247	0.0	0.11355447196208213	0.03643851697433631	0.2655068512638077	0.3783515711810575	0.2843865937855775	0.12074983783485316	0.026803510434329936	0.11690399865645995	-1	0.14607940116468032
t2427_1-454	0.16301130445034484	0.14485993510084694	0.5859897332457068	0.11355447196208213	0.0	0.14999298893641844	0.3790613232258898	0.2647970992189754	0.39794106574765964	0.007195365872771031	0.08675096152775219	0.0033495266943778246	-1	0.25963387312676245
SL1344_0430_1-454	0.3130042933867633	0.005133053835571499	0.43599674430928836	0.03643851697433631	0.14999298893641844	0.0	0.22906833428947138	0.4147900881553938	0.2479480768112412	0.15718835480918947	0.06324202740866625	0.15334251563079626	-1	0.10964088419034401
BN373_08691_1-454	0.5420726276762347	0.23420138812504288	0.206928410019817	0.2655068512638077	0.3790613232258898	0.22906833428947138	0.0	0.6438584224448651	0.018879742521769827	0.38625668909866084	0.2923103616981376	0.38241084992026764	-1	0.11942745009912736
Ecoli9000q_45380_1-454	0.10178579476863053	0.4096570343198223	0.8507868324646821	0.3783515711810575	0.2647970992189754	0.4147900881553938	0.6438584224448651	0.0	0.6627381649666351	0.25760173334620434	0.35154806074672756	0.26144757252459755	-1	0.5244309723457379
ENC_23290_3-462	0.5609523701980045	0.2530811306468127	0.18804866749804716	0.2843865937855775	0.39794106574765964	0.2479480768112412	0.018879742521769827	0.6627381649666351	0.0	0.40513643162043067	0.31119010421990745	0.40129059244203746	-1	0.1383071926208972
STMMW_05061_1-449	0.1558159385775738	0.15205530097361797	0.5931850991184778	0.12074983783485316	0.007195365872771031	0.15718835480918947	0.38625668909866084	0.25760173334620434	0.40513643162043067	0.0	0.09394632740052322	0.0038458391783932067	-1	0.2668292389995335
ROD_04761_1-454	0.24976226597809703	0.05810897357309475	0.4992387717179546	0.026803510434329936	0.08675096152775219	0.06324202740866625	0.2923103616981376	0.35154806074672756	0.31119010421990745	0.09394632740052322	0.0	0.09010048822213002	-1	0.17288291159901026
NCTC13441_03552_1-454	0.15966177775596702	0.14820946179522476	0.5893392599400846	0.11690399865645995	0.0033495266943778246	0.15334251563079626	0.38241084992026764	0.26144757252459755	0.40129059244203746	0.0038458391783932067	0.09010048822213002	0.0	-1	0.2629833998211403
b0427_1-454	-1	-1	-1	-1	-1	-1	-1	-1	-1	-1	-1	-1	-1	-1
ERS227112_02731_1-454	0.4226451775771073	0.11477393802591551	0.32635586011894435	0.14607940116468032	0.25963387312676245	0.10964088419034401	0.11942745009912736	0.5244309723457379	0.1383071926208972	0.2668292389995335	0.17288291159901026	0.2629833998211403	-1	0.0
