STM_MW10891_1-152	0.0	0.38427534214688674	0.44144860609041797	0.4409990513200293	0.49959336413824945	0.4208161233477349	0.7181829401506299	0.7909781822078792	0.5548702913865406	0.7171861501240092	-1	0.2964536849600493	0.4219676806253108	0.5718801897864918
t1844_1-152	0.38427534214688674	0.0	0.09285524497732628	0.0921251219188213	0.18728829602739883	0.05934597670370593	0.5423001884771032	0.6605271282768979	0.2770636957020339	0.5406812992318742	-1	0.12482711558492136	0.06121622383915624	0.30468951543006073
ERS227112_03476_6-157	0.44144860609041797	0.09285524497732628	0.0	0.0008042111045611455	0.10409920856314958	0.035623372083388574	0.4954500822622771	0.6257787196106126	0.20306400902919114	0.49366548367835156	-1	0.20609150816479674	0.033702138811514	0.23351760485837758
SEN0941_1-152	0.4409990513200293	0.0921251219188213	0.0008042111045611455	0.0	0.10481970192820822	0.03484718547234699	0.4958558469089272	0.6260796725198648	0.2037049138027543	0.494072683519	-1	0.205452524261707	0.032924405879772446	0.23413401851200108
ROD_10251_1-152	0.49959336413824945	0.18728829602739883	0.10409920856314958	0.10481970192820822	0.0	0.13601421580630682	0.43682389550239925	0.5822960712098386	0.11046401723490085	0.4348319354539396	-1	0.2887367538364051	0.13429298139749957	0.14445616917880616
Ecoli9000q_51390_4-155	0.4208161233477349	0.05934597670370593	0.035623372083388574	0.03484718547234699	0.13601421580630682	0.0	0.5134238517164911	0.6391097435234459	0.23145355636218826	0.5117028265519402	-1	0.17676510519513375	0.001988241254628854	0.26082229241587446
SL1344_1016_1-152	0.7181829401506299	0.5423001884771032	0.4954500822622771	0.4958558469089272	0.43682389550239925	0.5134238517164911	0.0	0.2583067259879793	0.3668877758637906	0.003524544597295202	-1	0.5994335357532686	0.5124544936272118	0.34173319447931017
CS17_01026_1-152	0.7909781822078792	0.6605271282768979	0.6257787196106126	0.6260796725198648	0.5822960712098386	0.6391097435234459	0.2583067259879793	0.0	0.5304249216633826	0.2609208570097486	-1	0.7029025476734228	0.6383907771485183	0.5117679378399255
ENC_16650_1-152	0.5548702913865406	0.2770636957020339	0.20306400902919114	0.2037049138027543	0.11046401723490085	0.23145355636218826	0.3668877758637906	0.5304249216633826	0.0	0.3646484509943596	-1	0.367305749319172	0.2299224564207808	0.03821335235730611
ETEC_1033_1-152	0.7171861501240092	0.5406812992318742	0.49366548367835156	0.494072683519	0.4348319354539396	0.5117028265519402	0.003524544597295202	0.2609208570097486	0.3646484509943596	0.0	-1	0.598016727782973	0.5107300398324846	0.33940489758007636
b0963_1-152	-1	-1	-1	-1	-1	-1	-1	-1	-1	-1	-1	-1	-1	-1
NCTC13441_02933_1-152	0.2964536849600493	0.12482711558492136	0.20609150816479674	0.205452524261707	0.2887367538364051	0.17676510519513375	0.5994335357532686	0.7029025476734228	0.367305749319172	0.598016727782973	-1	0.0	0.17840189477523483	0.3914831176548802
STMMW_10891_1-152	0.4219676806253108	0.06121622383915624	0.033702138811514	0.032924405879772446	0.13429298139749957	0.001988241254628854	0.5124544936272118	0.6383907771485183	0.2299224564207808	0.5107300398324846	-1	0.17840189477523483	0.0	0.2593497009360223
BN373_16051_1-152	0.5718801897864918	0.30468951543006073	0.23351760485837758	0.23413401851200108	0.14445616917880616	0.26082229241587446	0.34173319447931017	0.5117679378399255	0.03821335235730611	0.33940489758007636	-1	0.3914831176548802	0.2593497009360223	0.0
