NCTC13441_00306_3-178	0.0	0.21296730343362213	0.052237976840636136	-1	0.7674288319856889	0.8756808605646965	0.1361234239701682	0.6980351862705917	0.6605717878942913	0.5308515775463931	0.5789406303292678	0.2710850046008536	1.101576908545142
ROD_44291_1-178	0.21296730343362213	0.0	0.160729326592986	-1	0.980396135419311	1.0886481639983185	0.3490907274037903	0.9110024897042138	0.8735390913279134	0.317884274112771	0.7919079337628899	0.48405230803447574	1.314544211978764
SEN3317_2-178	0.052237976840636136	0.160729326592986	0.0	-1	0.819666808826325	0.9279188374053327	0.18836140081080432	0.7502731631112278	0.7128097647349274	0.478613600705757	0.6311786071699039	0.32332298144148974	1.153814885385778
b3394_3-178	-1	-1	-1	-1	-1	-1	-1	-1	-1	-1	-1	-1	-1
STMMW_34811_2-178	0.7674288319856889	0.980396135419311	0.819666808826325	-1	0.0	0.10825202857900762	0.6313054080155207	0.06939364571509721	0.10685704409139762	1.2982804095320821	0.1884882016564211	0.4963438273848353	0.3341480765594529
ENC_25920_1-163	0.8756808605646965	1.0886481639983185	0.9279188374053327	-1	0.10825202857900762	0.0	0.7395574365945283	0.17764567429410483	0.21510907267040524	1.4065324381110895	0.2967402302354287	0.6045958559638429	0.22589604798044527
ETEC_3644_3-178	0.1361234239701682	0.3490907274037903	0.18836140081080432	-1	0.6313054080155207	0.7395574365945283	0.0	0.5619117623004235	0.5244483639241231	0.6669750015165613	0.4428172063590996	0.13496158063068542	0.9654534845749736
ERS227112_00821_2-178	0.6980351862705917	0.9110024897042138	0.7502731631112278	-1	0.06939364571509721	0.17764567429410483	0.5619117623004235	0.0	0.037463398376300416	1.228886763816985	0.1190945559413239	0.4269501816697381	0.4035417222745501
CS17_03815_3-178	0.6605717878942913	0.8735390913279134	0.7128097647349274	-1	0.10685704409139762	0.21510907267040524	0.5244483639241231	0.037463398376300416	0.0	1.1914233654406843	0.08163115756502348	0.38948678329343767	0.4410051206508505
t4016_2-178	0.5308515775463931	0.317884274112771	0.478613600705757	-1	1.2982804095320821	1.4065324381110895	0.6669750015165613	1.228886763816985	1.1914233654406843	0.0	1.1097922078756608	0.8019365821472467	1.632428486091535
SL1344_3458_2-178	0.5789406303292678	0.7919079337628899	0.6311786071699039	-1	0.1884882016564211	0.2967402302354287	0.4428172063590996	0.1190945559413239	0.08163115756502348	1.1097922078756608	0.0	0.3078556257284142	0.522636278215874
STM_MW34811_2-178	0.2710850046008536	0.48405230803447574	0.32332298144148974	-1	0.4963438273848353	0.6045958559638429	0.13496158063068542	0.4269501816697381	0.38948678329343767	0.8019365821472467	0.3078556257284142	0.0	0.8304919039442882
BN373_44031_2-177	1.101576908545142	1.314544211978764	1.153814885385778	-1	0.3341480765594529	0.22589604798044527	0.9654534845749736	0.4035417222745501	0.4410051206508505	1.632428486091535	0.522636278215874	0.8304919039442882	0.0
