STMMW_25171_1-212	0.0	0.14975365067554025	0.1596265439909681	0.4877534280546382	0.10629973030619011	0.027326547777266286	0.21263143016566588	0.008732372733775029	0.17054242377736528	0.28281224711307706	0.15663775826361992	0.3103783574652289	-1
ROD_24431_1-213	0.14975365067554025	0.0	0.009872893315427844	0.337999777379098	0.04345392036935014	0.12242710289827397	0.06287777949012563	0.15848602340931528	0.02078877310182503	0.1330585964375368	0.30639140893916017	0.46013200814076916	-1
t0357_1-212	0.1596265439909681	0.009872893315427844	0.0	0.32812688406367013	0.053326813684777985	0.1322999962137018	0.053004886174697785	0.16835891672474312	0.010915879786397187	0.12318570312210897	0.316264302254588	0.470004901456197	-1
STM_MW25171_1-213	0.4877534280546382	0.337999777379098	0.32812688406367013	0.0	0.3814536977484481	0.46042688027737194	0.27512199788897235	0.49648580078841326	0.31721100427727295	0.20494118094156116	0.6443911863182581	0.7981317855198671	-1
NCTC13441_01240_1-213	0.10629973030619011	0.04345392036935014	0.053326813684777985	0.3814536977484481	0.0	0.07897318252892382	0.10633169985947577	0.11503210303996514	0.06424269347117517	0.17651251680688695	0.26293748856981003	0.416678087771419	-1
SL1344_2463_1-212	0.027326547777266286	0.12242710289827397	0.1322999962137018	0.46042688027737194	0.07897318252892382	0.0	0.1853048823883996	0.036058920511041315	0.143215876000099	0.2554856993358108	0.1839643060408862	0.3377049052424952	-1
BN373_34841_2-213	0.21263143016566588	0.06287777949012563	0.053004886174697785	0.27512199788897235	0.10633169985947577	0.1853048823883996	0.0	0.2213638028994409	0.0420890063883006	0.07018081694741118	0.3692691884292858	0.5230097876308948	-1
ETEC_2605_1-212	0.008732372733775029	0.15848602340931528	0.16835891672474312	0.49648580078841326	0.11503210303996514	0.036058920511041315	0.2213638028994409	0.0	0.1792747965111403	0.2915446198468521	0.1479053855298449	0.3016459847314539	-1
ERS227112_03754_2-214	0.17054242377736528	0.02078877310182503	0.010915879786397187	0.31721100427727295	0.06424269347117517	0.143215876000099	0.0420890063883006	0.1792747965111403	0.0	0.11226982333571178	0.3271801820409852	0.4809207812425942	-1
SEN2481_1-212	0.28281224711307706	0.1330585964375368	0.12318570312210897	0.20494118094156116	0.17651251680688695	0.2554856993358108	0.07018081694741118	0.2915446198468521	0.11226982333571178	0.0	0.439450005376697	0.593190604578306	-1
ENC_37790_2-213	0.15663775826361992	0.30639140893916017	0.316264302254588	0.6443911863182581	0.26293748856981003	0.1839643060408862	0.3692691884292858	0.1479053855298449	0.3271801820409852	0.439450005376697	0.0	0.15374059920160899	-1
CS17_02785_1-213	0.3103783574652289	0.46013200814076916	0.470004901456197	0.7981317855198671	0.416678087771419	0.3377049052424952	0.5230097876308948	0.3016459847314539	0.4809207812425942	0.593190604578306	0.15374059920160899	0.0	-1
b2500_1-212	-1	-1	-1	-1	-1	-1	-1	-1	-1	-1	-1	-1	-1
