BN373_43761_1-338	0.0	0.4059803323800688	0.22792874906099247	0.3528916923458574	-1	1.0414633852903328	0.3150649437246267	1.0826034640057454	0.027679960921422664	0.15721697455524697	0.8612497872518154
ETEC_3604_1-337	0.4059803323800688	0.0	0.6339090814410613	0.7588720247259262	-1	0.6354830529102641	0.7210452761046955	1.4885837963858142	0.37830037145864615	0.24876335782482184	0.45526945487174664
CS17_03775_1-337	0.22792874906099247	0.6339090814410613	0.0	0.1249629432848649	-1	1.2693921343513255	0.0871361946636342	0.8546747149447529	0.25560870998241514	0.38514572361623944	1.089178536312808
STM_MW34531_16-353	0.3528916923458574	0.7588720247259262	0.1249629432848649	0.0	-1	1.3943550776361904	0.0378267486212307	0.729711771659888	0.38057165326728004	0.5101086669011043	1.2141414795976728
b3353_1-337	-1	-1	-1	-1	-1	-1	-1	-1	-1	-1	-1
ROD_44561_1-338	1.0414633852903328	0.6354830529102641	1.2693921343513255	1.3943550776361904	-1	0.0	1.3565283290149597	2.1240668492960784	1.0137834243689103	0.8842464107350859	0.18021359803851744
SL1344_3429_16-353	0.3150649437246267	0.7210452761046955	0.0871361946636342	0.0378267486212307	-1	1.3565283290149597	0.0	0.7675385202811187	0.34274490464604934	0.47228191827987365	1.1763147309764421
STMMW_34531_16-353	1.0826034640057454	1.4885837963858142	0.8546747149447529	0.729711771659888	-1	2.1240668492960784	0.7675385202811187	0.0	1.110283424927168	1.2398204385609923	1.9438532512575608
NCTC13441_00341_1-337	0.027679960921422664	0.37830037145864615	0.25560870998241514	0.38057165326728004	-1	1.0137834243689103	0.34274490464604934	1.110283424927168	0.0	0.1295370136338243	0.8335698263303928
SEN3289_16-353	0.15721697455524697	0.24876335782482184	0.38514572361623944	0.5101086669011043	-1	0.8842464107350859	0.47228191827987365	1.2398204385609923	0.1295370136338243	0.0	0.7040328126965685
ERS227112_00847_1-338	0.8612497872518154	0.45526945487174664	1.089178536312808	1.2141414795976728	-1	0.18021359803851744	1.1763147309764421	1.9438532512575608	0.8335698263303928	0.7040328126965685	0.0
