t3750_2-369	0.0	0.40995998945579215	0.37314754378579207	0.26755458868071397	0.4233180301219921	0.408931051161332	0.08195229748073707	0.09714447832854001	0.12024833998040807	0.6542099409465421	0.4797940081771621	0.03036187460336104
ERS227112_02115_1-372	0.40995998945579215	0.0	0.03681244567000008	0.6775145781365062	0.013358040666199944	0.0010289382944601577	0.3280076919750551	0.31281551112725214	0.2897116494753841	0.2442499514907499	0.06983401872136996	0.3795981148524311
BN373_02501_1-372	0.37314754378579207	0.03681244567000008	0.0	0.6407021324665061	0.050170486336200026	0.035783507375539925	0.291195246305055	0.27600306545725206	0.252899203805384	0.28106239716075	0.10664646439137004	0.34278566918243103
t4480_1-372	0.26755458868071397	0.6775145781365062	0.6407021324665061	0.0	0.6908726188027061	0.676485639842046	0.34950688616145104	0.364699067009254	0.38780292866112204	0.9217645296272561	0.7473485968578761	0.297916463284075
SL1344_3733_2-369	0.4233180301219921	0.013358040666199944	0.050170486336200026	0.6908726188027061	0.0	0.014386978960660102	0.341365732641255	0.3261735517934521	0.303069690141584	0.23089191082454996	0.05647597805517002	0.39295615551863106
STMMW_43891_1-372	0.408931051161332	0.0010289382944601577	0.035783507375539925	0.676485639842046	0.014386978960660102	0.0	0.3269787536805949	0.311786572832792	0.2886827111809239	0.24527888978521006	0.07086295701583012	0.37856917655797095
SEN3590_2-369	0.08195229748073707	0.3280076919750551	0.291195246305055	0.34950688616145104	0.341365732641255	0.3269787536805949	0.0	0.015192180847802939	0.038296042499671	0.572257643465805	0.39784171069642504	0.05159042287737603
SEN4195_1-372	0.09714447832854001	0.31281551112725214	0.27600306545725206	0.364699067009254	0.3261735517934521	0.311786572832792	0.015192180847802939	0.0	0.023103861651868063	0.557065462618002	0.3826495298486221	0.06678260372517897
STM_MW43891_1-372	0.12024833998040807	0.2897116494753841	0.252899203805384	0.38780292866112204	0.303069690141584	0.2886827111809239	0.038296042499671	0.023103861651868063	0.0	0.533961600966134	0.35954566819675404	0.08988646537704703
ENC_43520_1-372	0.6542099409465421	0.2442499514907499	0.28106239716075	0.9217645296272561	0.23089191082454996	0.24527888978521006	0.572257643465805	0.557065462618002	0.533961600966134	0.0	0.17441593276937994	0.623848066343181
SL1344_4376_1-372	0.4797940081771621	0.06983401872136996	0.10664646439137004	0.7473485968578761	0.05647597805517002	0.07086295701583012	0.39784171069642504	0.3826495298486221	0.35954566819675404	0.17441593276937994	0.0	0.4494321335738011
ROD_33051_1-372	0.03036187460336104	0.3795981148524311	0.34278566918243103	0.297916463284075	0.39295615551863106	0.37856917655797095	0.05159042287737603	0.06678260372517897	0.08988646537704703	0.623848066343181	0.4494321335738011	0.0
