ENC_01830_1-316	0.0	0.280940366682364	0.17789930376934016	1.1759907736347168	0.29607894963532244	0.5543074321485189	0.5070505681214339	0.3250403937441746	-1	0.446260370680599	0.07502140041151972	0.41153274427964925	0.46149274750220837	1.0379838829517904
ETEC_4105_1-317	0.280940366682364	0.0	0.45883967045170415	0.8950504069523528	0.015138582952958446	0.27336706546615486	0.7879909348037979	0.6059807604265386	-1	0.165320003998235	0.20591896627084427	0.6924731109620132	0.7424331141845724	0.7570435162694266
NCTC13441_04690_1-317	0.17789930376934016	0.45883967045170415	0.0	1.353890077404057	0.4739782534046626	0.732206735917859	0.32915126435209374	0.14714108997483444	-1	0.6241596744499391	0.2529207041808599	0.2336334405103091	0.2835934437328682	1.2158831867211308
Ecoli9000q_34450_1-317	1.1759907736347168	0.8950504069523528	1.353890077404057	0.0	0.8799118239993944	0.621683341486198	1.6830413417561507	1.5010311673788914	-1	0.7297304029541178	1.100969373223197	1.587523517914366	1.6374835211369252	0.13800689068292626
ERS227112_01796_1-317	0.29607894963532244	0.015138582952958446	0.4739782534046626	0.8799118239993944	0.0	0.2582284825131964	0.8031295177567563	0.621119343379497	-1	0.15018142104527654	0.22105754922380272	0.7076116939149717	0.7575716971375308	0.7419049333164681
ROD_39261_1-317	0.5543074321485189	0.27336706546615486	0.732206735917859	0.621683341486198	0.2582284825131964	0.0	1.0613580002699528	0.8793478258926934	-1	0.10804706146791987	0.47928603173699913	0.9658401764281681	1.0158001796507272	0.4836764508032717
STMMW_39351_1-317	0.5070505681214339	0.7879909348037979	0.32915126435209374	1.6830413417561507	0.8031295177567563	1.0613580002699528	0.0	0.1820101743772593	-1	0.9533109388020329	0.5820719685329536	0.09551782384178464	0.04555782061922553	1.5450344510732243
BN373_49491_1-316	0.3250403937441746	0.6059807604265386	0.14714108997483444	1.5010311673788914	0.621119343379497	0.8793478258926934	0.1820101743772593	0.0	-1	0.7713007644247736	0.4000617941556943	0.08649235053547466	0.13645235375803377	1.363024276695965
b3828_1-317	-1	-1	-1	-1	-1	-1	-1	-1	-1	-1	-1	-1	-1	-1
SEN3759_1-317	0.446260370680599	0.165320003998235	0.6241596744499391	0.7297304029541178	0.15018142104527654	0.10804706146791987	0.9533109388020329	0.7713007644247736	-1	0.0	0.37123897026907926	0.8577931149602482	0.9077531181828074	0.5917235122711916
CS17_04281_1-317	0.07502140041151972	0.20591896627084427	0.2529207041808599	1.100969373223197	0.22105754922380272	0.47928603173699913	0.5820719685329536	0.4000617941556943	-1	0.37123897026907926	0.0	0.486554144691169	0.5365141479137281	0.9629624825402708
SL1344_3918_1-317	0.41153274427964925	0.6924731109620132	0.2336334405103091	1.587523517914366	0.7076116939149717	0.9658401764281681	0.09551782384178464	0.08649235053547466	-1	0.8577931149602482	0.486554144691169	0.0	0.04996000322255911	1.4495166272314397
STM_MW39351_1-317	0.46149274750220837	0.7424331141845724	0.2835934437328682	1.6374835211369252	0.7575716971375308	1.0158001796507272	0.04555782061922553	0.13645235375803377	-1	0.9077531181828074	0.5365141479137281	0.04996000322255911	0.0	1.4994766304539988
t3333_1-317	1.0379838829517904	0.7570435162694266	1.2158831867211308	0.13800689068292626	0.7419049333164681	0.4836764508032717	1.5450344510732243	1.363024276695965	-1	0.5917235122711916	0.9629624825402708	1.4495166272314397	1.4994766304539988	0.0
