NCTC13441_00726_29-391	0.0	0.8940149835643929	5.59531827746032	0.5756183813434239	0.19824103495476986	0.11367699410531995	0.52746921553983	0.29956302739739993	0.77110993671999	0.17254569028473	0.3925984295268199	0.07820843823801993	0.36981161529878004	0.4916181223145979	0.1967085068819101	0.26968566459877996	0.3585197920410699	0.4669903317417219	0.4993168037873019	0.3593906743186899	0.16860539068746982	0.44447067475510293	5.59531827746032	0.45291703750685397	0.6870486517290529	0.05974052329895985	1.052699112307949	0.569547119527714
SEN0740_1-385	0.8940149835643929	0.0	6.489333261024713	0.318396602220969	0.695773948609623	0.780337989459073	0.36654576802456296	0.594451956166993	0.12290504684440295	1.066560673849123	0.501416554037573	0.815806545326373	0.5242033682656129	0.402396861249795	1.090723490446303	0.624329318965613	0.535495191523323	0.427024651822671	0.394698179777091	0.534624309245703	0.7254095928769231	0.44954430880928997	6.489333261024713	0.44109794605753894	0.20696633183533997	0.8342744602654331	0.15868412874355603	0.32446786403667893
b0776_1-384	5.59531827746032	6.489333261024713	0.0	6.170936658803744	5.7935593124150895	5.70899527156564	6.12278749300015	5.89488130485772	6.36642821418031	5.42277258717559	5.98791670698714	5.67352671569834	5.9651298927591	6.086936399774918	5.39860977057841	5.8650039420591	5.95383806950139	6.0623086092020415	6.094635081247622	5.9547089517790095	5.76392366814779	6.039788952215423	0.0	6.048235314967174	6.282366929189373	5.65505880075928	6.648017389768269	6.164865396988034
STM_MW36981_1-398	0.5756183813434239	0.318396602220969	6.170936658803744	0.0	0.37737734638865406	0.46194138723810396	0.04814916580359396	0.276055353946024	0.19549155537656604	0.7481640716281539	0.18301995181660402	0.497409943105404	0.20580676604464387	0.08400025902882602	0.772326888225334	0.30593271674464395	0.21709858930235404	0.10862804960170203	0.07630157755612199	0.21622770702473404	0.4070129906559541	0.13114770658832098	6.170936658803744	0.12270134383656994	0.11143027038562903	0.5158778580444641	0.477080730964525	0.0060712618157099385
ETEC_3860_1-398	0.19824103495476986	0.695773948609623	5.7935593124150895	0.37737734638865406	0.0	0.0845640408494499	0.3292281805850601	0.10132199244263007	0.5728689017652201	0.37078672523949985	0.19435739457205004	0.12003259671674993	0.17157058034401018	0.29337708735982804	0.39494954183667996	0.0714446296440101	0.16027875708630002	0.26874929678695203	0.30107576883253206	0.16114963936392002	0.029635644267300032	0.24622963980033308	5.7935593124150895	0.2546760025520841	0.4888076167742831	0.13850051165581	0.8544580773531791	0.3713060845729441
ERS227112_00617_1-397	0.11367699410531995	0.780337989459073	5.70899527156564	0.46194138723810396	0.0845640408494499	0.0	0.41379222143451	0.18588603329207998	0.65743294261467	0.28622268439004994	0.27892143542149994	0.03546855586730002	0.2561346211934601	0.37794112820927794	0.31038550098723006	0.15600867049346	0.24484279793574992	0.35331333763640194	0.38563980968198197	0.24571368021336992	0.054928396582149874	0.330793680649783	5.70899527156564	0.339240043401534	0.573371657623733	0.053936470806360104	0.939022118202629	0.455870125422394
t3810_1-398	0.52746921553983	0.36654576802456296	6.12278749300015	0.04814916580359396	0.3292281805850601	0.41379222143451	0.0	0.22790618814243002	0.24364072118016	0.7000149058245599	0.13487078601301006	0.44926077730181	0.1576576002410499	0.035851093225232056	0.72417772242174	0.25778355094105	0.16894942349876008	0.06047888379810806	0.028152411752528028	0.16807854122114008	0.3588638248523601	0.08299854078472702	6.12278749300015	0.07455217803297598	0.159579436189223	0.4677286922408701	0.525229896768119	0.042077903987884024
ROD_41991_1-398	0.29956302739739993	0.594451956166993	5.89488130485772	0.276055353946024	0.10132199244263007	0.18588603329207998	0.22790618814243002	0.0	0.47154690932259	0.4721087176821299	0.09303540212941996	0.22135458915938	0.07024858790138011	0.19205509491719797	0.49627153427931003	0.029877362798619966	0.058956764643669946	0.16742730434432196	0.199753776389902	0.059827646921289945	0.1309576367099301	0.144907647357703	5.89488130485772	0.15335401010945404	0.387485624331653	0.23982250409844008	0.7531360849105491	0.26998409213031405
ERS227112_03235_1-385	0.77110993671999	0.12290504684440295	6.36642821418031	0.19549155537656604	0.5728689017652201	0.65743294261467	0.24364072118016	0.47154690932259	0.0	0.9436556270047199	0.37851150719317006	0.69290149848197	0.4012983214212099	0.27949181440539206	0.9678184436019001	0.50142427212121	0.4125901446789201	0.30411960497826807	0.27179313293268803	0.4117192624013001	0.6025045460325201	0.326639261964887	6.36642821418031	0.318192899213136	0.08406128499093701	0.7113694134210301	0.281589175587959	0.20156281719227598
SL1344_0772_1-385	0.17254569028473	1.066560673849123	5.42277258717559	0.7481640716281539	0.37078672523949985	0.28622268439004994	0.7000149058245599	0.4721087176821299	0.9436556270047199	0.0	0.5651441198115499	0.2507541285227499	0.54235730558351	0.6641638125993279	0.024162816597180115	0.44223135488350995	0.5310654823257999	0.6395360220264519	0.6718624940720319	0.5319363646034199	0.3411510809721998	0.6170163650398329	5.42277258717559	0.625462727791584	0.8595943420137829	0.23228621358368984	1.225244802592679	0.742092809812444
STMMW_36981_1-398	0.3925984295268199	0.501416554037573	5.98791670698714	0.18301995181660402	0.19435739457205004	0.27892143542149994	0.13487078601301006	0.09303540212941996	0.37851150719317006	0.5651441198115499	0.0	0.31438999128879996	0.022786814228039853	0.099019692787778	0.58930693640873	0.12291276492803993	0.03407863748575002	0.074391902214902	0.10671837426048203	0.03320775520813002	0.22399303883935007	0.05187224522828304	5.98791670698714	0.06031860798003408	0.29445022220223305	0.33285790622786005	0.6601006827811291	0.17694869000089408
CS17_04066_1-398	0.07820843823801993	0.815806545326373	5.67352671569834	0.497409943105404	0.12003259671674993	0.03546855586730002	0.44926077730181	0.22135458915938	0.69290149848197	0.2507541285227499	0.31438999128879996	0.0	0.2916031770607601	0.41340968407657797	0.27491694511993003	0.19147722636076003	0.28031135380304995	0.38878189350370196	0.421108365549282	0.28118223608066995	0.0903969524494499	0.366262236517083	5.67352671569834	0.37470859926883404	0.608840213491033	0.01846791493906008	0.9744906740699291	0.49133868128969405
NCTC13441_00066_1-398	0.36981161529878004	0.5242033682656129	5.9651298927591	0.20580676604464387	0.17157058034401018	0.2561346211934601	0.1576576002410499	0.07024858790138011	0.4012983214212099	0.54235730558351	0.022786814228039853	0.2916031770607601	0.0	0.12180650701581786	0.5665201221806901	0.10012595070000008	0.011291823257710165	0.09717871644294185	0.12950518848852188	0.010420940980090165	0.2012062246113102	0.0746590594563229	5.9651298927591	0.08310542220807393	0.3172370364302729	0.3100710919998202	0.682887497009169	0.19973550422893394
CS17_03402_29-391	0.4916181223145979	0.402396861249795	6.086936399774918	0.08400025902882602	0.29337708735982804	0.37794112820927794	0.035851093225232056	0.19205509491719797	0.27949181440539206	0.6641638125993279	0.099019692787778	0.41340968407657797	0.12180650701581786	0.0	0.688326629196508	0.22193245771581793	0.13309833027352802	0.024627790572876007	0.007698681472704028	0.13222744799590802	0.32301273162712807	0.04714744755949496	6.086936399774918	0.038701084807743924	0.19543052941445505	0.43187759901563805	0.5610809899933511	0.07792899721311608
ENC_02370_1-398	0.1967085068819101	1.090723490446303	5.39860977057841	0.772326888225334	0.39494954183667996	0.31038550098723006	0.72417772242174	0.49627153427931003	0.9678184436019001	0.024162816597180115	0.58930693640873	0.27491694511993003	0.5665201221806901	0.688326629196508	0.0	0.46639417148069007	0.55522829892298	0.663698838623632	0.696025310669212	0.5560991812006	0.36531389756937993	0.641179181637013	5.39860977057841	0.6496255443887641	0.883757158610963	0.25644903018086995	1.249407619189859	0.7662556264096241
BN373_46031_1-397	0.26968566459877996	0.624329318965613	5.8650039420591	0.30593271674464395	0.0714446296440101	0.15600867049346	0.25778355094105	0.029877362798619966	0.50142427212121	0.44223135488350995	0.12291276492803993	0.19147722636076003	0.10012595070000008	0.22193245771581793	0.46639417148069007	0.0	0.08883412744228991	0.19730466714294193	0.22963113918852196	0.08970500971990991	0.10108027391131014	0.17478501015632297	5.8650039420591	0.183231372908074	0.417362987130273	0.20994514129982011	0.783013447709169	0.299861454928934
SEN3531_1-398	0.3585197920410699	0.535495191523323	5.95383806950139	0.21709858930235404	0.16027875708630002	0.24484279793574992	0.16894942349876008	0.058956764643669946	0.4125901446789201	0.5310654823257999	0.03407863748575002	0.28031135380304995	0.011291823257710165	0.13309833027352802	0.55522829892298	0.08883412744228991	0.0	0.10847053970065201	0.14079701174623205	0.0008708822776199998	0.18991440135360005	0.08595088271403306	5.95383806950139	0.0943972454657841	0.32852885968798307	0.29877926874211	0.6941793202668791	0.2110273274866441
STM_MW08471_1-386	0.4669903317417219	0.427024651822671	6.0623086092020415	0.10862804960170203	0.26874929678695203	0.35331333763640194	0.06047888379810806	0.16742730434432196	0.30411960497826807	0.6395360220264519	0.074391902214902	0.38878189350370196	0.09717871644294185	0.024627790572876007	0.663698838623632	0.19730466714294193	0.10847053970065201	0.0	0.032326472045580035	0.10759965742303201	0.29838494105425206	0.022519656986618952	6.0623086092020415	0.014073294234867917	0.22005831998733105	0.40724980844276204	0.5857087805662271	0.10255678778599209
NCTC13441_03218_1-385	0.4993168037873019	0.394698179777091	6.094635081247622	0.07630157755612199	0.30107576883253206	0.38563980968198197	0.028152411752528028	0.199753776389902	0.27179313293268803	0.6718624940720319	0.10671837426048203	0.421108365549282	0.12950518848852188	0.007698681472704028	0.696025310669212	0.22963113918852196	0.14079701174623205	0.032326472045580035	0.0	0.13992612946861205	0.3307114130998321	0.05484612903219899	6.094635081247622	0.04639976628044795	0.18773184794175102	0.4395762804883421	0.5533823085206471	0.07023031574041205
BN373_13631_1-385	0.3593906743186899	0.534624309245703	5.9547089517790095	0.21622770702473404	0.16114963936392002	0.24571368021336992	0.16807854122114008	0.059827646921289945	0.4117192624013001	0.5319363646034199	0.03320775520813002	0.28118223608066995	0.010420940980090165	0.13222744799590802	0.5560991812006	0.08970500971990991	0.0008708822776199998	0.10759965742303201	0.13992612946861205	0.0	0.19078528363122005	0.08508000043641306	5.9547089517790095	0.0935263631881641	0.32765797741036307	0.29965015101973	0.6933084379892591	0.2101564452090241
SL1344_3675_1-398	0.16860539068746982	0.7254095928769231	5.76392366814779	0.4070129906559541	0.029635644267300032	0.054928396582149874	0.3588638248523601	0.1309576367099301	0.6025045460325201	0.3411510809721998	0.22399303883935007	0.0903969524494499	0.2012062246113102	0.32301273162712807	0.36531389756937993	0.10108027391131014	0.18991440135360005	0.29838494105425206	0.3307114130998321	0.19078528363122005	0.0	0.2758652840676331	5.76392366814779	0.28431164681938415	0.5184432610415831	0.10886486738850998	0.8840937216204792	0.40094172884024415
STMMW_08471_1-385	0.44447067475510293	0.44954430880928997	6.039788952215423	0.13114770658832098	0.24622963980033308	0.330793680649783	0.08299854078472702	0.144907647357703	0.326639261964887	0.6170163650398329	0.05187224522828304	0.366262236517083	0.0746590594563229	0.04714744755949496	0.641179181637013	0.17478501015632297	0.08595088271403306	0.022519656986618952	0.05484612903219899	0.08508000043641306	0.2758652840676331	0.0	6.039788952215423	0.008446362751751035	0.24257797697395	0.3847301514561431	0.608228437552846	0.12507644477261104
b3617_1-398	5.59531827746032	6.489333261024713	0.0	6.170936658803744	5.7935593124150895	5.70899527156564	6.12278749300015	5.89488130485772	6.36642821418031	5.42277258717559	5.98791670698714	5.67352671569834	5.9651298927591	6.086936399774918	5.39860977057841	5.8650039420591	5.95383806950139	6.0623086092020415	6.094635081247622	5.9547089517790095	5.76392366814779	6.039788952215423	0.0	6.048235314967174	6.282366929189373	5.65505880075928	6.648017389768269	6.164865396988034
CS17_00835_1-385	0.45291703750685397	0.44109794605753894	6.048235314967174	0.12270134383656994	0.2546760025520841	0.339240043401534	0.07455217803297598	0.15335401010945404	0.318192899213136	0.625462727791584	0.06031860798003408	0.37470859926883404	0.08310542220807393	0.038701084807743924	0.6496255443887641	0.183231372908074	0.0943972454657841	0.014073294234867917	0.04639976628044795	0.0935263631881641	0.28431164681938415	0.008446362751751035	6.048235314967174	0.0	0.23413161422219897	0.3931765142078941	0.5997820748010949	0.11663008202086
ROD_07771_1-385	0.6870486517290529	0.20696633183533997	6.282366929189373	0.11143027038562903	0.4888076167742831	0.573371657623733	0.159579436189223	0.387485624331653	0.08406128499093701	0.8595943420137829	0.29445022220223305	0.608840213491033	0.3172370364302729	0.19543052941445505	0.883757158610963	0.417362987130273	0.32852885968798307	0.22005831998733105	0.18773184794175102	0.32765797741036307	0.5184432610415831	0.24257797697395	6.282366929189373	0.23413161422219897	0.0	0.6273081284300931	0.365650460578896	0.11750153220133897
ETEC_3252_29-390	0.05974052329895985	0.8342744602654331	5.65505880075928	0.5158778580444641	0.13850051165581	0.053936470806360104	0.4677286922408701	0.23982250409844008	0.7113694134210301	0.23228621358368984	0.33285790622786005	0.01846791493906008	0.3100710919998202	0.43187759901563805	0.25644903018086995	0.20994514129982011	0.29877926874211	0.40724980844276204	0.4395762804883421	0.29965015101973	0.10886486738850998	0.3847301514561431	5.65505880075928	0.3931765142078941	0.6273081284300931	0.0	0.9929585890089891	0.5098065962287541
t2092_1-385	1.052699112307949	0.15868412874355603	6.648017389768269	0.477080730964525	0.8544580773531791	0.939022118202629	0.525229896768119	0.7531360849105491	0.281589175587959	1.225244802592679	0.6601006827811291	0.9744906740699291	0.682887497009169	0.5610809899933511	1.249407619189859	0.783013447709169	0.6941793202668791	0.5857087805662271	0.5533823085206471	0.6933084379892591	0.8840937216204792	0.608228437552846	6.648017389768269	0.5997820748010949	0.365650460578896	0.9929585890089891	0.0	0.48315199278023496
ETEC_0841_1-384	0.569547119527714	0.32446786403667893	6.164865396988034	0.0060712618157099385	0.3713060845729441	0.455870125422394	0.042077903987884024	0.26998409213031405	0.20156281719227598	0.742092809812444	0.17694869000089408	0.49133868128969405	0.19973550422893394	0.07792899721311608	0.7662556264096241	0.299861454928934	0.2110273274866441	0.10255678778599209	0.07023031574041205	0.2101564452090241	0.40094172884024415	0.12507644477261104	6.164865396988034	0.11663008202086	0.11750153220133897	0.5098065962287541	0.48315199278023496	0.0
