BN373_12431_1-87	0.0	1.03667569172667	0.9629752794320632	0.61348569659181	0.7414289825844349	1.03667569172667	0.6193262261717609	0.15438347542460007	5.9633243082733305	0.536568918376801	0.9502651571733914	1.03667569172667
STM_MW07011_1-87	1.03667569172667	0.0	0.0737004122946068	0.42318999513486	0.295246709142235	0.0	0.417349465554909	1.19105916715127	7.0	0.500106773349869	0.0864105345532785	0.0
ERS227112_03105_1-87	0.9629752794320632	0.0737004122946068	0.0	0.3494895828402532	0.2215462968476282	0.0737004122946068	0.34364905326030215	1.1173587548566632	6.926299587705393	0.4264063610552622	0.0127101222586717	0.0737004122946068
ETEC_0659_1-87	0.61348569659181	0.42318999513486	0.3494895828402532	0.0	0.127943285992625	0.42318999513486	0.005840529579951015	0.76786917201641	6.57681000486514	0.07691677821500897	0.3367794605815815	0.42318999513486
NCTC13441_03364_1-87	0.7414289825844349	0.295246709142235	0.2215462968476282	0.127943285992625	0.0	0.295246709142235	0.12210275641267399	0.895812458009035	6.704753290857765	0.20486006420763397	0.20883617458895648	0.295246709142235
ENC_20780_1-87	1.03667569172667	0.0	0.0737004122946068	0.42318999513486	0.295246709142235	0.0	0.417349465554909	1.19105916715127	7.0	0.500106773349869	0.0864105345532785	0.0
SEN0605_1-87	0.6193262261717609	0.417349465554909	0.34364905326030215	0.005840529579951015	0.12210275641267399	0.417349465554909	0.0	0.773709701596361	6.582650534445091	0.08275730779495999	0.33093893100163047	0.417349465554909
CS17_00637_1-87	0.15438347542460007	1.19105916715127	1.1173587548566632	0.76786917201641	0.895812458009035	1.19105916715127	0.773709701596361	0.0	5.80894083284873	0.690952393801401	1.1046486325979916	1.19105916715127
b0631_1-87	5.9633243082733305	7.0	6.926299587705393	6.57681000486514	6.704753290857765	7.0	6.582650534445091	5.80894083284873	0.0	6.499893226650131	6.913589465446721	7.0
STMMW_07011_1-87	0.536568918376801	0.500106773349869	0.4264063610552622	0.07691677821500897	0.20486006420763397	0.500106773349869	0.08275730779495999	0.690952393801401	6.499893226650131	0.0	0.41369623879659045	0.500106773349869
t2231_1-87	0.9502651571733914	0.0864105345532785	0.0127101222586717	0.3367794605815815	0.20883617458895648	0.0864105345532785	0.33093893100163047	1.1046486325979916	6.913589465446721	0.41369623879659045	0.0	0.0864105345532785
ROD_06491_1-87	1.03667569172667	0.0	0.0737004122946068	0.42318999513486	0.295246709142235	0.0	0.417349465554909	1.19105916715127	7.0	0.500106773349869	0.0864105345532785	0.0
