STMMW_02281_1-285	0.0	0.0725786248145462	0.06111232885612313	1.0156248582083849	0.04098551931486076	0.004127095685118737	0.04246462025766259	2.0933689218383247	0.03997468347340358	0.04867902233891845	0.044286509491044665	0.08629075298318879	0.021857148049439112	0.04108062175280156	0.03657770370931222	-1	0.06314550757366863	-1
ROD_01781_1-285	0.0725786248145462	0.0	0.011466295958423066	1.0882034830229312	0.11356414412940696	0.06845152912942747	0.03011400455688361	2.1659475466528706	0.03260394134114262	0.023899602475627744	0.11686513430559087	0.013712128168642595	0.05072147676510708	0.031498003061744634	0.03600092110523397	-1	0.009433117240877567	-1
CS17_01562_1-298	0.06111232885612313	0.011466295958423066	0.0	1.0767371870645082	0.10209784817098388	0.056985233171004394	0.018647708598460544	2.1544812506944475	0.021137645382719554	0.01243330651720468	0.10539883834716779	0.02517842412706566	0.03925518080668402	0.02003170710332157	0.024534625146810908	-1	0.0020331787175454988	-1
ROD_16341_1-305	1.0156248582083849	1.0882034830229312	1.0767371870645082	0.0	0.9746393388935242	1.0197519538935038	1.0580894784660475	1.0777440636299396	1.0555995416817885	1.0643038805473035	0.9713383487173404	1.1019156111915738	1.037482006257824	1.0567054799611866	1.0522025619176971	-1	1.0787703657820535	-1
BN373_06801_1-285	0.04098551931486076	0.11356414412940696	0.10209784817098388	0.9746393388935242	0.0	0.0451126149999795	0.08345013957252334	2.0523834025234637	0.08096020278826434	0.08966454165377921	0.0033009901761839044	0.12727627229804955	0.06284266736429987	0.08206614106766233	0.07756322302417298	-1	0.10413102688852939	-1
ETEC_1481_1-298	0.004127095685118737	0.06845152912942747	0.056985233171004394	1.0197519538935038	0.0451126149999795	0.0	0.03833752457254385	2.097496017523443	0.03584758778828484	0.044551926653799714	0.0484136051761634	0.08216365729807006	0.017730052364320376	0.036953526067682825	0.032450608024193486	-1	0.05901841188854989	-1
SL1344_0223_1-285	0.04246462025766259	0.03011400455688361	0.018647708598460544	1.0580894784660475	0.08345013957252334	0.03833752457254385	0.0	2.135833542095987	0.00248993678425901	0.006214402081255864	0.08675112974870725	0.043826132725526205	0.020607472208223475	0.0013839985048610254	0.005886916548350364	-1	0.020680887316006043	-1
Ecoli9000q_4020_1-298	2.0933689218383247	2.1659475466528706	2.1544812506944475	1.0777440636299396	2.0523834025234637	2.097496017523443	2.135833542095987	0.0	2.1333436053117283	2.142047944177243	2.0490824123472797	2.1796596748215133	2.115226069887764	2.134449543591126	2.1299466255476367	-1	2.156514429411993	-1
STM_MW02281_1-285	0.03997468347340358	0.03260394134114262	0.021137645382719554	1.0555995416817885	0.08096020278826434	0.03584758778828484	0.00248993678425901	2.1333436053117283	0.0	0.008704338865514874	0.08426119296444824	0.046316069509785215	0.018117535423964465	0.0011059382793979847	0.003396979764091354	-1	0.023170824100265053	-1
ERS227112_02530_1-260	0.04867902233891845	0.023899602475627744	0.01243330651720468	1.0643038805473035	0.08966454165377921	0.044551926653799714	0.006214402081255864	2.142047944177243	0.008704338865514874	0.0	0.09296553182996312	0.03761173064427034	0.02682187428947934	0.007598400586116889	0.012101318629606228	-1	0.014466485234750179	-1
CS17_00185_1-249	0.044286509491044665	0.11686513430559087	0.10539883834716779	0.9713383487173404	0.0033009901761839044	0.0484136051761634	0.08675112974870725	2.0490824123472797	0.08426119296444824	0.09296553182996312	0.0	0.13057726247423346	0.06614365754048378	0.08536713124384623	0.08086421320035689	-1	0.1074320170647133	-1
Ecoli9000q_42290_1-249	0.08629075298318879	0.013712128168642595	0.02517842412706566	1.1019156111915738	0.12727627229804955	0.08216365729807006	0.043826132725526205	2.1796596748215133	0.046316069509785215	0.03761173064427034	0.13057726247423346	0.0	0.06443360493374968	0.04521013123038723	0.04971304927387657	-1	0.023145245409520163	-1
ETEC_0170_1-285	0.021857148049439112	0.05072147676510708	0.03925518080668402	1.037482006257824	0.06284266736429987	0.017730052364320376	0.020607472208223475	2.115226069887764	0.018117535423964465	0.02682187428947934	0.06614365754048378	0.06443360493374968	0.0	0.01922347370336245	0.01472055565987311	-1	0.04128835952422952	-1
NCTC13441_03801_1-249	0.04108062175280156	0.031498003061744634	0.02003170710332157	1.0567054799611866	0.08206614106766233	0.036953526067682825	0.0013839985048610254	2.134449543591126	0.0011059382793979847	0.007598400586116889	0.08536713124384623	0.04521013123038723	0.01922347370336245	0.0	0.004502918043489339	-1	0.022064885820867068	-1
SEN0229_1-285	0.03657770370931222	0.03600092110523397	0.024534625146810908	1.0522025619176971	0.07756322302417298	0.032450608024193486	0.005886916548350364	2.1299466255476367	0.003396979764091354	0.012101318629606228	0.08086421320035689	0.04971304927387657	0.01472055565987311	0.004502918043489339	0.0	-1	0.026567803864356407	-1
b0175_1-285	-1	-1	-1	-1	-1	-1	-1	-1	-1	-1	-1	-1	-1	-1	-1	-1	-1	-1
t0223_1-285	0.06314550757366863	0.009433117240877567	0.0020331787175454988	1.0787703657820535	0.10413102688852939	0.05901841188854989	0.020680887316006043	2.156514429411993	0.023170824100265053	0.014466485234750179	0.1074320170647133	0.023145245409520163	0.04128835952422952	0.022064885820867068	0.026567803864356407	-1	0.0	-1
b1409_1-298	-1	-1	-1	-1	-1	-1	-1	-1	-1	-1	-1	-1	-1	-1	-1	-1	-1	-1
