Ecoli9000q_41680_3-616	0.0	0.4323727288477014	0.07441233123588087	0.8745348881263842	0.1229362801329209	0.12676860746004404	0.4271773382704155	-1	0.26070904906826253	0.29081974699594626	0.0585376304563322
BN373_06131_1-535	0.4323727288477014	0.0	0.3579603976118205	0.44216215927868285	0.3094364487147805	0.30560412138765736	0.005195390577285908	-1	0.17166367977943886	0.14155298185175513	0.4909103593040336
ROD_01241_1-538	0.07441233123588087	0.3579603976118205	0.0	0.8001225568905034	0.04852394889704004	0.05235627622416317	0.3527650070345346	-1	0.18629671783238166	0.2164074157600654	0.13294996169221307
CS17_00127_3-603	0.8745348881263842	0.44216215927868285	0.8001225568905034	0.0	0.7515986079934633	0.7477662806663402	0.44735754985596876	-1	0.6138258390581217	0.583715141130438	0.9330725185827164
SL1344_0157_1-537	0.1229362801329209	0.3094364487147805	0.04852394889704004	0.7515986079934633	0.0	0.0038323273271231306	0.3042410581374946	-1	0.13777276893534163	0.16788346686302535	0.1814739105892531
SEN0161_1-540	0.12676860746004404	0.30560412138765736	0.05235627622416317	0.7477662806663402	0.0038323273271231306	0.0	0.30040873081037145	-1	0.1339404416082185	0.16405113953590222	0.18530623791637624
ERS227112_02461_1-535	0.4271773382704155	0.005195390577285908	0.3527650070345346	0.44735754985596876	0.3042410581374946	0.30040873081037145	0.0	-1	0.16646828920215295	0.13635759127446923	0.4857149687267477
b0117_3-616	-1	-1	-1	-1	-1	-1	-1	-1	-1	-1	-1
NCTC13441_03864_3-586	0.26070904906826253	0.17166367977943886	0.18629671783238166	0.6138258390581217	0.13777276893534163	0.1339404416082185	0.16646828920215295	-1	0.0	0.030110697927683727	0.31924667952459473
ETEC_0113_3-584	0.29081974699594626	0.14155298185175513	0.2164074157600654	0.583715141130438	0.16788346686302535	0.16405113953590222	0.13635759127446923	-1	0.030110697927683727	0.0	0.34935737745227846
t0163_1-540	0.0585376304563322	0.4909103593040336	0.13294996169221307	0.9330725185827164	0.1814739105892531	0.18530623791637624	0.4857149687267477	-1	0.31924667952459473	0.34935737745227846	0.0
