SL1344_1171_3-215	0.0	0.3690620805039322	0.4783879671523366	0.08294661063269271	0.5263192913243595	0.24620610214908017	-1	0.06708241125137449	0.3007311798774439	0.2704458983900697	0.1905404636446711	0.18787959278978061	0.26637420642209797
NCTC13441_02780_1-213	0.3690620805039322	0.0	0.10932588664840442	0.4520086911366249	0.15725721082042732	0.12285597835485201	-1	0.3019796692525577	0.06833090062648828	0.09861618211386247	0.1785216168592611	0.18118248771415157	0.10268787408183422
STM_MW12431_3-215	0.4783879671523366	0.10932588664840442	0.0	0.5613345777850294	0.04793132417202289	0.23218186500325644	-1	0.4113055559009621	0.1776567872748927	0.2079420687622669	0.2878475035076655	0.290508374362556	0.21201376073023864
CS17_01333_1-213	0.08294661063269271	0.4520086911366249	0.5613345777850294	0.0	0.6092659019570522	0.3291527127817729	-1	0.1500290218840672	0.3836777905101366	0.3533925090227624	0.2734870742773638	0.2708262034224733	0.3493208170547907
Ecoli9000q_590_3-215	0.5263192913243595	0.15725721082042732	0.04793132417202289	0.6092659019570522	0.0	0.28011318917527933	-1	0.459236880072985	0.2255881114469156	0.2558733929342898	0.3357788276796884	0.3384396985345789	0.25994508490226154
t1687_3-215	0.24620610214908017	0.12285597835485201	0.23218186500325644	0.3291527127817729	0.28011318917527933	0.0	-1	0.1791236908977057	0.054525077728363736	0.024239796240989542	0.05566563850440909	0.05832650935929956	0.020168104273017795
b1132_1-213	-1	-1	-1	-1	-1	-1	-1	-1	-1	-1	-1	-1	-1
ERS227112_03610_1-213	0.06708241125137449	0.3019796692525577	0.4113055559009621	0.1500290218840672	0.459236880072985	0.1791236908977057	-1	0.0	0.23364876862606943	0.20336348713869523	0.1234580523932966	0.12079718153840613	0.19929179517072348
SEN1816_3-215	0.3007311798774439	0.06833090062648828	0.1776567872748927	0.3836777905101366	0.2255881114469156	0.054525077728363736	-1	0.23364876862606943	0.0	0.030285281487374194	0.11019071623277282	0.1128515870876633	0.03435697345534594
STMMW_12431_3-215	0.2704458983900697	0.09861618211386247	0.2079420687622669	0.3533925090227624	0.2558733929342898	0.024239796240989542	-1	0.20336348713869523	0.030285281487374194	0.0	0.07990543474539863	0.0825663056002891	0.004071691967971747
BN373_17571_1-213	0.1905404636446711	0.1785216168592611	0.2878475035076655	0.2734870742773638	0.3357788276796884	0.05566563850440909	-1	0.1234580523932966	0.11019071623277282	0.07990543474539863	0.0	0.0026608708548904736	0.07583374277742688
ETEC_1256_1-213	0.18787959278978061	0.18118248771415157	0.290508374362556	0.2708262034224733	0.3384396985345789	0.05832650935929956	-1	0.12079718153840613	0.1128515870876633	0.0825663056002891	0.0026608708548904736	0.0	0.07849461363231736
ROD_12221_1-213	0.26637420642209797	0.10268787408183422	0.21201376073023864	0.3493208170547907	0.25994508490226154	0.020168104273017795	-1	0.19929179517072348	0.03435697345534594	0.004071691967971747	0.07583374277742688	0.07849461363231736	0.0
