SEN3256_1-179	0.0	0.05985518393783551	0.0820546407329305	0.07172302681548001	0.0820546407329305	0.02155139736806551	0.0820546407329305	0.06631257378734741	0.0820546407329305	-1	0.07016971456245161	0.0820546407329305	0.0820546407329305
STM_MW34211_1-179	0.05985518393783551	0.0	0.022199456795095	0.0118678428776445	0.022199456795095	0.03830378656977	0.022199456795095	0.006457389849511899	0.022199456795095	-1	0.010314530624616099	0.022199456795095	0.022199456795095
BN373_43441_1-179	0.0820546407329305	0.022199456795095	0.0	0.0103316139174505	0.0	0.060503243364865	0.0	0.0157420669455831	0.0	-1	0.0118849261704789	0.0	0.0
CS17_03743_1-179	0.07172302681548001	0.0118678428776445	0.0103316139174505	0.0	0.0103316139174505	0.0501716294474145	0.0103316139174505	0.005410453028132601	0.0103316139174505	-1	0.0015533122530284015	0.0103316139174505	0.0103316139174505
ERS227112_00879_1-179	0.0820546407329305	0.022199456795095	0.0	0.0103316139174505	0.0	0.060503243364865	0.0	0.0157420669455831	0.0	-1	0.0118849261704789	0.0	0.0
SL1344_3395_1-179	0.02155139736806551	0.03830378656977	0.060503243364865	0.0501716294474145	0.060503243364865	0.0	0.060503243364865	0.0447611764192819	0.060503243364865	-1	0.0486183171943861	0.060503243364865	0.060503243364865
ETEC_3560_1-179	0.0820546407329305	0.022199456795095	0.0	0.0103316139174505	0.0	0.060503243364865	0.0	0.0157420669455831	0.0	-1	0.0118849261704789	0.0	0.0
ROD_45141_1-179	0.06631257378734741	0.006457389849511899	0.0157420669455831	0.005410453028132601	0.0157420669455831	0.0447611764192819	0.0157420669455831	0.0	0.0157420669455831	-1	0.0038571407751042	0.0157420669455831	0.0157420669455831
t4077_1-179	0.0820546407329305	0.022199456795095	0.0	0.0103316139174505	0.0	0.060503243364865	0.0	0.0157420669455831	0.0	-1	0.0118849261704789	0.0	0.0
b3308_1-179	-1	-1	-1	-1	-1	-1	-1	-1	-1	-1	-1	-1	-1
STMMW_34211_1-179	0.07016971456245161	0.010314530624616099	0.0118849261704789	0.0015533122530284015	0.0118849261704789	0.0486183171943861	0.0118849261704789	0.0038571407751042	0.0118849261704789	-1	0.0	0.0118849261704789	0.0118849261704789
NCTC13441_00387_1-179	0.0820546407329305	0.022199456795095	0.0	0.0103316139174505	0.0	0.060503243364865	0.0	0.0157420669455831	0.0	-1	0.0118849261704789	0.0	0.0
ENC_25220_1-179	0.0820546407329305	0.022199456795095	0.0	0.0103316139174505	0.0	0.060503243364865	0.0	0.0157420669455831	0.0	-1	0.0118849261704789	0.0	0.0
