ETEC_1304_1-356	0.0	0.6871377817832874	0.21342602428268176	0.463159831364515	0.5159180322181265	-1	0.010373792436782048	0.26502669973031445	1.1428676185582423	0.3189159607472531	0.25169798472582383
BN373_41491_1-356	0.6871377817832874	0.0	0.4737117575006057	0.22397795041877244	1.203055814001414	-1	0.6975115742200695	0.422111082052973	0.45572983677495493	1.0060537425305405	0.9388357665091113
CS17_01377_1-357	0.21342602428268176	0.4737117575006057	0.0	0.24973380708183324	0.7293440565008082	-1	0.2237998167194638	0.05160067544763269	0.9294415942755606	0.5323419850299349	0.4651240090085056
BN373_41521_1-549	0.463159831364515	0.22397795041877244	0.24973380708183324	0.0	0.9790778635826416	-1	0.47353362380129704	0.19813313163420054	0.6797077871937274	0.782075792111768	0.7148578160903388
Ecoli9000q_1590_1-357	0.5159180322181265	1.203055814001414	0.7293440565008082	0.9790778635826416	0.0	-1	0.5055442397813446	0.780944731948441	1.658785650776369	0.19700207147087345	0.2642200474923027
b1200_1-356	-1	-1	-1	-1	-1	-1	-1	-1	-1	-1	-1
ERS227112_01107_1-550	0.010373792436782048	0.6975115742200695	0.2237998167194638	0.47353362380129704	0.5055442397813446	-1	0.0	0.2754004921670965	1.1532414109950244	0.30854216831047104	0.24132419228904178
ERS227112_01110_1-357	0.26502669973031445	0.422111082052973	0.05160067544763269	0.19813313163420054	0.780944731948441	-1	0.2754004921670965	0.0	0.8778409188279279	0.5839426604775675	0.5167246844561383
ENC_34560_1-548	1.1428676185582423	0.45572983677495493	0.9294415942755606	0.6797077871937274	1.658785650776369	-1	1.1532414109950244	0.8778409188279279	0.0	1.4617835793054954	1.3945656032840663
NCTC13441_02674_1-357	0.3189159607472531	1.0060537425305405	0.5323419850299349	0.782075792111768	0.19700207147087345	-1	0.30854216831047104	0.5839426604775675	1.4617835793054954	0.0	0.06721797602142926
ROD_03771_1-585	0.25169798472582383	0.9388357665091113	0.4651240090085056	0.7148578160903388	0.2642200474923027	-1	0.24132419228904178	0.5167246844561383	1.3945656032840663	0.06721797602142926	0.0
