STM_MW34831_1-858	0.0	0.41432973075557733	0.5828661603180643	0.07546127044147677	0.184806388075494	0.2805876537246763	0.14819358792330228	0.7350255302435479	0.8935234153236724	0.057475396670834344	0.12444406752219295	-1
STMMW_34831_1-858	0.41432973075557733	0.0	0.16853642956248693	0.33886846031410056	0.5991361188310713	0.13374207703090102	0.5625233186788796	1.1493552609991253	0.4791936845680951	0.4718051274264117	0.2898856632333844	-1
BN373_44051_1-852	0.5828661603180643	0.16853642956248693	0.0	0.5074048898765875	0.7676725483935583	0.30227850659338795	0.7310597482413665	1.3178916905616123	0.31065725500560815	0.6403415569888986	0.4584220927958713	-1
ETEC_3646_1-850	0.07546127044147677	0.33886846031410056	0.5074048898765875	0.0	0.26026765851697076	0.20512638328319954	0.22365485836477905	0.8104868006850247	0.8180621448821956	0.1329366671123111	0.04898279708071618	-1
ROD_44271_1-858	0.184806388075494	0.5991361188310713	0.7676725483935583	0.26026765851697076	0.0	0.4653940418001703	0.036612800152191705	0.5502191421680539	1.0783298033991664	0.12733099140465964	0.30925045559768694	-1
SL1344_3460_1-858	0.2805876537246763	0.13374207703090102	0.30227850659338795	0.20512638328319954	0.4653940418001703	0.0	0.4287812416479786	1.0156131839682243	0.6129357615989961	0.33806305039551066	0.15614358620248336	-1
SEN3319_1-858	0.14819358792330228	0.5625233186788796	0.7310597482413665	0.22365485836477905	0.036612800152191705	0.4287812416479786	0.0	0.5868319423202456	1.0417170032469747	0.09071819125246794	0.27263765544549523	-1
t4013_1-858	0.7350255302435479	1.1493552609991253	1.3178916905616123	0.8104868006850247	0.5502191421680539	1.0156131839682243	0.5868319423202456	0.0	1.6285489455672204	0.6775501335727135	0.8594695977657408	-1
CS17_03817_1-850	0.8935234153236724	0.4791936845680951	0.31065725500560815	0.8180621448821956	1.0783298033991664	0.6129357615989961	1.0417170032469747	1.6285489455672204	0.0	0.9509988119945068	0.7690793478014795	-1
ERS227112_00819_1-852	0.057475396670834344	0.4718051274264117	0.6403415569888986	0.1329366671123111	0.12733099140465964	0.33806305039551066	0.09071819125246794	0.6775501335727135	0.9509988119945068	0.0	0.1819194641930273	-1
NCTC13441_00304_1-850	0.12444406752219295	0.2898856632333844	0.4584220927958713	0.04898279708071618	0.30925045559768694	0.15614358620248336	0.27263765544549523	0.8594695977657408	0.7690793478014795	0.1819194641930273	0.0	-1
b3396_1-850	-1	-1	-1	-1	-1	-1	-1	-1	-1	-1	-1	-1
