ERS227112_02383_1-125	0.0	0.5067583398364911	0.5588783996153655	0.42652559478515184	0.4059003271588639	0.7639422066932415	0.9065490665644491	-1	0.2573327121858209	0.7438115377510349	0.8534571502488022	0.47499426880519124	0.47082176697378086	0.016688842296256334
STMMW_00941_1-125	0.5067583398364911	0.0	0.05212005977887435	0.9332839346216429	0.10085801267762717	0.25718386685675043	0.399790726727958	-1	0.764091052022312	0.23705319791454382	0.3466988104123111	0.031764071031299856	0.03593657286271024	0.5234471821327474
ROD_00571_1-125	0.5588783996153655	0.05212005977887435	0.0	0.9854039944005173	0.15297807245650152	0.20506380707787608	0.34767066694908366	-1	0.8162111118011863	0.18493313813566947	0.29457875063343675	0.0838841308101742	0.08805663264158459	0.5755672419116218
CS17_00051_1-125	0.42652559478515184	0.9332839346216429	0.9854039944005173	0.0	0.8324259219440158	1.1904678014783934	1.333074661349601	-1	0.16919288259933096	1.1703371325361869	1.279982745033954	0.9015198635903431	0.8973473617589327	0.4098367524888955
ETEC_0050_1-125	0.4059003271588639	0.10085801267762717	0.15297807245650152	0.8324259219440158	0.0	0.3580418795343776	0.5006487394055852	-1	0.6632330393446848	0.337911210592171	0.44755682308993827	0.06909394164632732	0.06492143981491694	0.42258916945512026
Ecoli9000q_41040_1-119	0.7639422066932415	0.25718386685675043	0.20506380707787608	1.1904678014783934	0.3580418795343776	0.0	0.14260685987120758	-1	1.0212749188790624	0.02013066894220661	0.08951494355556067	0.2889479378880503	0.29312043971946067	0.7806310489894979
t0092_1-125	0.9065490665644491	0.399790726727958	0.34767066694908366	1.333074661349601	0.5006487394055852	0.14260685987120758	0.0	-1	1.16388177875027	0.1627375288134142	0.053091916315646914	0.43155479775925787	0.43572729959066825	0.9232379088607054
b0050_1-125	-1	-1	-1	-1	-1	-1	-1	-1	-1	-1	-1	-1	-1	-1
ENC_45650_1-125	0.2573327121858209	0.764091052022312	0.8162111118011863	0.16919288259933096	0.6632330393446848	1.0212749188790624	1.16388177875027	-1	0.0	1.0011442499368557	1.110789862434623	0.7323269809910121	0.7281544791596017	0.24064386988956454
NCTC13441_03938_1-125	0.7438115377510349	0.23705319791454382	0.18493313813566947	1.1703371325361869	0.337911210592171	0.02013066894220661	0.1627375288134142	-1	1.0011442499368557	0.0	0.10964561249776728	0.2688172689458437	0.27298977077725406	0.7605003800472913
STM_MW00941_1-125	0.8534571502488022	0.3466988104123111	0.29457875063343675	1.279982745033954	0.44755682308993827	0.08951494355556067	0.053091916315646914	-1	1.110789862434623	0.10964561249776728	0.0	0.37846288144361095	0.38263538327502133	0.8701459925450585
SL1344_0090_1-125	0.47499426880519124	0.031764071031299856	0.0838841308101742	0.9015198635903431	0.06909394164632732	0.2889479378880503	0.43155479775925787	-1	0.7323269809910121	0.2688172689458437	0.37846288144361095	0.0	0.00417250183141038	0.4916831111014476
SEN0091_1-125	0.47082176697378086	0.03593657286271024	0.08805663264158459	0.8973473617589327	0.06492143981491694	0.29312043971946067	0.43572729959066825	-1	0.7281544791596017	0.27298977077725406	0.38263538327502133	0.00417250183141038	0.0	0.4875106092700372
BN373_05341_1-125	0.016688842296256334	0.5234471821327474	0.5755672419116218	0.4098367524888955	0.42258916945512026	0.7806310489894979	0.9232379088607054	-1	0.24064386988956454	0.7605003800472913	0.8701459925450585	0.4916831111014476	0.4875106092700372	0.0
