BN373_08591_1-167	0.0	0.29716965899274783	0.4775004459001392	0.34431569921910377	-1	0.6228793529543672	0.7432368438361545	0.7568785662871194	0.01980250526480032	0.4491321093667784	0.8545875939570178	0.47843611248261697	0.3547368911452441
SL1344_0414_1-171	0.29716965899274783	0.0	0.18033078690739135	0.047146040226355934	-1	0.3257096939616195	0.44606718484340674	0.4597089072943716	0.2773671537279475	0.15196245037403056	0.5574179349642701	0.18126645348986914	0.05756723215249626
ETEC_0471_1-171	0.4775004459001392	0.18033078690739135	0.0	0.13318474668103542	-1	0.14537890705422812	0.2657363979360154	0.27937812038698023	0.45769794063533886	0.028368336533360794	0.37708714805687865	0.0009356665824777899	0.12276355475489509
ERS227112_02721_1-167	0.34431569921910377	0.047146040226355934	0.13318474668103542	0.0	-1	0.27856365373526354	0.3989211446170508	0.41256286706801565	0.32451319395430345	0.10481641014767462	0.5102718947379141	0.1341204132635132	0.010421191926140327
b0418_1-171	-1	-1	-1	-1	-1	-1	-1	-1	-1	-1	-1	-1	-1
STM_MW04901_1-171	0.6228793529543672	0.3257096939616195	0.14537890705422812	0.27856365373526354	-1	0.0	0.12035749088178727	0.1339992133327521	0.6030768476895669	0.17374724358758892	0.23170824100265053	0.14444324047175033	0.2681424618091232
ROD_04671_1-171	0.7432368438361545	0.44606718484340674	0.2657363979360154	0.3989211446170508	-1	0.12035749088178727	0.0	0.013641722450964844	0.7234343385713542	0.2941047344693762	0.11135075012086326	0.2648007313535376	0.3884999526909105
NCTC13441_03561_1-171	0.7568785662871194	0.4597089072943716	0.27937812038698023	0.41256286706801565	-1	0.1339992133327521	0.013641722450964844	0.0	0.737076061022319	0.307746456920341	0.09770902766989842	0.27844245380450244	0.4021416751418753
Ecoli9000q_45280_1-171	0.01980250526480032	0.2773671537279475	0.45769794063533886	0.32451319395430345	-1	0.6030768476895669	0.7234343385713542	0.737076061022319	0.0	0.42932960410197807	0.8347850886922175	0.45863360721781665	0.3349343858804438
STMMW_04901_1-171	0.4491321093667784	0.15196245037403056	0.028368336533360794	0.10481641014767462	-1	0.17374724358758892	0.2941047344693762	0.307746456920341	0.42932960410197807	0.0	0.40545548459023945	0.029304003115838584	0.0943952182215343
t2443_1-171	0.8545875939570178	0.5574179349642701	0.37708714805687865	0.5102718947379141	-1	0.23170824100265053	0.11135075012086326	0.09770902766989842	0.8347850886922175	0.40545548459023945	0.0	0.37615148147440086	0.49985070281177374
SEN0402_1-171	0.47843611248261697	0.18126645348986914	0.0009356665824777899	0.1341204132635132	-1	0.14444324047175033	0.2648007313535376	0.27844245380450244	0.45863360721781665	0.029304003115838584	0.37615148147440086	0.0	0.12369922133737288
CS17_00448_1-171	0.3547368911452441	0.05756723215249626	0.12276355475489509	0.010421191926140327	-1	0.2681424618091232	0.3884999526909105	0.4021416751418753	0.3349343858804438	0.0943952182215343	0.49985070281177374	0.12369922133737288	0.0
