ROD_37451_1-145	0.0	0.34536602690284396	0.476699490288725	0.10210564236937697	0.10190654767023605	0.3183912312480747	2.1189469786652784	0.583048517533725	0.324315475674448	0.15639586750427098	0.154729286718927	0.10721323976768898	6.597994129546988	0.254405851715012	0.073423722295761	0.018018249662613006	0.19689886847038401	0.21348401876439502
t4109_1-145	0.34536602690284396	0.0	0.13133346338588103	0.243260384533467	0.2434594792326079	0.6637572581509187	1.7735809517624341	0.23768249063088098	0.02105055122839594	0.18897015939857298	0.19063674018391696	0.45257926667053294	6.252628102644144	0.599771878617856	0.27194230460708296	0.36338427656545697	0.14846715843245994	0.558850045667239
SEN3466_1-146	0.476699490288725	0.13133346338588103	0.0	0.374593847919348	0.37479294261848894	0.7950907215367997	1.6422474883765532	0.10634902724499995	0.15238401461427697	0.320303622784454	0.321970203569798	0.583912730056414	6.121294639258263	0.731105342003737	0.403275767992964	0.494717739951338	0.279800621818341	0.69018350905312
ETEC_4267_1-147	0.10210564236937697	0.243260384533467	0.374593847919348	0.0	0.0001990946991409226	0.4204968736174517	2.0168413362959012	0.48094287516434797	0.22220983330507105	0.05429022513489401	0.052623644349550025	0.20931888213706595	6.495888487177611	0.356511494084389	0.028681920073615974	0.12012389203198998	0.09479322610100704	0.31558966113377196
NCTC13441_04483_1-147	0.10190654767023605	0.2434594792326079	0.37479294261848894	0.0001990946991409226	0.0	0.42029777891831077	2.017040430995042	0.4811419698634889	0.22240892800421197	0.05448931983403493	0.05282273904869095	0.20911978743792503	6.496087581876752	0.35631239938524806	0.02848282537447505	0.11992479733284905	0.09499232080014797	0.31539056643463104
STM_MW41301_1-145	0.3183912312480747	0.6637572581509187	0.7950907215367997	0.4204968736174517	0.42029777891831077	0.0	2.437338209913353	0.9014397487817997	0.6427067069225227	0.4747870987523457	0.4731205179670017	0.21117799148038574	6.916385360795062	0.0639853795330627	0.3918149535438357	0.3003729815854617	0.5152900997184587	0.1049072124836797
ENC_02950_1-147	2.1189469786652784	1.7735809517624341	1.6422474883765532	2.0168413362959012	2.017040430995042	2.437338209913353	0.0	1.5358984611315534	1.7946315029908302	1.9625511111610072	1.9642176919463512	2.226160218432967	4.47904715088171	2.3733528303802904	2.0455232563695174	2.1369652283278913	1.9220481101948943	2.332430997429673
t3876_1-146	0.583048517533725	0.23768249063088098	0.10634902724499995	0.48094287516434797	0.4811419698634889	0.9014397487817997	1.5358984611315534	0.0	0.2587330418592769	0.42665265002945396	0.42831923081479795	0.6902617573014139	6.014945612013263	0.837454369248737	0.509624795237964	0.6010667671963379	0.3861496490633409	0.7965325362981199
SL1344_3609_1-146	0.324315475674448	0.02105055122839594	0.15238401461427697	0.22220983330507105	0.22240892800421197	0.6427067069225227	1.7946315029908302	0.2587330418592769	0.0	0.16791960817017704	0.16958618895552102	0.431528715442137	6.27367865387254	0.57872132738946	0.250891753378687	0.342333725337061	0.127416607204064	0.537799494438843
STMMW_36331_1-146	0.15639586750427098	0.18897015939857298	0.320303622784454	0.05429022513489401	0.05448931983403493	0.4747870987523457	1.9625511111610072	0.42665265002945396	0.16791960817017704	0.0	0.0016665807853439851	0.26360910727195996	6.441598262042717	0.410801719219283	0.08297214520850998	0.174414117166884	0.040503000966113034	0.36987988626866597
STM_MW36331_1-146	0.154729286718927	0.19063674018391696	0.321970203569798	0.052623644349550025	0.05282273904869095	0.4731205179670017	1.9642176919463512	0.42831923081479795	0.16958618895552102	0.0016665807853439851	0.0	0.261942526486616	6.443264842828061	0.409135138433939	0.081305564423166	0.17274753638154	0.04216958175145702	0.368213305483322
SEN3963_1-145	0.10721323976768898	0.45257926667053294	0.583912730056414	0.20931888213706595	0.20911978743792503	0.21117799148038574	2.226160218432967	0.6902617573014139	0.431528715442137	0.26360910727195996	0.261942526486616	0.0	6.705207369314677	0.14719261194732303	0.18063696206344998	0.08919499010507598	0.304112108238073	0.10627077899670603
b4012_1-147	6.597994129546988	6.252628102644144	6.121294639258263	6.495888487177611	6.496087581876752	6.916385360795062	4.47904715088171	6.014945612013263	6.27367865387254	6.441598262042717	6.443264842828061	6.705207369314677	0.0	6.852399981262	6.524570407251227	6.616012379209601	6.401095261076604	6.811478148311383
SL1344_4116_1-145	0.254405851715012	0.599771878617856	0.731105342003737	0.356511494084389	0.35631239938524806	0.0639853795330627	2.3733528303802904	0.837454369248737	0.57872132738946	0.410801719219283	0.409135138433939	0.14719261194732303	6.852399981262	0.0	0.327829574010773	0.236387602052399	0.451304720185396	0.04092183295061699
ERS227112_01863_1-148	0.073423722295761	0.27194230460708296	0.403275767992964	0.028681920073615974	0.02848282537447505	0.3918149535438357	2.0455232563695174	0.509624795237964	0.250891753378687	0.08297214520850998	0.081305564423166	0.18063696206344998	6.524570407251227	0.327829574010773	0.0	0.091441971958374	0.12347514617462302	0.28690774106015604
CS17_04477_1-147	0.018018249662613006	0.36338427656545697	0.494717739951338	0.12012389203198998	0.11992479733284905	0.3003729815854617	2.1369652283278913	0.6010667671963379	0.342333725337061	0.174414117166884	0.17274753638154	0.08919499010507598	6.616012379209601	0.236387602052399	0.091441971958374	0.0	0.21491711813299702	0.195465769101782
BN373_00001_1-148	0.19689886847038401	0.14846715843245994	0.279800621818341	0.09479322610100704	0.09499232080014797	0.5152900997184587	1.9220481101948943	0.3861496490633409	0.127416607204064	0.040503000966113034	0.04216958175145702	0.304112108238073	6.401095261076604	0.451304720185396	0.12347514617462302	0.21491711813299702	0.0	0.410382887234779
STMMW_41301_1-145	0.21348401876439502	0.558850045667239	0.69018350905312	0.31558966113377196	0.31539056643463104	0.1049072124836797	2.332430997429673	0.7965325362981199	0.537799494438843	0.36987988626866597	0.368213305483322	0.10627077899670603	6.811478148311383	0.04092183295061699	0.28690774106015604	0.195465769101782	0.410382887234779	0.0
