ENC_08250_79-512	0.0	-1	0.13838612190939228	0.42300385435922755	0.16956713589955738	0.09090909090909097	0.3522765898407677	0.18240295453689717	0.012224980599960168	0.43904445733619646	0.14442114922585253	0.07005450120736754	0.3606474153516152	0.08421218131189268	0.389333985467518	0.5338900019989342	0.2359448908986438	0.006816485758074735	0.14705883856805074	0.16292557462833637	0.027088862333411238	0.08043577370503284
b1812_1-453	-1	-1	-1	-1	-1	-1	-1	-1	-1	-1	-1	-1	-1	-1	-1	-1	-1	-1	-1	-1	-1	-1
ROD_26721_60-429	0.13838612190939228	-1	0.0	0.33033095181865757	0.284487519468527	0.21671465628126577	0.44191252064263054	0.29554703894311307	0.14891933485370643	0.5166729194490189	0.26282138837218144	0.07347916710252494	0.4491249400738516	0.05915555928130313	0.4738416870005328	0.5983931570054963	0.3416795143722381	0.13247263397413692	0.2650940581155111	0.2787650581050539	0.11439612033110676	0.20769070082860416
SL1344_2279_21-429	0.42300385435922755	-1	0.33033095181865757	0.0	0.5208434382006172	0.4754580494174796	0.6262660888968259	0.5282496560805062	0.43005762104593775	0.6763308140071574	0.5063343008115553	0.3795376757133633	0.6310960229524162	0.36994559889720285	0.6476480633409459	0.731056327708757	0.5591431469913776	0.4190437745221932	0.5078562373954014	0.5170112829460857	0.40693849283642813	0.46941498575866486
t1053_2-454	0.16956713589955738	-1	0.284487519468527	0.5208434382006172	0.0	0.08652384948951305	0.22001712822279543	0.015456780664917515	0.15928946593037405	0.32450223622658225	0.02939061274241666	0.22774269598031952	0.2300972031725207	0.2394996988185382	0.26464132029025694	0.43871441250585097	0.07993151267079177	0.17522776969073525	0.02638903871601047	0.007934254195225395	0.19206261743231468	0.09692782694868995
ENC_06850_1-434	0.09090909090909097	-1	0.21671465628126577	0.4754580494174796	0.08652384948951305	0.0	0.28750424882484443	0.10064324999058684	0.0796579269203653	0.3829489030698161	0.05886326414843771	0.1545950010976069	0.29671215688677666	0.16746561937444795	0.3282673840142698	0.48727900219882764	0.15953937998850812	0.09710589614370436	0.06176472242485575	0.07921813209116996	0.11553532939401027	0.011389435239620356
ERS227112_05470_93-512	0.3522765898407677	-1	0.44191252064263054	0.6262660888968259	0.22001712822279543	0.28750424882484443	0.0	0.2077718311807876	0.34426018330302577	0.13395820829464586	0.24294130275291725	0.39765253025980785	0.012923456802016254	0.4068227910970544	0.05721175897848183	0.2803872907936426	0.15225563909774453	0.3566917872412897	0.2406001264239491	0.22620571059539765	0.3698226801286988	0.29561917304135854
ETEC_1844_1-453	0.18240295453689717	-1	0.29554703894311307	0.5282496560805062	0.015456780664917515	0.10064324999058684	0.2077718311807876	0.0	0.17228414425817393	0.3138972972363575	0.04439310915256711	0.23967930774543225	0.21801015769786314	0.2512545851695038	0.2530965982312364	0.4299025411264151	0.06548694941946546	0.1879760931531404	0.04143792979753659	0.023268396833307607	0.20455072834565094	0.11088641545213448
SEN2292_21-429	0.012224980599960168	-1	0.14891933485370643	0.43005762104593775	0.15928946593037405	0.0796579269203653	0.34426018330302577	0.17228414425817393	0.0	0.43210191425521194	0.13383226547497262	0.08142306688912776	0.3527346084974712	0.09540766962903463	0.3817762116484869	0.5281212939722102	0.22648873063682845	0.018958134951882536	0.13650259960004524	0.15256570683464898	0.03898268211687046	0.0690549890060015
STMMW_18161_2-454	0.43904445733619646	-1	0.5166729194490189	0.6763308140071574	0.32450223622658225	0.3829489030698161	0.13395820829464586	0.3138972972363575	0.43210191425521194	0.0	0.3443555294100152	0.4783419180770174	0.12261941824743874	0.48628374720291184	0.08140369807010815	0.1690785408988843	0.26581795477610026	0.4428682028036774	0.34232797286737743	0.32986180719266683	0.4542401048065802	0.38997676657783914
SEN1213_2-454	0.14442114922585253	-1	0.26282138837218144	0.5063343008115553	0.02939061274241666	0.05886326414843771	0.24294130275291725	0.04439310915256711	0.13383226547497262	0.3443555294100152	0.0	0.20435829886040816	0.25272511812338067	0.21647131053386579	0.28625396247238083	0.4552109398457913	0.10697288927838561	0.15025319027706444	0.0030829295743011573	0.021627960281791234	0.1675978069298516	0.06958228005304677
STMMW_23341_21-429	0.07005450120736754	-1	0.07347916710252494	0.3795376757133633	0.22774269598031952	0.1545950010976069	0.39765253025980785	0.23967930774543225	0.08142306688912776	0.4783419180770174	0.20435829886040816	0.0	0.40543694176479905	0.015224204131216666	0.43211388851988214	0.566543105416666	0.2894703904616801	0.06367203496884558	0.2068112061913987	0.22156640597119207	0.044161935464120866	0.14485538690626562
t0553_21-429	0.3606474153516152	-1	0.4491249400738516	0.6310960229524162	0.2300972031725207	0.29671215688677666	0.012923456802016254	0.21801015769786314	0.3527346084974712	0.12261941824743874	0.25272511812338067	0.40543694176479905	0.0	0.4144886911322522	0.044868153824198835	0.2709656468231761	0.1632114267250177	0.3650055531392592	0.2504141978855658	0.2362058076681649	0.37796674949966597	0.304722208230727
ROD_18501_1-453	0.08421218131189268	-1	0.05915555928130313	0.36994559889720285	0.2394996988185382	0.16746561937444795	0.4068227910970544	0.2512545851695038	0.09540766962903463	0.48628374720291184	0.21647131053386579	0.015224204131216666	0.4144886911322522	0.0	0.44075950260433827	0.5731421416618859	0.30028763827856514	0.07792688304224657	0.21888687430293438	0.2334174379092833	0.05871380927500214	0.15787428305771492
NCTC13441_02074_1-453	0.389333985467518	-1	0.4738416870005328	0.6476480633409459	0.26464132029025694	0.3282673840142698	0.05721175897848183	0.2530965982312364	0.3817762116484869	0.08140369807010815	0.28625396247238083	0.43211388851988214	0.044868153824198835	0.44075950260433827	0.0	0.23671862047552525	0.20075658514905148	0.393496581658519	0.2840467289592717	0.27047584297973937	0.40587623306688136	0.33591803914238005
STM_MW18161_2-454	0.5338900019989342	-1	0.5983931570054963	0.731056327708757	0.43871441250585097	0.48727900219882764	0.2803872907936426	0.4299025411264151	0.5281212939722102	0.1690785408988843	0.4552109398457913	0.566543105416666	0.2709656468231761	0.5731421416618859	0.23671862047552525	0.0	0.3899523837367159	0.5370672341620047	0.4535261996049727	0.44316779503314596	0.5465163915670117	0.4931186047992776
ERS227112_04338_1-451	0.2359448908986438	-1	0.3416795143722381	0.5591431469913776	0.07993151267079177	0.15953937998850812	0.15225563909774453	0.06548694941946546	0.22648873063682845	0.26581795477610026	0.10697288927838561	0.2894703904616801	0.1632114267250177	0.30028763827856514	0.20075658514905148	0.3899523837367159	0.0	0.24115306166821743	0.10421123560430343	0.08723156992627822	0.25664227456422994	0.1691117517915802
BN373_29111_1-451	0.006816485758074735	-1	0.13247263397413692	0.4190437745221932	0.17522776969073525	0.09710589614370436	0.3566917872412897	0.1879760931531404	0.018958134951882536	0.4428682028036774	0.15025319027706444	0.06367203496884558	0.3650055531392592	0.07792688304224657	0.393496581658519	0.5370672341620047	0.24115306166821743	0.0	0.15287289984742733	0.1686314805273309	0.0204115113517666	0.08670397015720749
STM_MW23341_21-429	0.14705883856805074	-1	0.2650940581155111	0.5078562373954014	0.02638903871601047	0.06176472242485575	0.2406001264239491	0.04143792979753659	0.13650259960004524	0.34232797286737743	0.0030829295743011573	0.2068112061913987	0.2504141978855658	0.21888687430293438	0.2840467289592717	0.4535261996049727	0.10421123560430343	0.15287289984742733	0.0	0.018602380536598764	0.1701640442685807	0.07245069235832509
CS17_01998_1-453	0.16292557462833637	-1	0.2787650581050539	0.5170112829460857	0.007934254195225395	0.07921813209116996	0.22620571059539765	0.023268396833307607	0.15256570683464898	0.32986180719266683	0.021627960281791234	0.22156640597119207	0.2362058076681649	0.2334174379092833	0.27047584297973937	0.44316779503314596	0.08723156992627822	0.1686314805273309	0.018602380536598764	0.0	0.18560096850004867	0.08970531754553424
SL1344_1753_2-454	0.027088862333411238	-1	0.11439612033110676	0.40693849283642813	0.19206261743231468	0.11553532939401027	0.3698226801286988	0.20455072834565094	0.03898268211687046	0.4542401048065802	0.1675978069298516	0.044161935464120866	0.37796674949966597	0.05871380927500214	0.40587623306688136	0.5465163915670117	0.25664227456422994	0.0204115113517666	0.1701640442685807	0.18560096850004867	0.0	0.10534572243786702
BN373_18831_96-512	0.08043577370503284	-1	0.20769070082860416	0.46941498575866486	0.09692782694868995	0.011389435239620356	0.29561917304135854	0.11088641545213448	0.0690549890060015	0.38997676657783914	0.06958228005304677	0.14485538690626562	0.304722208230727	0.15787428305771492	0.33591803914238005	0.4931186047992776	0.1691117517915802	0.08670397015720749	0.07245069235832509	0.08970531754553424	0.10534572243786702	0.0
