CS17_04286_1-251	0.0	0.061074152378914004	0.2604455147754257	0.2586873702269089	0.329475131206636	0.16772287249292803	0.2920258347278465	0.25016429331084133	-1	0.2297233478430437	0.18638322610979302	0.8314815241023341	0.165547938567209	0.26575058074404934	0.27520334883772835	0.28638889548017193
ROD_39211_1-251	0.061074152378914004	0.0	0.1993713623965117	0.1976132178479949	0.268400978827722	0.10664872011401402	0.2309516823489325	0.18909014093192733	-1	0.1686491954641297	0.12530907373087902	0.8925556764812481	0.226622090946123	0.20467642836513533	0.2141291964588143	0.34746304785908594
STMMW_39411_1-251	0.2604455147754257	0.1993713623965117	0.0	0.0017581445485167907	0.0690296164312103	0.09272264228249769	0.031580319952420804	0.010281221464584392	-1	0.030722166932382	0.07406228866563269	1.0919270388777598	0.4259934533426347	0.00530506596862361	0.014757834062302605	0.5468344102555976
SL1344_3924_1-251	0.2586873702269089	0.1976132178479949	0.0017581445485167907	0.0	0.0707877609797271	0.0909644977339809	0.033338464500937595	0.008523076916067601	-1	0.02896402238386521	0.0723041441171159	1.090168894329243	0.4242353087941179	0.0070632105171404	0.016515978610819396	0.5450762657070809
t3327_1-251	0.329475131206636	0.268400978827722	0.0690296164312103	0.0707877609797271	0.0	0.161752258713708	0.0374492964787895	0.0793108378957947	-1	0.0997517833635923	0.143091905096843	1.16095665530897	0.495023069773845	0.0637245504625867	0.0542717823689077	0.615864026686808
NCTC13441_04666_1-251	0.16772287249292803	0.10664872011401402	0.09272264228249769	0.0909644977339809	0.161752258713708	0.0	0.12430296223491849	0.0824414208179133	-1	0.062000475350115686	0.018660353616864994	0.9992043965952621	0.333270811060137	0.0980277082511213	0.10748047634480029	0.45411176797309993
STM_MW39411_1-251	0.2920258347278465	0.2309516823489325	0.031580319952420804	0.033338464500937595	0.0374492964787895	0.12430296223491849	0.0	0.041861541417005196	-1	0.062302486884802805	0.1056426086180535	1.1235073588301805	0.45757377329505555	0.026275253983797195	0.0168224858901182	0.5784147302080185
BN373_49541_1-251	0.25016429331084133	0.18909014093192733	0.010281221464584392	0.008523076916067601	0.0793108378957947	0.0824414208179133	0.041861541417005196	0.0	-1	0.020440945467797608	0.0637810672010483	1.0816458174131753	0.41571223187805034	0.015586287433208001	0.025039055526886997	0.5365531887910132
b3833_1-251	-1	-1	-1	-1	-1	-1	-1	-1	-1	-1	-1	-1	-1	-1	-1	-1
SEN3765_1-251	0.2297233478430437	0.1686491954641297	0.030722166932382	0.02896402238386521	0.0997517833635923	0.062000475350115686	0.062302486884802805	0.020440945467797608	-1	0.0	0.04334012173325069	1.0612048719453777	0.3952712864102527	0.03602723290100561	0.045480000994684605	0.5161122433232157
ETEC_4110_1-251	0.18638322610979302	0.12530907373087902	0.07406228866563269	0.0723041441171159	0.143091905096843	0.018660353616864994	0.1056426086180535	0.0637810672010483	-1	0.04334012173325069	0.0	1.017864750212127	0.35193116467700203	0.0793673546342563	0.0888201227279353	0.47277212158996496
NCTC13441_03217_2-204	0.8314815241023341	0.8925556764812481	1.0919270388777598	1.090168894329243	1.16095665530897	0.9992043965952621	1.1235073588301805	1.0816458174131753	-1	1.0612048719453777	1.017864750212127	0.0	0.665933585535125	1.0972321048463833	1.1066848729400625	0.5450926286221621
ROD_19161_42-243	0.165547938567209	0.226622090946123	0.4259934533426347	0.4242353087941179	0.495023069773845	0.333270811060137	0.45757377329505555	0.41571223187805034	-1	0.3952712864102527	0.35193116467700203	0.665933585535125	0.0	0.43129851931125834	0.4407512874049373	0.12084095691296293
ENC_01780_1-251	0.26575058074404934	0.20467642836513533	0.00530506596862361	0.0070632105171404	0.0637245504625867	0.0980277082511213	0.026275253983797195	0.015586287433208001	-1	0.03602723290100561	0.0793673546342563	1.0972321048463833	0.43129851931125834	0.0	0.009452768093678995	0.5521394762242212
ERS227112_01801_1-251	0.27520334883772835	0.2141291964588143	0.014757834062302605	0.016515978610819396	0.0542717823689077	0.10748047634480029	0.0168224858901182	0.025039055526886997	-1	0.045480000994684605	0.0888201227279353	1.1066848729400625	0.4407512874049373	0.009452768093678995	0.0	0.5615922443179002
ENC_06230_40-245	0.28638889548017193	0.34746304785908594	0.5468344102555976	0.5450762657070809	0.615864026686808	0.45411176797309993	0.5784147302080185	0.5365531887910132	-1	0.5161122433232157	0.47277212158996496	0.5450926286221621	0.12084095691296293	0.5521394762242212	0.5615922443179002	0.0
