NCTC13441_00910_1-176	0.0	0.4555375263227875	-1	0.5110477072379734	0.3547110630200355	0.6427756823216154	0.2887367538364051	0.12056710620006168	0.39192158081883266	0.5252988725368023	0.3407895888951552	0.48202612381888166
BN373_38691_1-176	0.4555375263227875	0.0	-1	0.10195409894878354	0.15625010367391834	0.34389542907200066	0.23451341452840543	0.5211817912085763	0.6689241197028927	0.12812884190687704	0.6410846688960841	0.048650914942207815
b2830_1-176	-1	-1	-1	-1	-1	-1	-1	-1	-1	-1	-1	-1
SEN2846_1-176	0.5110477072379734	0.10195409894878354	-1	0.0	0.24227386409197352	0.2694086458609859	0.3125579096075428	0.5699992702461764	0.7026786627622597	0.029146330858427605	0.677677558077688	0.056029048478390756
ETEC_3017_1-176	0.3547110630200355	0.15625010367391834	-1	0.24227386409197352	0.0	0.4464118363004323	0.09275652796553457	0.43251168281462377	0.6076137232861273	0.26435880074922674	0.5746188145720293	0.1972993081125752
CS17_03164_1-176	0.6427756823216154	0.34389542907200066	-1	0.2694086458609859	0.4464118363004323	0.0	0.49776075228802014	0.6858451845683898	0.7827796016130567	0.2474753123351719	0.7645140106865844	0.31034298425993384
ROD_28721_1-176	0.2887367538364051	0.23451341452840543	-1	0.3125579096075428	0.09275652796553457	0.49776075228802014	0.0	0.3744917051728119	0.5674961696511758	0.33259432422013047	0.5311278630927302	0.27175503728758504
STM_MW29651_1-176	0.12056710620006168	0.5211817912085763	-1	0.5699992702461764	0.43251168281462377	0.6858451845683898	0.3744917051728119	0.0	0.30855620313026555	0.5825322137849466	0.2504141978855658	0.5444767351572681
ERS227112_01429_1-176	0.39192158081883266	0.6689241197028927	-1	0.7026786627622597	0.6076137232861273	0.7827796016130567	0.5674961696511758	0.30855620313026555	0.0	0.711344488828661	0.07756551028673776	0.6850312641946439
STMMW_29651_1-176	0.5252988725368023	0.12812884190687704	-1	0.029146330858427605	0.26435880074922674	0.2474753123351719	0.33259432422013047	0.5825322137849466	0.711344488828661	0.0	0.6870720746130521	0.0835423381521843
t2913_1-176	0.3407895888951552	0.6410846688960841	-1	0.677677558077688	0.5746188145720293	0.7645140106865844	0.5311278630927302	0.2504141978855658	0.07756551028673776	0.6870720746130521	0.0	0.658546228141075
SL1344_2982_1-176	0.48202612381888166	0.048650914942207815	-1	0.056029048478390756	0.1972993081125752	0.31034298425993384	0.27175503728758504	0.5444767351572681	0.6850312641946439	0.0835423381521843	0.658546228141075	0.0
