SEN0937_1-201	0.0	0.031950745582693216	0.08312167158320873	-1	0.27735010549257727	0.4653465619852293	0.10861424021334028	0.02228859283565379	0.06804337896896745	0.2630159930909144	0.6971183204995186	0.17017467018366078	0.257698229775052	0.1915190320537429
STM_MW10851_1-202	0.031950745582693216	0.0	0.05285983721077971	-1	0.30043930841734406	0.48242913795815145	0.07919379544049412	0.0535272012592588	0.03728388118846215	0.28656318159418037	0.7067956159828975	0.1427860452040408	0.2814153247810921	0.16483488391001122
ENC_16690_8-214	0.08312167158320873	0.05285983721077971	0.0	-1	0.3374179726934637	0.5097878494707265	0.027803654901682028	0.10355759932512544	0.016179178594771953	0.3242753356752886	0.7222943519915285	0.09494498441332973	0.3193995937353246	0.11822436752072439
b0959_1-209	-1	-1	-1	-1	-1	-1	-1	-1	-1	-1	-1	-1	-1	-1
STMMW_10851_1-201	0.27735010549257727	0.30043930841734406	0.3374179726934637	-1	0.0	0.26014873581458886	0.3558401747247515	0.26087607323379575	0.3265216461264302	0.01944969262193389	0.5808735574410712	0.4003268129486352	0.026474240673802992	0.4157513138023783
BN373_16011_1-198	0.4653465619852293	0.48242913795815145	0.5097878494707265	-1	0.26014873581458886	0.0	0.5234175389326539	0.45315822839233855	0.5017261884851297	0.2745386154889443	0.43349905197446115	0.5563310344619533	0.27973573624545084	0.567742870918024
ETEC_1029_1-209	0.10861424021334028	0.07919379544049412	0.027803654901682028	-1	0.3558401747247515	0.5234175389326539	0.0	0.12848197447272502	0.04353299319821226	0.3430629510507278	0.730015583993004	0.06906149138511493	0.33832277255705223	0.09300663705940813
t1848_1-201	0.02228859283565379	0.0535272012592588	0.10355759932512544	-1	0.26087607323379575	0.45315822839233855	0.12848197447272502	0.0	0.08881538063561983	0.2462151903836753	0.6902136179642947	0.1886703090846493	0.24077619961718166	0.20953893516367228
SL1344_1012_1-201	0.06804337896896745	0.03728388118846215	0.016179178594771953	-1	0.3265216461264302	0.5017261884851297	0.04353299319821226	0.08881538063561983	0.0	0.3131628751670974	0.7177274134005273	0.10958803114860058	0.30820695043580354	0.1324907729591246
ERS227112_03472_1-199	0.2630159930909144	0.28656318159418037	0.3242753356752886	-1	0.01944969262193389	0.2745386154889443	0.3430629510507278	0.2462151903836753	0.3131628751670974	0.0	0.589025437918567	0.3884320033973008	0.00716388338162101	0.4041624567332314
Ecoli9000q_51350_1-183	0.6971183204995186	0.7067956159828975	0.7222943519915285	-1	0.5808735574410712	0.43349905197446115	0.730015583993004	0.6902136179642947	0.7177274134005273	0.589025437918567	0.0	0.7486611104131863	0.5919696117541311	0.7551259265842629
ROD_10211_1-209	0.17017467018366078	0.1427860452040408	0.09494498441332973	-1	0.4003268129486352	0.5563310344619533	0.06906149138511493	0.1886703090846493	0.10958803114860058	0.3884320033973008	0.7486611104131863	0.0	0.3840191886998301	0.025721511628002652
NCTC13441_02937_1-209	0.257698229775052	0.2814153247810921	0.3193995937353246	-1	0.026474240673802992	0.27973573624545084	0.33832277255705223	0.24077619961718166	0.30820695043580354	0.00716388338162101	0.5919696117541311	0.3840191886998301	0.0	0.3998631463003139
CS17_01022_1-209	0.1915190320537429	0.16483488391001122	0.11822436752072439	-1	0.4157513138023783	0.567742870918024	0.09300663705940813	0.20953893516367228	0.1324907729591246	0.4041624567332314	0.7551259265842629	0.025721511628002652	0.3998631463003139	0.0
