SL1344_4507_10-419	0.0	0.043049994834196914	-1	0.19617772906116393	0.4137498261775401	0.30406292563827986	0.12406585007727688	0.2137832456035229	0.03511484423711009	0.2344281414889	0.40128559515769013	0.30886270933319016	0.17214572197292188
STMMW_45231_10-419	0.043049994834196914	0.0	-1	0.15312773422696702	0.456799821011737	0.26101293080408294	0.08101585524307997	0.170733250769326	0.078164839071307	0.2774781363230969	0.44433558999188705	0.35191270416738707	0.12909572713872497
b4390_1-410	-1	-1	-1	-1	-1	-1	-1	-1	-1	-1	-1	-1	-1
ETEC_4745_1-410	0.19617772906116393	0.15312773422696702	-1	0.0	0.609927555238704	0.10788519657711593	0.07211187898388705	0.01760551654235898	0.23129257329827402	0.43060587055006394	0.5974633242188541	0.5050404383943541	0.024032007088242047
CS17_04859_1-411	0.4137498261775401	0.456799821011737	-1	0.609927555238704	0.0	0.7178127518158199	0.537815676254817	0.627533071781063	0.37863498194043	0.17932168468864007	0.012464231019849947	0.10488711684434993	0.585895548150462
t4619_1-410	0.30406292563827986	0.26101293080408294	-1	0.10788519657711593	0.7178127518158199	0.0	0.17999707556100297	0.09027968003475695	0.33917776987538995	0.5384910671271799	0.70534852079597	0.61292563497147	0.13191720366535797
ROD_49131_1-411	0.12406585007727688	0.08101585524307997	-1	0.07211187898388705	0.537815676254817	0.17999707556100297	0.0	0.08971739552624602	0.15918069431438697	0.3584939915661769	0.525351445234967	0.43292855941046704	0.048079871895645
SEN4336_10-419	0.2137832456035229	0.170733250769326	-1	0.01760551654235898	0.627533071781063	0.09027968003475695	0.08971739552624602	0.0	0.248898089840633	0.4482113870924229	0.615068840761213	0.5226459549367131	0.041637523630601025
NCTC13441_04004_1-411	0.03511484423711009	0.078164839071307	-1	0.23129257329827402	0.37863498194043	0.33917776987538995	0.15918069431438697	0.248898089840633	0.0	0.19931329725178992	0.36617075092058005	0.27374786509608007	0.20726056621003197
ERS227112_02323_1-411	0.2344281414889	0.2774781363230969	-1	0.43060587055006394	0.17932168468864007	0.5384910671271799	0.3584939915661769	0.4482113870924229	0.19931329725178992	0.0	0.16685745366879012	0.07443456784429014	0.4065738634618219
ENC_45120_1-410	0.40128559515769013	0.44433558999188705	-1	0.5974633242188541	0.012464231019849947	0.70534852079597	0.525351445234967	0.615068840761213	0.36617075092058005	0.16685745366879012	0.0	0.09242288582449998	0.573431317130612
BN373_04701_1-410	0.30886270933319016	0.35191270416738707	-1	0.5050404383943541	0.10488711684434993	0.61292563497147	0.43292855941046704	0.5226459549367131	0.27374786509608007	0.07443456784429014	0.09242288582449998	0.0	0.48100843130611204
STM_MW45231_10-420	0.17214572197292188	0.12909572713872497	-1	0.024032007088242047	0.585895548150462	0.13191720366535797	0.048079871895645	0.041637523630601025	0.20726056621003197	0.4065738634618219	0.573431317130612	0.48100843130611204	0.0
