b1613_1-391	-1	-1	-1	-1	-1	-1	-1	-1	-1	-1	-1	-1	-1
SEN1582_1-391	-1	0.0	0.26618211689672605	0.22812959811444622	0.038569182723678486	0.261000314332687	0.09291269030395255	0.16895247518390827	0.12590212201222	0.019173419267468073	0.11234476239750407	0.041195168249249736	0.6200236263821283
STM_MW14681_1-391	-1	0.26618211689672605	0.0	0.49431171501117227	0.22761293417304757	0.5271824312294131	0.3590948072006786	0.09722964171281778	0.14027999488450604	0.24700869762925798	0.15383735449922198	0.3073772851459758	0.8862057432788544
SL1344_1397_1-391	-1	0.22812959811444622	0.49431171501117227	0.0	0.2666987808381247	0.03287071621824078	0.13521690781049367	0.3970820732983545	0.3540317201266662	0.2473030173819143	0.3404743605119503	0.18693442986519648	0.39189402826768205
t1335_1-391	-1	0.038569182723678486	0.22761293417304757	0.2666987808381247	0.0	0.2995694970563655	0.13148187302763104	0.13038329246022978	0.08733293928854152	0.019395763456210413	0.07377557967382559	0.07976435097292822	0.6585928091058068
CS17_01791_1-391	-1	0.261000314332687	0.5271824312294131	0.03287071621824078	0.2995694970563655	0.0	0.16808762402873445	0.42995278951659527	0.386902436344907	0.2801737336001551	0.37334507673019107	0.21980514608343726	0.35902331204944127
BN373_20711_1-391	-1	0.09291269030395255	0.3590948072006786	0.13521690781049367	0.13148187302763104	0.16808762402873445	0.0	0.2618651654878608	0.21881481231617256	0.11208610957142062	0.20525745270145662	0.051717522054702814	0.5271109360781757
STMMW_14681_1-391	-1	0.16895247518390827	0.09722964171281778	0.3970820732983545	0.13038329246022978	0.42995278951659527	0.2618651654878608	0.0	0.04305035317168826	0.1497790559164402	0.056607712786404196	0.210147643433158	0.7889761015660366
NCTC13441_02270_1-391	-1	0.12590212201222	0.14027999488450604	0.3540317201266662	0.08733293928854152	0.386902436344907	0.21881481231617256	0.04305035317168826	0.0	0.10672870274475194	0.013557359614715936	0.16709729026146974	0.7459257483943482
ERS227112_05170_1-391	-1	0.019173419267468073	0.24700869762925798	0.2473030173819143	0.019395763456210413	0.2801737336001551	0.11208610957142062	0.1497790559164402	0.10672870274475194	0.0	0.093171343130036	0.06036858751671781	0.6391970456495963
ETEC_1647_1-391	-1	0.11234476239750407	0.15383735449922198	0.3404743605119503	0.07377557967382559	0.37334507673019107	0.20525745270145662	0.056607712786404196	0.013557359614715936	0.093171343130036	0.0	0.1535399306467538	0.7323683887796324
ENC_12850_1-391	-1	0.041195168249249736	0.3073772851459758	0.18693442986519648	0.07976435097292822	0.21980514608343726	0.051717522054702814	0.210147643433158	0.16709729026146974	0.06036858751671781	0.1535399306467538	0.0	0.5788284581328785
ROD_14511_1-391	-1	0.6200236263821283	0.8862057432788544	0.39189402826768205	0.6585928091058068	0.35902331204944127	0.5271109360781757	0.7889761015660366	0.7459257483943482	0.6391970456495963	0.7323683887796324	0.5788284581328785	0.0
