BN373_28421_10-172	0.0	0.158708559289075	0.27978680693006297	0.180703257682243	0.38975438579781296	0.21902069505577604	0.11106470249768297	0.657569861943193	0.38825799177192	0.11272846995883701
ERS227112_04420_6-173	0.158708559289075	0.0	0.12107824764098796	0.339411816971318	0.23104582650873795	0.060312135766701025	0.04764385679139205	0.498861302654118	0.22954943248284498	0.045980089330238005
SL1344_0275_8-177	0.27978680693006297	0.12107824764098796	0.0	0.46049006461230596	0.10996757886775	0.06076611187428693	0.16872210443238	0.37778305501313003	0.10847118484185703	0.16705833697122596
STMMW_02851_8-177	0.180703257682243	0.339411816971318	0.46049006461230596	0.0	0.5704576434800559	0.39972395273801903	0.29176796017992596	0.838273119625436	0.5689612494541629	0.29343172764108
t2583_8-177	0.38975438579781296	0.23104582650873795	0.10996757886775	0.5704576434800559	0.0	0.17073369074203693	0.27868968330013	0.26781547614538004	0.0014963940258929664	0.27702591583897596
ENC_07180_3-166	0.21902069505577604	0.060312135766701025	0.06076611187428693	0.39972395273801903	0.17073369074203693	0.0	0.10795599255809307	0.43854916688741696	0.16923729671614396	0.10629222509693903
ERS227112_05264_2-174	0.11106470249768297	0.04764385679139205	0.16872210443238	0.29176796017992596	0.27868968330013	0.10795599255809307	0.0	0.54650515944551	0.27719328927423703	0.001663767461154042
BN373_19681_1-168	0.657569861943193	0.498861302654118	0.37778305501313003	0.838273119625436	0.26781547614538004	0.43854916688741696	0.54650515944551	0.0	0.269311870171273	0.544841391984356
ROD_27731_1-175	0.38825799177192	0.22954943248284498	0.10847118484185703	0.5689612494541629	0.0014963940258929664	0.16923729671614396	0.27719328927423703	0.269311870171273	0.0	0.275529521813083
NCTC13441_00931_6-162	0.11272846995883701	0.045980089330238005	0.16705833697122596	0.29343172764108	0.27702591583897596	0.10629222509693903	0.001663767461154042	0.544841391984356	0.275529521813083	0.0
