SEN0226_1-185	0.0	0.04883956858107555	0.06751027675887213	0.08934912910034572	0.07152103466328288	0.08934912910034572	0.06822503975946388	0.07582990317266002	-1	0.07280536567141	0.08934912910034572	0.05410930939760594	0.08934912910034572
SL1344_0220_1-185	0.04883956858107555	0.0	0.11634984533994767	0.04050956051927017	0.022681466082207342	0.04050956051927017	0.019385471178388333	0.02699033459158446	-1	0.023965797090334442	0.04050956051927017	0.005269740816530394	0.04050956051927017
BN373_06771_1-185	0.06751027675887213	0.11634984533994767	0.0	0.15685940585921784	0.13903131142215502	0.15685940585921784	0.135735316518336	0.14334017993153214	-1	0.1403156424302821	0.15685940585921784	0.12161958615647807	0.15685940585921784
Ecoli9000q_42250_1-185	0.08934912910034572	0.04050956051927017	0.15685940585921784	0	0.017828094437062826	0	0.021124089340881835	0.013519225927685707	-1	0.016543763428935727	0	0.035239819702739775	0
t0220_1-185	0.07152103466328288	0.022681466082207342	0.13903131142215502	0.017828094437062826	0.0	0.017828094437062826	0.0032959949038190092	0.004308868509377119	-1	0.0012843310081270994	0.017828094437062826	0.01741172526567695	0.017828094437062826
STMMW_02251_1-185	0.08934912910034572	0.04050956051927017	0.15685940585921784	0	0.017828094437062826	0	0.021124089340881835	0.013519225927685707	-1	0.016543763428935727	0	0.035239819702739775	0
ROD_01751_1-185	0.06822503975946388	0.019385471178388333	0.135735316518336	0.021124089340881835	0.0032959949038190092	0.021124089340881835	0.0	0.007604863413196128	-1	0.004580325911946109	0.021124089340881835	0.01411573036185794	0.021124089340881835
CS17_00181_1-185	0.07582990317266002	0.02699033459158446	0.14334017993153214	0.013519225927685707	0.004308868509377119	0.013519225927685707	0.007604863413196128	0.0	-1	0.0030245375012500197	0.013519225927685707	0.021720593775054066	0.013519225927685707
b0172_1-185	-1	-1	-1	-1	-1	-1	-1	-1	-1	-1	-1	-1	-1
ETEC_0167_1-185	0.07280536567141	0.023965797090334442	0.1403156424302821	0.016543763428935727	0.0012843310081270994	0.016543763428935727	0.004580325911946109	0.0030245375012500197	-1	0.0	0.016543763428935727	0.018696056273804048	0.016543763428935727
STM_MW02251_1-185	0.08934912910034572	0.04050956051927017	0.15685940585921784	0	0.017828094437062826	0	0.021124089340881835	0.013519225927685707	-1	0.016543763428935727	0	0.035239819702739775	0
ERS227112_02527_1-185	0.05410930939760594	0.005269740816530394	0.12161958615647807	0.035239819702739775	0.01741172526567695	0.035239819702739775	0.01411573036185794	0.021720593775054066	-1	0.018696056273804048	0.035239819702739775	0.0	0.035239819702739775
NCTC13441_03805_1-185	0.08934912910034572	0.04050956051927017	0.15685940585921784	0	0.017828094437062826	0	0.021124089340881835	0.013519225927685707	-1	0.016543763428935727	0	0.035239819702739775	0
