t3723_1-96	0.0	0.174944184909956	0.149326247514586	0.273038588286068	0.07584754511084602	0.512413882492867	0.26509982926236897	0.3970220333931269	0.055131274551887044	0.14282584502317502	1.272878805172547	0.19030593187115197	6.369322919098557
STMMW_37841_1-96	0.174944184909956	0.0	0.324270432424542	0.09809440337611197	0.09909663979910999	0.337469697582911	0.09015564435241297	0.22207784848317091	0.23007545946184305	0.317770029933131	1.097934620262591	0.015361746961195966	6.194378734188601
BN373_47171_1-95	0.149326247514586	0.324270432424542	0.0	0.422364835800654	0.22517379262543202	0.661740130007453	0.414426076776955	0.5463482809077129	0.09419497296269896	0.006500402491410984	1.422205052687133	0.339632179385738	6.518649166613143
STM_MW37841_1-96	0.273038588286068	0.09809440337611197	0.422364835800654	0.0	0.19719104317522196	0.23937529420679904	0.007938759023699005	0.12398344510705894	0.328169862837955	0.415864433309243	0.9998402168864791	0.082732656414916	6.096284330812489
ETEC_3964_1-96	0.07584754511084602	0.09909663979910999	0.22517379262543202	0.19719104317522196	0.0	0.436566337382021	0.18925228415152295	0.3211744882822809	0.13097881966273306	0.21867339013402104	1.197031260061701	0.11445838676030595	6.293475373987711
SEN3611_1-96	0.512413882492867	0.337469697582911	0.661740130007453	0.23937529420679904	0.436566337382021	0.0	0.24731405323049804	0.1153918490997401	0.5675451570447541	0.655239727516042	0.76046492267968	0.32210795062171504	5.85690903660569
CS17_04121_1-96	0.26509982926236897	0.09015564435241297	0.414426076776955	0.007938759023699005	0.18925228415152295	0.24731405323049804	0.0	0.13192220413075795	0.320231103814256	0.407925674285544	1.007778975910178	0.074793897391217	6.1042230898361876
ENC_03600_1-95	0.3970220333931269	0.22207784848317091	0.5463482809077129	0.12398344510705894	0.3211744882822809	0.1153918490997401	0.13192220413075795	0.0	0.45215330794501396	0.5398478784163019	0.8758567717794201	0.20671610152197495	5.97230088570543
SL1344_3761_1-96	0.055131274551887044	0.23007545946184305	0.09419497296269896	0.328169862837955	0.13097881966273306	0.5675451570447541	0.320231103814256	0.45215330794501396	0.0	0.08769457047128798	1.328010079724434	0.245437206423039	6.424454193650444
ERS227112_00504_1-95	0.14282584502317502	0.317770029933131	0.006500402491410984	0.415864433309243	0.21867339013402104	0.655239727516042	0.407925674285544	0.5398478784163019	0.08769457047128798	0.0	1.415704650195722	0.333131776894327	6.512148764121732
NCTC13441_04841_1-96	1.272878805172547	1.097934620262591	1.422205052687133	0.9998402168864791	1.197031260061701	0.76046492267968	1.007778975910178	0.8758567717794201	1.328010079724434	1.415704650195722	0.0	1.082572873301395	5.09644411392601
ROD_40611_1-96	0.19030593187115197	0.015361746961195966	0.339632179385738	0.082732656414916	0.11445838676030595	0.32210795062171504	0.074793897391217	0.20671610152197495	0.245437206423039	0.333131776894327	1.082572873301395	0.0	6.179016987227405
b3670_1-96	6.369322919098557	6.194378734188601	6.518649166613143	6.096284330812489	6.293475373987711	5.85690903660569	6.1042230898361876	5.97230088570543	6.424454193650444	6.512148764121732	5.09644411392601	6.179016987227405	0.0
