SEN1731_1-106	0.0	1.7117125716694799	1.101297850927874	0.5918461094251249	0.6710607126174601	0.26965389684878394	0.26969246861526996	0.6444752625944301	0.018050866861059944	5.87034767088604	0.7062094619124499	0.35138463441436496	0.192656368132472	0.5399478047527689	0.07465381007010996	0.41645184944927993	0.5195323540549189	0.153972386820034	0.16184724984736	0.00048701387961003206	0.150263234310124	0.20406628599264398	0.370705552927058	0.42741864468716495	0.2398378893676829
BN373_18531_1-106	1.7117125716694799	0.0	2.813010422597354	2.303558681094605	1.0406518590520197	1.9813664685182637	1.44202010305421	1.0672373090750498	1.7297634385305398	4.158635099216561	1.00550310975703	2.063097206083845	1.9043689398019519	2.2516603764222487	1.63705876159937	1.2952607222202	2.2312449257243987	1.8656849584895139	1.54986532182212	1.71219958554909	1.8619758059796039	1.915778857662124	2.082418124596538	2.139131216356645	1.9515504610371628
CS17_01702_1-104	1.101297850927874	2.813010422597354	0.0	0.509451741502749	1.772358563545334	0.83164395407909	1.3709903195431439	1.745773113522304	1.083246984066814	6.971645521813914	1.8075073128403238	0.749913216513509	0.9086414827954019	0.561350046175105	1.1759516609979839	1.5177497003771538	0.581765496872955	0.9473254641078399	1.263145100775234	1.1008108370482639	0.9510346166177499	0.8972315649352299	0.7305922980008159	0.673879206240709	0.861459961560191
SL1344_1247_1-106	0.5918461094251249	2.303558681094605	0.509451741502749	0.0	1.2629068220425852	0.322192212576341	0.8615385780403949	1.236321372019555	0.573795242564065	6.462193780311165	1.2980555713375748	0.24046147501075998	0.39918974129265294	0.05189830467235601	0.6664999194952349	1.008297958874405	0.07231375537020601	0.43787372260509094	0.7536933592724849	0.5913590955455149	0.44158287511500094	0.38777982343248096	0.22114055649806696	0.16442746473796	0.35200822005744203
BN373_49841_1-101	0.6710607126174601	1.0406518590520197	1.772358563545334	1.2629068220425852	0.0	0.9407146094662441	0.4013682440021902	0.026585450023030033	0.6891115794785201	5.19928695826858	0.03514874929498979	1.022445347031825	0.8637170807499321	1.211008517370229	0.5964069025473502	0.2546088631681802	1.190593066672379	0.8250330994374941	0.5092134627701002	0.6715477264970702	0.8213239469275841	0.8751269986101041	1.0417662655445181	1.0984793573046252	0.910898601985143
NCTC13441_02142_1-106	0.26965389684878394	1.9813664685182637	0.83164395407909	0.322192212576341	0.9407146094662441	0.0	0.5393463654640539	0.914129159443214	0.251603029987724	6.140001567734824	0.9758633587612339	0.08173073756558102	0.07699752871631194	0.270293907903985	0.3443077069188939	0.6861057462980639	0.249878457206135	0.11568151002874993	0.4315011466961439	0.2691668829691739	0.11939066253865993	0.06558761085613996	0.10105165607827404	0.15776474783838101	0.029816007481101026
ERS227112_05503_1-106	0.26969246861526996	1.44202010305421	1.3709903195431439	0.8615385780403949	0.4013682440021902	0.5393463654640539	0.0	0.37478279397916014	0.2877433354763299	5.6006552022707705	0.43651699329717997	0.6210771030296349	0.46234883674774196	0.8096402733680389	0.19503865854516	0.14675938083400997	0.7892248226701889	0.42366485543530397	0.10784521876790998	0.27017948249488	0.41995570292539397	0.47375875460791395	0.6403980215423279	0.6971111133024349	0.5095303579829529
ERS227112_01839_1-102	0.6444752625944301	1.0672373090750498	1.745773113522304	1.236321372019555	0.026585450023030033	0.914129159443214	0.37478279397916014	0.0	0.66252612945549	5.22587240829161	0.06173419931801982	0.9958598970087951	0.8371316307269021	1.1844230673471992	0.5698214525243201	0.22802341314515018	1.1640076166493492	0.7984476494144641	0.4826280127470701	0.6449622764740401	0.7947384969045541	0.8485415485870741	1.015180815521488	1.071893907281595	0.884313151962113
ROD_41181_1-104	0.018050866861059944	1.7297634385305398	1.083246984066814	0.573795242564065	0.6891115794785201	0.251603029987724	0.2877433354763299	0.66252612945549	0.0	5.8883985377471	0.7242603287735099	0.333333767553305	0.17460550127141206	0.521896937891709	0.0927046769311699	0.4345027163103399	0.501481487193859	0.13592151995897406	0.17989811670841993	0.017563852981449912	0.13221236744906406	0.18601541913158404	0.35265468606599804	0.409367777826105	0.22178702250662297
b1738_1-106	5.87034767088604	4.158635099216561	6.971645521813914	6.462193780311165	5.19928695826858	6.140001567734824	5.6006552022707705	5.22587240829161	5.8883985377471	0.0	5.16413820897359	6.221732305300405	6.063004039018512	6.410295475638809	5.7956938608159305	5.45389582143676	6.389880024940959	6.024320057706074	5.70850042103868	5.87083468476565	6.020610905196164	6.074413956878684	6.241053223813098	6.297766315573205	6.110185560253723
ENC_14380_1-105	0.7062094619124499	1.00550310975703	1.8075073128403238	1.2980555713375748	0.03514874929498979	0.9758633587612339	0.43651699329717997	0.06173419931801982	0.7242603287735099	5.16413820897359	0.0	1.057594096326815	0.8988658300449219	1.246157266665219	0.63155565184234	0.28975761246317	1.225741815967369	0.8601818487324839	0.54436221206509	0.70669647579206	0.8564726962225739	0.9102757479050939	1.076915014839508	1.1336281065996148	0.9460473512801328
ERS227112_00524_1-105	0.35138463441436496	2.063097206083845	0.749913216513509	0.24046147501075998	1.022445347031825	0.08173073756558102	0.6210771030296349	0.9958598970087951	0.333333767553305	6.221732305300405	1.057594096326815	0.0	0.15872826628189296	0.18856317033840397	0.4260384444844749	0.7678364838636449	0.16814771964055397	0.19741224759433096	0.513231884261725	0.35089762053475493	0.20112140010424095	0.14731834842172098	0.01932091851269302	0.07603401027279999	0.11154674504668205
CS17_01925_1-106	0.192656368132472	1.9043689398019519	0.9086414827954019	0.39918974129265294	0.8637170807499321	0.07699752871631194	0.46234883674774196	0.8371316307269021	0.17460550127141206	6.063004039018512	0.8988658300449219	0.15872826628189296	0.0	0.34729143662029693	0.26731017820258196	0.6091082175817519	0.32687598592244693	0.038683981312438	0.354503617979832	0.19216935425286197	0.042393133822347995	0.01140991786017198	0.17804918479458598	0.23476227655469295	0.04718152123521091
BN373_02591_1-91	0.5399478047527689	2.2516603764222487	0.561350046175105	0.05189830467235601	1.211008517370229	0.270293907903985	0.8096402733680389	1.1844230673471992	0.521896937891709	6.410295475638809	1.246157266665219	0.18856317033840397	0.34729143662029693	0.0	0.6146016148228789	0.9563996542020489	0.02041545069785	0.38597541793273493	0.7017950546001289	0.5394607908731589	0.38968457044264493	0.33588151876012495	0.16924225182571095	0.11252916006560398	0.300109915385086
t1191_1-106	0.07465381007010996	1.63705876159937	1.1759516609979839	0.6664999194952349	0.5964069025473502	0.3443077069188939	0.19503865854516	0.5698214525243201	0.0927046769311699	5.7956938608159305	0.63155565184234	0.4260384444844749	0.26731017820258196	0.6146016148228789	0.0	0.34179803937916997	0.5941861641250289	0.22862619689014396	0.08719343977725003	0.07514082394971999	0.22491704438023397	0.27872009606275394	0.44535936299716794	0.5020724547572749	0.31449169943779287
ROD_13181_1-111	0.41645184944927993	1.2952607222202	1.5177497003771538	1.008297958874405	0.2546088631681802	0.6861057462980639	0.14675938083400997	0.22802341314515018	0.4345027163103399	5.45389582143676	0.28975761246317	0.7678364838636449	0.6091082175817519	0.9563996542020489	0.34179803937916997	0.0	0.9359842035041989	0.5704242362693139	0.25460459960191995	0.41693886332888996	0.5667150837594039	0.6205181354419239	0.7871574023763379	0.8438704941364449	0.6562897388169628
ERS227112_02124_1-103	0.5195323540549189	2.2312449257243987	0.581765496872955	0.07231375537020601	1.190593066672379	0.249878457206135	0.7892248226701889	1.1640076166493492	0.501481487193859	6.389880024940959	1.225741815967369	0.16814771964055397	0.32687598592244693	0.02041545069785	0.5941861641250289	0.9359842035041989	0.0	0.36555996723488493	0.6813796039022789	0.5190453401753089	0.3692691197447949	0.31546606806227495	0.14882680112786095	0.09211370936775398	0.279694464687236
STMMW_13191_1-106	0.153972386820034	1.8656849584895139	0.9473254641078399	0.43787372260509094	0.8250330994374941	0.11568151002874993	0.42366485543530397	0.7984476494144641	0.13592151995897406	6.024320057706074	0.8601818487324839	0.19741224759433096	0.038683981312438	0.38597541793273493	0.22862619689014396	0.5704242362693139	0.36555996723488493	0.0	0.315819636667394	0.15348537294042397	0.0037091525099099965	0.05009389917260998	0.21673316610702398	0.27344625786713095	0.08586550254764891
ENC_03450_1-104	0.16184724984736	1.54986532182212	1.263145100775234	0.7536933592724849	0.5092134627701002	0.4315011466961439	0.10784521876790998	0.4826280127470701	0.17989811670841993	5.70850042103868	0.54436221206509	0.513231884261725	0.354503617979832	0.7017950546001289	0.08719343977725003	0.25460459960191995	0.6813796039022789	0.315819636667394	0.0	0.16233426372697002	0.312110484157484	0.36591353584000397	0.532552802774418	0.5892658945345249	0.4016851392150429
STM_MW13191_1-106	0.00048701387961003206	1.71219958554909	1.1008108370482639	0.5913590955455149	0.6715477264970702	0.2691668829691739	0.27017948249488	0.6449622764740401	0.017563852981449912	5.87083468476565	0.70669647579206	0.35089762053475493	0.19216935425286197	0.5394607908731589	0.07514082394971999	0.41693886332888996	0.5190453401753089	0.15348537294042397	0.16233426372697002	0.0	0.14977622043051397	0.20357927211303395	0.37021853904744795	0.4269316308075549	0.23935087548807288
BN373_37061_1-104	0.150263234310124	1.8619758059796039	0.9510346166177499	0.44158287511500094	0.8213239469275841	0.11939066253865993	0.41995570292539397	0.7947384969045541	0.13221236744906406	6.020610905196164	0.8564726962225739	0.20112140010424095	0.042393133822347995	0.38968457044264493	0.22491704438023397	0.5667150837594039	0.3692691197447949	0.0037091525099099965	0.312110484157484	0.14977622043051397	0.0	0.053803051682519976	0.22044231861693397	0.27715541037704094	0.0895746550575589
ERS227112_01587_1-105	0.20406628599264398	1.915778857662124	0.8972315649352299	0.38777982343248096	0.8751269986101041	0.06558761085613996	0.47375875460791395	0.8485415485870741	0.18601541913158404	6.074413956878684	0.9102757479050939	0.14731834842172098	0.01140991786017198	0.33588151876012495	0.27872009606275394	0.6205181354419239	0.31546606806227495	0.05009389917260998	0.36591353584000397	0.20357927211303395	0.053803051682519976	0.0	0.166639266934414	0.22335235869452097	0.03577160337503893
ETEC_1770_1-106	0.370705552927058	2.082418124596538	0.7305922980008159	0.22114055649806696	1.0417662655445181	0.10105165607827404	0.6403980215423279	1.015180815521488	0.35265468606599804	6.241053223813098	1.076915014839508	0.01932091851269302	0.17804918479458598	0.16924225182571095	0.44535936299716794	0.7871574023763379	0.14882680112786095	0.21673316610702398	0.532552802774418	0.37021853904744795	0.22044231861693397	0.166639266934414	0.0	0.05671309176010697	0.13086766355937507
BN373_46971_1-104	0.42741864468716495	2.139131216356645	0.673879206240709	0.16442746473796	1.0984793573046252	0.15776474783838101	0.6971111133024349	1.071893907281595	0.409367777826105	6.297766315573205	1.1336281065996148	0.07603401027279999	0.23476227655469295	0.11252916006560398	0.5020724547572749	0.8438704941364449	0.09211370936775398	0.27344625786713095	0.5892658945345249	0.4269316308075549	0.27715541037704094	0.22335235869452097	0.05671309176010697	0.0	0.18758075531948204
ENC_01360_1-91	0.2398378893676829	1.9515504610371628	0.861459961560191	0.35200822005744203	0.910898601985143	0.029816007481101026	0.5095303579829529	0.884313151962113	0.22178702250662297	6.110185560253723	0.9460473512801328	0.11154674504668205	0.04718152123521091	0.300109915385086	0.31449169943779287	0.6562897388169628	0.279694464687236	0.08586550254764891	0.4016851392150429	0.23935087548807288	0.0895746550575589	0.03577160337503893	0.13086766355937507	0.18758075531948204	0.0
