t4032_1-393	0.0	1.050365582215996	0.7842578325780529	-1	0.1289210453340588	1.1259476105671147	0.9282655695339939	0.40230539455766356	0.8382096227477995	1.83972323893672	1.0091133431152364	1.0359169888252961	1.2468917719742016
CS17_03786_1-394	1.050365582215996	0.0	0.26610774963794315	-1	0.9214445368819373	0.0755820283511186	0.12210001268200221	0.6480601876583325	0.21215595946819654	0.7893576567207239	0.0412522391007597	0.014448593390699926	0.19652618975820557
SEN3300_1-393	0.7842578325780529	0.26610774963794315	0.0	-1	0.6553367872439941	0.34168977798906175	0.14400773695594093	0.38195243802038936	0.053951790169746605	1.055465406358667	0.22485551053718345	0.2516591562472432	0.4626339393961487
b3364_1-393	-1	-1	-1	-1	-1	-1	-1	-1	-1	-1	-1	-1	-1
ROD_44451_1-393	0.1289210453340588	0.9214445368819373	0.6553367872439941	-1	0.0	0.9970265652330559	0.7993445241999351	0.2733843492236048	0.7092885774137407	1.7108021936026612	0.8801922977811776	0.9069959434912374	1.1179707266401429
ETEC_3615_1-393	1.1259476105671147	0.0755820283511186	0.34168977798906175	-1	0.9970265652330559	0.0	0.19768204103312081	0.7236422160094511	0.28773798781931514	0.7137756283696053	0.1168342674518783	0.09003062174181853	0.12094416140708697
ENC_25760_1-394	0.9282655695339939	0.12210001268200221	0.14400773695594093	-1	0.7993445241999351	0.19768204103312081	0.0	0.5259601749763303	0.09005594678619433	0.9114576694027261	0.08084777358124251	0.10765141929130229	0.3186262024402078
ERS227112_00836_1-396	0.40230539455766356	0.6480601876583325	0.38195243802038936	-1	0.2733843492236048	0.7236422160094511	0.5259601749763303	0.0	0.43590422819013597	1.4374178443790564	0.6068079485575728	0.6336115942676326	0.8445863774165381
NCTC13441_00330_1-394	0.8382096227477995	0.21215595946819654	0.053951790169746605	-1	0.7092885774137407	0.28773798781931514	0.09005594678619433	0.43590422819013597	0.0	1.0015136161889204	0.17090372036743684	0.19770736607749662	0.4086821492264021
STMMW_34641_1-393	1.83972323893672	0.7893576567207239	1.055465406358667	-1	1.7108021936026612	0.7137756283696053	0.9114576694027261	1.4374178443790564	1.0015136161889204	0.0	0.8306098958214836	0.8038062501114238	0.5928314669625183
SL1344_3440_1-393	1.0091133431152364	0.0412522391007597	0.22485551053718345	-1	0.8801922977811776	0.1168342674518783	0.08084777358124251	0.6068079485575728	0.17090372036743684	0.8306098958214836	0.0	0.026803645710059776	0.23777842885896527
STM_MW34641_1-394	1.0359169888252961	0.014448593390699926	0.2516591562472432	-1	0.9069959434912374	0.09003062174181853	0.10765141929130229	0.6336115942676326	0.19770736607749662	0.8038062501114238	0.026803645710059776	0.0	0.2109747831489055
BN373_43871_1-395	1.2468917719742016	0.19652618975820557	0.4626339393961487	-1	1.1179707266401429	0.12094416140708697	0.3186262024402078	0.8445863774165381	0.4086821492264021	0.5928314669625183	0.23777842885896527	0.2109747831489055	0.0
