t0604_1-163	0.0	0.374979821215338	0.0250781110203796	0.14392923053187734	0.30402714074049464	0.10648302318846303	0.1251533793466446	0.3253211890185857	0.5771990415681095	0.056526810959211526	-1
CS17_02457_2-164	0.374979821215338	0.0	0.4000579322357176	0.23105059068346068	0.07095268047484338	0.268496798026875	0.2498264418686934	0.7003010102339238	0.2022192203527715	0.43150663217454954	-1
STMMW_22861_1-163	0.0250781110203796	0.4000579322357176	0.0	0.16900734155225694	0.32910525176087424	0.13156113420884263	0.1502314903670242	0.3002430779982061	0.6022771525884891	0.031448699938831925	-1
SL1344_2231_1-163	0.14392923053187734	0.23105059068346068	0.16900734155225694	0.0	0.1600979102086173	0.037446207343414306	0.018775851185232728	0.46925041955046304	0.4332698110362322	0.20045604149108887	-1
ROD_23391_1-163	0.30402714074049464	0.07095268047484338	0.32910525176087424	0.1600979102086173	0.0	0.1975441175520316	0.17887376139385003	0.6293483297590803	0.2731719008276149	0.36055395169970617	-1
ETEC_2342_2-164	0.10648302318846303	0.268496798026875	0.13156113420884263	0.037446207343414306	0.1975441175520316	0.0	0.018670356158181578	0.43180421220704873	0.4707160183796465	0.16300983414767456	-1
NCTC13441_01501_2-165	0.1251533793466446	0.2498264418686934	0.1502314903670242	0.018775851185232728	0.17887376139385003	0.018670356158181578	0.0	0.4504745683652303	0.4520456622214649	0.18168019030585614	-1
STM_MW22861_1-164	0.3253211890185857	0.7003010102339238	0.3002430779982061	0.46925041955046304	0.6293483297590803	0.43180421220704873	0.4504745683652303	0.0	0.9025202305866953	0.2687943780593742	-1
ROD_34951_16-180	0.5771990415681095	0.2022192203527715	0.6022771525884891	0.4332698110362322	0.2731719008276149	0.4707160183796465	0.4520456622214649	0.9025202305866953	0.0	0.633725852527321	-1
SEN2244_1-163	0.056526810959211526	0.43150663217454954	0.031448699938831925	0.20045604149108887	0.36055395169970617	0.16300983414767456	0.18168019030585614	0.2687943780593742	0.633725852527321	0.0	-1
b2208_2-164	-1	-1	-1	-1	-1	-1	-1	-1	-1	-1	-1
