ETEC_0084_1-452	0.0	0.00853347600781708	0.00853347600781708	0.00853347600781708	0.00853347600781708	0.01688383167432672	0.00168982500980943	0.00853347600781708	0.00853347600781708	0.01765376558662532	0.00853347600781708	0.00853347600781708	0.00853347600781708
STMMW_01301_1-452	0.00853347600781708	0.0	0.0	0.0	0.0	0.0254173076821438	0.00684365099800765	0.0	0.0	0.0261872415944424	0.0	0.0	0.0
ROD_00921_1-452	0.00853347600781708	0.0	0.0	0.0	0.0	0.0254173076821438	0.00684365099800765	0.0	0.0	0.0261872415944424	0.0	0.0	0.0
CS17_00086_1-452	0.00853347600781708	0.0	0.0	0.0	0.0	0.0254173076821438	0.00684365099800765	0.0	0.0	0.0261872415944424	0.0	0.0	0.0
ENC_45980_1-452	0.00853347600781708	0.0	0.0	0.0	0.0	0.0254173076821438	0.00684365099800765	0.0	0.0	0.0261872415944424	0.0	0.0	0.0
SEN0125_1-452	0.01688383167432672	0.0254173076821438	0.0254173076821438	0.0254173076821438	0.0254173076821438	0.0	0.01857365668413615	0.0254173076821438	0.0254173076821438	0.0007699339122986017	0.0254173076821438	0.0254173076821438	0.0254173076821438
SL1344_0124_1-452	0.00168982500980943	0.00684365099800765	0.00684365099800765	0.00684365099800765	0.00684365099800765	0.01857365668413615	0.0	0.00684365099800765	0.00684365099800765	0.01934359059643475	0.00684365099800765	0.00684365099800765	0.00684365099800765
STM_MW01301_1-452	0.00853347600781708	0.0	0.0	0.0	0.0	0.0254173076821438	0.00684365099800765	0.0	0.0	0.0261872415944424	0.0	0.0	0.0
ERS227112_02427_1-452	0.00853347600781708	0.0	0.0	0.0	0.0	0.0254173076821438	0.00684365099800765	0.0	0.0	0.0261872415944424	0.0	0.0	0.0
NCTC13441_03899_1-452	0.01765376558662532	0.0261872415944424	0.0261872415944424	0.0261872415944424	0.0261872415944424	0.0007699339122986017	0.01934359059643475	0.0261872415944424	0.0261872415944424	0.0	0.0261872415944424	0.0261872415944424	0.0261872415944424
b0086_1-452	0.00853347600781708	0.0	0.0	0.0	0.0	0.0254173076821438	0.00684365099800765	0.0	0.0	0.0261872415944424	0.0	0.0	0.0
BN373_05791_1-452	0.00853347600781708	0.0	0.0	0.0	0.0	0.0254173076821438	0.00684365099800765	0.0	0.0	0.0261872415944424	0.0	0.0	0.0
t0128_1-452	0.00853347600781708	0.0	0.0	0.0	0.0	0.0254173076821438	0.00684365099800765	0.0	0.0	0.0261872415944424	0.0	0.0	0.0
