ROD_13491_1-480	0.0	0.4316109101904434	0.5124215651318959	0.22305074393031887	0.5778731276414111	0.35124355030105653	0.36325001481243363	0.34326706735458384	0.4043128177280348	0.22354027906794227	0.35040765686945574	-1	0.1993738327799237
CS17_01889_1-478	0.4316109101904434	0.0	0.08081065494145245	0.20856016626012452	0.14626221745096774	0.08036735988938687	0.06836089537800977	0.08834384283585955	0.027298092462408607	0.20807063112250113	0.08120325332098766	-1	0.2322370774105197
STMMW_13521_1-480	0.5124215651318959	0.08081065494145245	0.0	0.289370821201577	0.06545156250951528	0.16117801483083932	0.14917155031946222	0.169154497777312	0.10810874740386106	0.2888812860639536	0.1620139082624401	-1	0.31304773235197214
ENC_14050_1-480	0.22305074393031887	0.20856016626012452	0.289370821201577	0.0	0.35482238371109226	0.12819280637073766	0.14019927088211476	0.12021632342426497	0.18126207379771592	0.0004895351376233981	0.12735691293913687	-1	0.023676911150395163
STM_MW13521_1-480	0.5778731276414111	0.14626221745096774	0.06545156250951528	0.35482238371109226	0.0	0.2266295773403546	0.2146231128289775	0.2346060602868273	0.17356030991337634	0.35433284857346886	0.2274654707719554	-1	0.3784992948614874
t1226_1-480	0.35124355030105653	0.08036735988938687	0.16117801483083932	0.12819280637073766	0.2266295773403546	0.0	0.012006464511377102	0.007976482946472685	0.05306926742697826	0.12770327123311426	0.0008358934316007871	-1	0.15186971752113282
ERS227112_04509_1-480	0.36325001481243363	0.06836089537800977	0.14917155031946222	0.14019927088211476	0.2146231128289775	0.012006464511377102	0.0	0.019982947457849787	0.04106280291560116	0.13970973574449136	0.012842357942977889	-1	0.16387618203250992
ETEC_1740_1-478	0.34326706735458384	0.08834384283585955	0.169154497777312	0.12021632342426497	0.2346060602868273	0.007976482946472685	0.019982947457849787	0.0	0.06104575037345095	0.11972678828664157	0.007140589514871898	-1	0.14389323457466013
SEN1699_1-480	0.4043128177280348	0.027298092462408607	0.10810874740386106	0.18126207379771592	0.17356030991337634	0.05306926742697826	0.04106280291560116	0.06104575037345095	0.0	0.18077253866009252	0.05390516085857905	-1	0.20493898494811108
BN373_27501_1-480	0.22354027906794227	0.20807063112250113	0.2888812860639536	0.0004895351376233981	0.35433284857346886	0.12770327123311426	0.13970973574449136	0.11972678828664157	0.18077253866009252	0.0	0.12686737780151347	-1	0.02416644628801856
NCTC13441_02173_1-478	0.35040765686945574	0.08120325332098766	0.1620139082624401	0.12735691293913687	0.2274654707719554	0.0008358934316007871	0.012842357942977889	0.007140589514871898	0.05390516085857905	0.12686737780151347	0.0	-1	0.15103382408953203
b1706_1-478	-1	-1	-1	-1	-1	-1	-1	-1	-1	-1	-1	-1	-1
SL1344_1279_1-480	0.1993738327799237	0.2322370774105197	0.31304773235197214	0.023676911150395163	0.3784992948614874	0.15186971752113282	0.16387618203250992	0.14389323457466013	0.20493898494811108	0.02416644628801856	0.15103382408953203	-1	0.0
