BN373_13731_1-329	0.0	0.18468996648024844	0.04198338910586541	0.16683543516445498	-1	0.11883046737981195	0.06421800488166063	0.3024207141425839	0.11656217553322723	0.47575893835687033	0.13506168836601828
ROD_07821_1-329	0.18468996648024844	0.0	0.14270657737438303	0.3515254016447034	-1	0.06585949910043648	0.1204719615985878	0.11773074766233549	0.0681277909470212	0.29106897187662184	0.3197516548462667
t2085_1-329	0.04198338910586541	0.14270657737438303	0.0	0.2088188242703204	-1	0.07684707827394655	0.02223461577579522	0.2604373250367185	0.07457878642736182	0.4337755492510049	0.1770450774718837
SL1344_0778_1-329	0.16683543516445498	0.3515254016447034	0.2088188242703204	0.0	-1	0.28566590254426694	0.2310534400461156	0.4692561493070389	0.2833976106976822	0.6425943735213253	0.0317737467984367
b0781_1-329	-1	-1	-1	-1	-1	-1	-1	-1	-1	-1	-1
ERS227112_03244A_1-329	0.11883046737981195	0.06585949910043648	0.07684707827394655	0.28566590254426694	-1	0.0	0.054612462498151326	0.18359024676277197	0.0022682918465847246	0.3569284709770584	0.25389215574583024
STMMW_08541_1-329	0.06421800488166063	0.1204719615985878	0.02223461577579522	0.2310534400461156	-1	0.054612462498151326	0.0	0.2382027092609233	0.0523441706515666	0.4115409334752097	0.1992796932476789
STM_MW08541_1-329	0.3024207141425839	0.11773074766233549	0.2604373250367185	0.4692561493070389	-1	0.18359024676277197	0.2382027092609233	0.0	0.1858585386093567	0.17333822421428638	0.4374824025086022
SEN0748_1-329	0.11656217553322723	0.0681277909470212	0.07457878642736182	0.2833976106976822	-1	0.0022682918465847246	0.0523441706515666	0.1858585386093567	0.0	0.3591967628236431	0.2516238638992455
Ecoli9000q_49290_1-329	0.47575893835687033	0.29106897187662184	0.4337755492510049	0.6425943735213253	-1	0.3569284709770584	0.4115409334752097	0.17333822421428638	0.3591967628236431	0.0	0.6108206267228886
ETEC_0846_1-329	0.13506168836601828	0.3197516548462667	0.1770450774718837	0.0317737467984367	-1	0.25389215574583024	0.1992796932476789	0.4374824025086022	0.2516238638992455	0.6108206267228886	0.0
