Ecoli9000q_3580_1-465	0.0	0.2911208669149302	0.628919245307764	0.5222977002030873	0.43691883257802233	0.6436642732308403	0.43276368785119024	0.4339934567541984	-1	0.09813518715690253	0.24808393595820974	0.4029808579991455	0.2968916534637356
ERS227112_05358_1-465	0.2911208669149302	0.0	0.33779837839283383	0.23117683328815714	0.14579796566309217	0.35254340631591013	0.14164282093626007	0.14287258983926826	-1	0.19298567975802766	0.043036930956720454	0.11185999108421535	0.005770786548805418
SL1344_1615_3-467	0.628919245307764	0.33779837839283383	0.0	0.1066215451046767	0.19200041272974167	0.014745027923076304	0.19615555745657376	0.19492578855356557	-1	0.5307840581508615	0.3808353093495543	0.22593838730861848	0.3320275918440284
CS17_01507_1-465	0.5222977002030873	0.23117683328815714	0.1066215451046767	0.0	0.08537886762506497	0.121366573027753	0.08953401235189706	0.08830424344888888	-1	0.4241625130461848	0.2742137642448776	0.11931684220394179	0.22540604673935172
BN373_19281_1-465	0.43691883257802233	0.14579796566309217	0.19200041272974167	0.08537886762506497	0.0	0.20674544065281797	0.004155144726832094	0.002925375823823906	-1	0.33878364542111983	0.18883489661981262	0.03393797457887682	0.14002717911428675
ROD_16811_1-465	0.6436642732308403	0.35254340631591013	0.014745027923076304	0.121366573027753	0.20674544065281797	0.0	0.21090058537965006	0.20967081647664187	-1	0.5455290860739378	0.3955803372726306	0.2406834152316948	0.3467726197671047
SEN1348_3-467	0.43276368785119024	0.14164282093626007	0.19615555745657376	0.08953401235189706	0.004155144726832094	0.21090058537965006	0.0	0.0012297689030081882	-1	0.33462850069428773	0.18467975189298053	0.029782829852044723	0.13587203438745465
ETEC_1425_1-465	0.4339934567541984	0.14287258983926826	0.19492578855356557	0.08830424344888888	0.002925375823823906	0.20967081647664187	0.0012297689030081882	0.0	-1	0.3358582695972959	0.18590952079598871	0.03101259875505291	0.13710180329046284
b1321_1-465	-1	-1	-1	-1	-1	-1	-1	-1	-1	-1	-1	-1	-1
STM_MW16801_3-467	0.09813518715690253	0.19298567975802766	0.5307840581508615	0.4241625130461848	0.33878364542111983	0.5455290860739378	0.33462850069428773	0.3358582695972959	-1	0.0	0.1499487488013072	0.304845670842243	0.19875646630683308
NCTC13441_02444_1-465	0.24808393595820974	0.043036930956720454	0.3808353093495543	0.2742137642448776	0.18883489661981262	0.3955803372726306	0.18467975189298053	0.18590952079598871	-1	0.1499487488013072	0.0	0.1548969220409358	0.04880771750552587
t1590_1-465	0.4029808579991455	0.11185999108421535	0.22593838730861848	0.11931684220394179	0.03393797457887682	0.2406834152316948	0.029782829852044723	0.03101259875505291	-1	0.304845670842243	0.1548969220409358	0.0	0.10608920453540993
STMMW_16801_3-467	0.2968916534637356	0.005770786548805418	0.3320275918440284	0.22540604673935172	0.14002717911428675	0.3467726197671047	0.13587203438745465	0.13710180329046284	-1	0.19875646630683308	0.04880771750552587	0.10608920453540993	0.0
