b3055_1-206	0.0	6.311229859087115	5.72810568065699	6.182496266423648	5.50263634398494	5.3322893343360604	6.393648984914494	6.118642343511507	5.7249534750006905	5.88630884460858	5.9286506225462	5.83031265640511	5.06110557174445
STM_MW31641_1-204	6.311229859087115	0.0	0.5831241784301249	0.12873359266346696	0.808593515102175	0.978940524751055	0.08241912582737898	0.19258751557560794	0.5862763840864249	0.4249210144785349	0.3825792365409151	0.480917202682005	1.250124287342665
BN373_41121_1-206	5.72810568065699	0.5831241784301249	0.0	0.4543905857666579	0.22546933667205016	0.3958163463209301	0.6655433042575039	0.39053666285451694	0.0031522056563000334	0.15820316395158995	0.2005449418892098	0.10220697574811988	0.6670001089125401
ERS227112_01147_1-206	6.182496266423648	0.12873359266346696	0.4543905857666579	0.0	0.6798599224387081	0.850206932087588	0.21115271849084594	0.06385392291214098	0.45754279142295795	0.29618742181506796	0.2538456438774481	0.35218361001853804	1.121390694679198
ENC_32950_7-212	5.50263634398494	0.808593515102175	0.22546933667205016	0.6798599224387081	0.0	0.17034700964887994	0.891012640929554	0.6160059995265671	0.22231713101575012	0.3836725006236401	0.42601427856125995	0.32767631242017004	0.44153077224049
ETEC_3326_1-206	5.3322893343360604	0.978940524751055	0.3958163463209301	0.850206932087588	0.17034700964887994	0.0	1.061359650578434	0.786353009175447	0.39266414066463007	0.55401951027252	0.5963612882101399	0.49802332206905	0.27118376259161003
t3123_1-204	6.393648984914494	0.08241912582737898	0.6655433042575039	0.21115271849084594	0.891012640929554	1.061359650578434	0.0	0.2750066414029869	0.6686955099138039	0.5073401403059139	0.46499836236829406	0.563336328509384	1.332543413170044
SEN3045_1-204	6.118642343511507	0.19258751557560794	0.39053666285451694	0.06385392291214098	0.6160059995265671	0.786353009175447	0.2750066414029869	0.0	0.39368886851081697	0.23233349890292698	0.18999172096530714	0.28832968710639706	1.0575367717670572
ROD_35991_1-204	5.7249534750006905	0.5862763840864249	0.0031522056563000334	0.45754279142295795	0.22231713101575012	0.39266414066463007	0.6686955099138039	0.39368886851081697	0.0	0.16135536960789	0.20369714754550983	0.10535918140441991	0.6638479032562401
STMMW_31641_1-204	5.88630884460858	0.4249210144785349	0.15820316395158995	0.29618742181506796	0.3836725006236401	0.55401951027252	0.5073401403059139	0.23233349890292698	0.16135536960789	0.0	0.04234177793761984	0.055996188203470076	0.8252032728641301
SL1344_3176_1-204	5.9286506225462	0.3825792365409151	0.2005449418892098	0.2538456438774481	0.42601427856125995	0.5963612882101399	0.46499836236829406	0.18999172096530714	0.20369714754550983	0.04234177793761984	0.0	0.09833796614108992	0.8675450508017499
NCTC13441_00637_1-206	5.83031265640511	0.480917202682005	0.10220697574811988	0.35218361001853804	0.32767631242017004	0.49802332206905	0.563336328509384	0.28832968710639706	0.10535918140441991	0.055996188203470076	0.09833796614108992	0.0	0.76920708466066
CS17_03485_1-206	5.06110557174445	1.250124287342665	0.6670001089125401	1.121390694679198	0.44153077224049	0.27118376259161003	1.332543413170044	1.0575367717670572	0.6638479032562401	0.8252032728641301	0.8675450508017499	0.76920708466066	0.0
