CS17_01580_1-326	0.0	0.3269996940403361	0.3572648828699794	0.3054727003074996	-1	0.2514825323355694	0.3024471713771401	0.32300634463167016	0.2299313541380569	0.24649673545867798	0.1690431617898236	0.724609956426571	0.3660526193313175	0.47965343246820613
t1519_1-326	0.3269996940403361	0.0	0.044970542452409036	0.5325829148096081	-1	0.10088897716762699	0.5305467329137863	0.005898651157215492	0.48174356572496824	0.10683823464343245	0.44076579364527635	0.5908024986991098	0.5733532188476491	0.6498066008460419
SEN1446_1-326	0.3572648828699794	0.044970542452409036	0.0	0.5536029146821438	-1	0.14132248758933913	0.551658300990709	0.050603928067347016	0.5050498387037676	0.14700420372926856	0.4659148592629907	0.5715341573320014	0.5925397560316447	0.6655549879692484
BN373_25231_1-326	0.3054727003074996	0.5325829148096081	0.5536029146821438	0.0	-1	0.4801341844103545	0.004337347375298628	0.5298094246280787	0.0980968989912435	0.4766714123686318	0.16418366423403627	0.8087340966747463	0.08722467648232035	0.2507903321263606
b1428_1-326	-1	-1	-1	-1	-1	-1	-1	-1	-1	-1	-1	-1	-1	-1
ENC_11080_1-326	0.2514825323355694	0.10088897716762699	0.14132248758933913	0.4801341844103545	-1	0.0	0.47786952315705633	0.0955539655197008	0.4235901672716411	0.006616821865962841	0.37801429172447676	0.6320860160649054	0.5254793119893789	0.610511504963223
ERS227112_04732_1-326	0.3024471713771401	0.5305467329137863	0.551658300990709	0.004337347375298628	-1	0.47786952315705633	0.0	0.527761160738092	0.09416799090413004	0.47439166644264175	0.16054264608335075	0.807900896130782	0.0911837001360171	0.2540399147128607
SL1344_1540_1-326	0.32300634463167016	0.005898651157215492	0.050603928067347016	0.5298094246280787	-1	0.0955539655197008	0.527761160738092	0.0	0.47866841255338327	0.10153852381723343	0.4374474926467828	0.593216212013688	0.5708216454499305	0.6477286751882874
Ecoli9000q_4220_1-326	0.2299313541380569	0.48174356572496824	0.5050498387037676	0.0980968989912435	-1	0.4235901672716411	0.09416799090413004	0.47866841255338327	0.0	0.41975076142211065	0.07327479545072675	0.787930762061548	0.17676510519513378	0.32428547723902407
ETEC_1499_1-326	0.24649673545867798	0.10683823464343245	0.14700420372926856	0.4766714123686318	-1	0.006616821865962841	0.47439166644264175	0.10153852381723343	0.41975076142211065	0.0	0.37387130971569693	0.6345204373586006	0.5223185791187276	0.6079171626719219
STMMW_16051_1-326	0.1690431617898236	0.44076579364527635	0.4659148592629907	0.16418366423403627	-1	0.37801429172447676	0.16054264608335075	0.4374474926467828	0.07327479545072675	0.37387130971569693	0.0	0.7711627601176607	0.23708747371986091	0.37379832067742
ROD_16061_1-326	0.724609956426571	0.5908024986991098	0.5715341573320014	0.8087340966747463	-1	0.6320860160649054	0.807900896130782	0.593216212013688	0.787930762061548	0.6345204373586006	0.7711627601176607	0.0	0.8254172032143904	0.8567017360941351
NCTC13441_02388_1-326	0.3660526193313175	0.5733532188476491	0.5925397560316447	0.08722467648232035	-1	0.5254793119893789	0.0911837001360171	0.5708216454499305	0.17676510519513378	0.5223185791187276	0.23708747371986091	0.8254172032143904	0.0	0.1791959657867242
STM_MW16051_1-326	0.47965343246820613	0.6498066008460419	0.6655549879692484	0.2507903321263606	-1	0.610511504963223	0.2540399147128607	0.6477286751882874	0.32428547723902407	0.6079171626719219	0.37379832067742	0.8567017360941351	0.1791959657867242	0.0
