CS17_00082_1-313	0.0	0.8185337565084537	0.4481654584450634	0.593031751684798	0.9464414285739355	0.5907651636368354	0.45409244804028115	0.885158695878777	0.8727264047967094	0.6951053731143753	0.2913700027682936	0.6384827318138795	-1	0.7758278084132342
ROD_00881_1-313	0.8185337565084537	0.0	0.37036829806339033	0.22550200482365573	0.12790767206548181	0.22776859287161838	0.3644413084681726	0.06662493937032332	0.05419264828825571	0.12342838339407847	0.5271637537401601	0.18005102469457424	-1	0.04270594809521949
SL1344_0120_1-313	0.4481654584450634	0.37036829806339033	0.0	0.1448662932397346	0.49827597012887215	0.14259970519177195	0.005926989595217758	0.43699323743371365	0.42456094635164604	0.24693991466931187	0.15679545567676978	0.1903172733688161	-1	0.32766234996817084
STMMW_01261_1-313	0.593031751684798	0.22550200482365573	0.1448662932397346	0.0	0.35340967688913755	0.0022665880479626477	0.13893930364451684	0.29212694419397905	0.27969465311191144	0.10207362142957727	0.3016617489165044	0.0454509801290815	-1	0.18279605672843624
STM_MW01261_1-313	0.9464414285739355	0.12790767206548181	0.49827597012887215	0.35340967688913755	0.0	0.3556762649371002	0.4923489805336544	0.06128273269515848	0.0737150237772261	0.2513360554595603	0.6550714258056419	0.30795869676005605	-1	0.1706136201607013
ETEC_0080_1-313	0.5907651636368354	0.22776859287161838	0.14259970519177195	0.0022665880479626477	0.3556762649371002	0.0	0.1366727155965542	0.2943935322419417	0.2819612411598741	0.10434020947753991	0.29939516086854173	0.047717568177044145	-1	0.1850626447763989
ENC_45940_1-313	0.45409244804028115	0.3644413084681726	0.005926989595217758	0.13893930364451684	0.4923489805336544	0.1366727155965542	0.0	0.4310662478384959	0.4186339567564283	0.2410129250740941	0.16272244527198754	0.18439028377359834	-1	0.3217353603729531
Ecoli9000q_41340_1-313	0.885158695878777	0.06662493937032332	0.43699323743371365	0.29212694419397905	0.06128273269515848	0.2943935322419417	0.4310662478384959	0.0	0.012432291082067615	0.1900533227644018	0.5937886931104834	0.24667596406489756	-1	0.10933088746554281
t0124_1-313	0.8727264047967094	0.05419264828825571	0.42456094635164604	0.27969465311191144	0.0737150237772261	0.2819612411598741	0.4186339567564283	0.012432291082067615	0.0	0.17762103168233417	0.5813564020284159	0.23424367298282994	-1	0.0968985963834752
NCTC13441_03903_1-313	0.6951053731143753	0.12342838339407847	0.24693991466931187	0.10207362142957727	0.2513360554595603	0.10434020947753991	0.2410129250740941	0.1900533227644018	0.17762103168233417	0.0	0.40373537034608165	0.05662264130049577	-1	0.08072243529885897
ERS227112_02423_1-313	0.2913700027682936	0.5271637537401601	0.15679545567676978	0.3016617489165044	0.6550714258056419	0.29939516086854173	0.16272244527198754	0.5937886931104834	0.5813564020284159	0.40373537034608165	0.0	0.3471127290455859	-1	0.4844578056449406
SEN0121_1-313	0.6384827318138795	0.18005102469457424	0.1903172733688161	0.0454509801290815	0.30795869676005605	0.047717568177044145	0.18439028377359834	0.24667596406489756	0.23424367298282994	0.05662264130049577	0.3471127290455859	0.0	-1	0.13734507659935474
b0082_1-313	-1	-1	-1	-1	-1	-1	-1	-1	-1	-1	-1	-1	-1	-1
BN373_05751_1-313	0.7758278084132342	0.04270594809521949	0.32766234996817084	0.18279605672843624	0.1706136201607013	0.1850626447763989	0.3217353603729531	0.10933088746554281	0.0968985963834752	0.08072243529885897	0.4844578056449406	0.13734507659935474	-1	0.0
