ETEC_3556_1-117	0.0	0.10091324104739902	0.0	0.0	0.060055835409545316	0.04275310763456164	0.0	0.0	0.021351192866282	0.022039730223151574	0.0	0.0	-1
SEN3252_1-117	0.10091324104739902	0.0	0.10091324104739902	0.10091324104739902	0.0408574056378537	0.05816013341283738	0.10091324104739902	0.10091324104739902	0.07956204818111702	0.07887351082424744	0.10091324104739902	0.10091324104739902	-1
t4081_1-117	0.0	0.10091324104739902	0.0	0.0	0.060055835409545316	0.04275310763456164	0.0	0.0	0.021351192866282	0.022039730223151574	0.0	0.0	-1
ROD_45181_1-117	0.0	0.10091324104739902	0.0	0.0	0.060055835409545316	0.04275310763456164	0.0	0.0	0.021351192866282	0.022039730223151574	0.0	0.0	-1
STMMW_34171_1-117	0.060055835409545316	0.0408574056378537	0.060055835409545316	0.060055835409545316	0.0	0.01730272777498368	0.060055835409545316	0.060055835409545316	0.03870464254326332	0.03801610518639374	0.060055835409545316	0.060055835409545316	-1
CS17_03739_1-117	0.04275310763456164	0.05816013341283738	0.04275310763456164	0.04275310763456164	0.01730272777498368	0.0	0.04275310763456164	0.04275310763456164	0.02140191476827964	0.020713377411410064	0.04275310763456164	0.04275310763456164	-1
NCTC13441_00391_1-117	0.0	0.10091324104739902	0.0	0.0	0.060055835409545316	0.04275310763456164	0.0	0.0	0.021351192866282	0.022039730223151574	0.0	0.0	-1
ERS227112_00883_1-117	0.0	0.10091324104739902	0.0	0.0	0.060055835409545316	0.04275310763456164	0.0	0.0	0.021351192866282	0.022039730223151574	0.0	0.0	-1
SL1344_3391_1-117	0.021351192866282	0.07956204818111702	0.021351192866282	0.021351192866282	0.03870464254326332	0.02140191476827964	0.021351192866282	0.021351192866282	0.0	0.000688537356869575	0.021351192866282	0.021351192866282	-1
ENC_25180_1-117	0.022039730223151574	0.07887351082424744	0.022039730223151574	0.022039730223151574	0.03801610518639374	0.020713377411410064	0.022039730223151574	0.022039730223151574	0.000688537356869575	0.0	0.022039730223151574	0.022039730223151574	-1
BN373_43401_1-117	0.0	0.10091324104739902	0.0	0.0	0.060055835409545316	0.04275310763456164	0.0	0.0	0.021351192866282	0.022039730223151574	0.0	0.0	-1
STM_MW34171_1-117	0.0	0.10091324104739902	0.0	0.0	0.060055835409545316	0.04275310763456164	0.0	0.0	0.021351192866282	0.022039730223151574	0.0	0.0	-1
b3304_1-117	-1	-1	-1	-1	-1	-1	-1	-1	-1	-1	-1	-1	-1
