ETEC_2287_1-385	0.0	0.010182518585109546	0.1132370684329681	0.019761341121717346	-1	0.0838070699894986	0.00029434861480315266	0.17507097789839599	0.24406630531693219	0.25045966229137195	0.031127078788217077	0.07793784690557692	0.14334754487947776
ROD_22801_1-385	0.010182518585109546	0.0	0.12341958701807765	0.0095788225366078	-1	0.07362455140438906	0.009888169970306393	0.18525349648350553	0.23388378673182264	0.2402771437062624	0.020944560203107532	0.08812036549068647	0.13316502629436822
CS17_02402_1-385	0.1132370684329681	0.12341958701807765	0.0	0.13299840955468545	-1	0.1970441384224667	0.11353141704777125	0.06183390946542788	0.3573033737499003	0.36369673072434006	0.14436414722118518	0.03529922152739118	0.25658461331244586
SEN2185_1-380	0.019761341121717346	0.0095788225366078	0.13299840955468545	0.0	-1	0.06404572886778126	0.019466992506914194	0.19483231902011333	0.22430496419521484	0.2306983211696546	0.011365737666499731	0.09769918802729427	0.12358620375776042
b2152_1-385	-1	-1	-1	-1	-1	-1	-1	-1	-1	-1	-1	-1	-1
ENC_40170_1-385	0.0838070699894986	0.07362455140438906	0.1970441384224667	0.06404572886778126	-1	0.0	0.08351272137469545	0.2588780478878946	0.16025923532743358	0.16665259230187335	0.05267999120128153	0.16174491689507553	0.059540474889979156
BN373_31921_1-385	0.00029434861480315266	0.009888169970306393	0.11353141704777125	0.019466992506914194	-1	0.08351272137469545	0.0	0.17536532651319914	0.24377195670212903	0.2501653136765688	0.030832730173413925	0.07823219552038008	0.1430531962646746
SL1344_2169_1-380	0.17507097789839599	0.18525349648350553	0.06183390946542788	0.19483231902011333	-1	0.2588780478878946	0.17536532651319914	0.0	0.41913728321532817	0.42553064018976794	0.20619805668661306	0.09713313099281906	0.31841852277787375
STM_MW22241_1-381	0.24406630531693219	0.23388378673182264	0.3573033737499003	0.22430496419521484	-1	0.16025923532743358	0.24377195670212903	0.41913728321532817	0.0	0.006393356974439768	0.2129392265287151	0.3220041522225091	0.10071876043745442
NCTC13441_01557_1-385	0.25045966229137195	0.2402771437062624	0.36369673072434006	0.2306983211696546	-1	0.16665259230187335	0.2501653136765688	0.42553064018976794	0.006393356974439768	0.0	0.21933258350315488	0.3283975091969489	0.10711211741189419
STMMW_22241_1-380	0.031127078788217077	0.020944560203107532	0.14436414722118518	0.011365737666499731	-1	0.05267999120128153	0.030832730173413925	0.20619805668661306	0.2129392265287151	0.21933258350315488	0.0	0.109064925693794	0.11222046609126068
t0663_1-380	0.07793784690557692	0.08812036549068647	0.03529922152739118	0.09769918802729427	-1	0.16174491689507553	0.07823219552038008	0.09713313099281906	0.3220041522225091	0.3283975091969489	0.109064925693794	0.0	0.22128539178505469
ERS227112_03990_1-385	0.14334754487947776	0.13316502629436822	0.25658461331244586	0.12358620375776042	-1	0.059540474889979156	0.1430531962646746	0.31841852277787375	0.10071876043745442	0.10711211741189419	0.11222046609126068	0.22128539178505469	0.0
