ENC_23860_1-406	0.0	0.2914988077619966	0.3099066832780247	0.5859700790413684	0.18630093937286932	0.3408279902800768	0.361911212399368	-1	0.21007333309349768	0.4198163838623778	0.3679473175059104	0.4305229315828071	0.4178543141109519	0.6544212488333485
SL1344_0371_1-372	0.2914988077619966	0.0	0.02598143195480245	0.41562565385274824	0.12928350723183782	0.0696246993773714	0.09938219640104448	-1	0.1030797896561411	0.18111130581877144	0.10790173761377783	0.19622285091950667	0.17834198126022252	0.5122397041068594
NCTC13441_03601_1-406	0.3099066832780247	0.02598143195480245	0.0	0.40003777615855995	0.15190596854061805	0.04480742857927095	0.07535869115262699	-1	0.12638306107007719	0.1592678814894733	0.08410548663706174	0.1747825190913655	0.15642468665787287	0.49922895528362554
ROD_04181_1-406	0.5859700790413684	0.41562565385274824	0.40003777615855995	0.0	0.491175618858977	0.3718939596137441	0.3511405794866196	-1	0.475862838534052	0.2863812258007269	0.34494396997911136	0.27296471812396567	0.2887864137886233	0.16532904103522383
ETEC_0430_1-406	0.18630093937286932	0.12928350723183782	0.15190596854061805	0.491175618858977	0.0	0.18990688128374028	0.21581722472575193	-1	0.029215215883752674	0.2869801082350205	0.22323532977049693	0.3001379797854406	0.2845688116680641	0.5752990658483635
STMMW_04461_1-372	0.3408279902800768	0.0696246993773714	0.04480742857927095	0.3718939596137441	0.18990688128374028	0.0	0.031984401352614024	-1	0.16552758966682102	0.11982971427421885	0.041141503015815824	0.1360721328881075	0.11685314712255904	0.4757381289392354
BN373_08071_1-406	0.361911212399368	0.09938219640104448	0.07535869115262699	0.3511405794866196	0.21581722472575193	0.031984401352614024	0.0	-1	0.19221769015660062	0.09074782787007937	0.009459663331868899	0.10752691555893923	0.08767291135445815	0.4584158852467678
b0377_1-406	-1	-1	-1	-1	-1	-1	-1	-1	-1	-1	-1	-1	-1	-1
CS17_00409_1-406	0.21007333309349768	0.1030797896561411	0.12638306107007719	0.475862838534052	0.029215215883752674	0.16552758966682102	0.19221769015660062	-1	0.0	0.26552218016676454	0.1998590388531586	0.2790760303771367	0.26303831700120045	0.5625179328101415
t2488_1-406	0.4198163838623778	0.18111130581877144	0.1592678814894733	0.2863812258007269	0.2869801082350205	0.11982971427421885	0.09074782787007937	-1	0.26552218016676454	0.0	0.08206446676531974	0.018453722963954967	0.003370410189383169	0.4043631334038247
ERS227112_02669_1-406	0.3679473175059104	0.10790173761377783	0.08410548663706174	0.34494396997911136	0.22323532977049693	0.041141503015815824	0.009459663331868899	-1	0.1998590388531586	0.08206446676531974	0.0	0.09900379479440281	0.07896018478729927	0.4532437552468057
Ecoli9000q_44790_1-406	0.4305229315828071	0.19622285091950667	0.1747825190913655	0.27296471812396567	0.3001379797854406	0.1360721328881075	0.10752691555893923	-1	0.2790760303771367	0.018453722963954967	0.09900379479440281	0.0	0.021761936537428368	0.3931647640753041
SEN0359_1-372	0.4178543141109519	0.17834198126022252	0.15642468665787287	0.2887864137886233	0.2845688116680641	0.11685314712255904	0.08767291135445815	-1	0.26303831700120045	0.003370410189383169	0.07896018478729927	0.021761936537428368	0.0	0.40637067396817267
STM_MW04461_1-372	0.6544212488333485	0.5122397041068594	0.49922895528362554	0.16532904103522383	0.5752990658483635	0.4757381289392354	0.4584158852467678	-1	0.5625179328101415	0.4043631334038247	0.4532437552468057	0.3931647640753041	0.40637067396817267	0.0
