BN373_34421_1-299	0.0	0.6351474612344178	-1	0.1273656651784464	0.5406134392984141	0.11933815840969447	0.41727591598818276	0.1508782182760825	0.1272662049132772	0.14844784556076712	0.6326896586864292	0.470864054728957	0.6215182466006132	0.23068068492807461
BN373_07941_1-240	0.6351474612344178	0.0	-1	0.5818952747943484	0.2057831683008513	0.6786882913018041	0.3738845728604154	0.6901957622168742	0.5819429236960773	0.5715441070008845	0.006691351349376841	0.8069434070157337	0.0360102290569942	0.5257462907564315
b2440_1-295	-1	-1	-1	-1	-1	-1	-1	-1	-1	-1	-1	-1	-1	-1
ETEC_2553_1-295	0.1273656651784464	0.5818952747943484	-1	0.0	0.4735635049295573	0.23150423966111933	0.3322242080573423	0.2590271788228568	0.00011396403545863171	0.024159237771261718	0.5790787427718133	0.5382578063682294	0.5662768031276431	0.11839440144279362
STMMW_24761_1-298	0.5406134392984141	0.2057831683008513	-1	0.4735635049295573	0.0	0.5954357854507047	0.21165681442425194	0.6099248650770468	0.47362349975694823	0.4605303288744508	0.20043298447258473	0.756922057958353	0.1761148762790084	0.4028662069161272
ERS227112_03796_1-299	0.11933815840969447	0.6786882913018041	-1	0.23150423966111933	0.5954357854507047	0.0	0.4868171350351291	0.03581404164103756	0.23141664880083035	0.2500705114613529	0.676523798383627	0.39916103970676703	0.6666855620429681	0.3224898352177657
STM_MW24761_1-298	0.41727591598818276	0.3738845728604154	-1	0.3322242080573423	0.21165681442425194	0.4868171350351291	0.0	0.505196287530448	0.33230031048137365	0.31569184462277033	0.3696667918978238	0.6916597409742044	0.35049577701732415	0.24254588102037047
SEN2437_1-298	0.1508782182760825	0.6901957622168742	-1	0.2590271788228568	0.6099248650770468	0.03581404164103756	0.505196287530448	0.0	0.2589427249452856	0.27692851739171803	0.6881087885382005	0.3768432789501969	0.6786228992035203	0.34675421247150284
ROD_23971_1-298	0.1272662049132772	0.5819429236960773	-1	0.00011396403545863171	0.47362349975694823	0.23141664880083035	0.33230031048137365	0.2589427249452856	0.0	0.024270448522490332	0.5791267126568973	0.5382051783668022	0.5663262319734307	0.11849487277448813
NCTC13441_01281_1-295	0.14844784556076712	0.5715441070008845	-1	0.024159237771261718	0.4605303288744508	0.2500705114613529	0.31569184462277033	0.27692851739171803	0.024270448522490332	0.0	0.5686578450905884	0.5494131458132033	0.5555389632610043	0.09656817722627892
SL1344_2420_1-298	0.6326896586864292	0.006691351349376841	-1	0.5790787427718133	0.20043298447258473	0.676523798383627	0.3696667918978238	0.6881087885382005	0.5791267126568973	0.5686578450905884	0.0	0.8056428953412144	0.029516382191422656	0.5225515151933626
t0401_1-298	0.470864054728957	0.8069434070157337	-1	0.5382578063682294	0.756922057958353	0.39916103970676703	0.6916597409742044	0.3768432789501969	0.5382051783668022	0.5494131458132033	0.8056428953412144	0.0	0.7997316996471735	0.5929254970041453
ERS227112_02656_1-240	0.6215182466006132	0.0360102290569942	-1	0.5662768031276431	0.1761148762790084	0.6666855620429681	0.35049577701732415	0.6786228992035203	0.5663262319734307	0.5555389632610043	0.029516382191422656	0.7997316996471735	0.0	0.5080303510071085
CS17_02728_1-295	0.23068068492807461	0.5257462907564315	-1	0.11839440144279362	0.4028662069161272	0.3224898352177657	0.24254588102037047	0.34675421247150284	0.11849487277448813	0.09656817722627892	0.5225515151933626	0.5929254970041453	0.5080303510071085	0.0
