b1325_1-321	-1	-1	-1	-1	-1	-1	-1	-1	-1	-1	-1	-1	-1	-1
ENC_08860_1-321	-1	0.0	0.003996290358858068	0.12628576459621943	0.0753005138842261	0.3223443370126338	0.2952698038541665	0.3818205071837951	0.45717607703719076	0.20086802518735963	0.1872405712546164	0.4245173967857294	0.24387871634582126	0.03589236031701859
CS17_01511_1-321	-1	0.003996290358858068	0.0	0.12228947423736136	0.07130422352536803	0.31834804665377575	0.29127351349530844	0.37782421682493705	0.46117236739604883	0.19687173482850157	0.18324428089575834	0.42052110642687135	0.2398824259869632	0.03189606995816052
ETEC_1429_1-321	-1	0.12628576459621943	0.12228947423736136	0.0	0.050985250711993335	0.1960585724164144	0.16898403925794708	0.2555347425875757	0.5834618416334102	0.0745822605911402	0.060954806658396976	0.29823163218951	0.11759295174960183	0.09039340427920084
t1585_1-321	-1	0.0753005138842261	0.07130422352536803	0.050985250711993335	0.0	0.24704382312840772	0.21996928996994042	0.306519993299569	0.5324765909214169	0.12556751130313354	0.11194005737039031	0.3492168829015033	0.16857820246159516	0.039408153567207505
STMMW_16761_1-321	-1	0.3223443370126338	0.31834804665377575	0.1960585724164144	0.24704382312840772	0.0	0.027074533158467307	0.0594761701711613	0.7795204140498246	0.12147631182527419	0.1351037657580174	0.10217305977309563	0.07846562066681256	0.28645197669561523
ERS227112_05351_1-321	-1	0.2952698038541665	0.29127351349530844	0.16898403925794708	0.21996928996994042	0.027074533158467307	0.0	0.08655070332962861	0.7524458808913572	0.09440177866680688	0.1080292325995501	0.12924759293156293	0.05139108750834526	0.2593774435371479
NCTC13441_02440_1-321	-1	0.3818205071837951	0.37782421682493705	0.2555347425875757	0.306519993299569	0.0594761701711613	0.08655070332962861	0.0	0.8389965842209859	0.1809524819964355	0.19457993592917872	0.042696889601934324	0.13794179083797387	0.34592814686677653
ROD_16771_1-321	-1	0.45717607703719076	0.46117236739604883	0.5834618416334102	0.5324765909214169	0.7795204140498246	0.7524458808913572	0.8389965842209859	0.0	0.6580441022245505	0.6444166482918072	0.8816934738229202	0.701054793383012	0.49306843735420935
Ecoli9000q_3620_1-304	-1	0.20086802518735963	0.19687173482850157	0.0745822605911402	0.12556751130313354	0.12147631182527419	0.09440177866680688	0.1809524819964355	0.6580441022245505	0.0	0.013627453932743228	0.2236493715983698	0.04301069115846162	0.16497566487034104
SEN1352_1-321	-1	0.1872405712546164	0.18324428089575834	0.060954806658396976	0.11194005737039031	0.1351037657580174	0.1080292325995501	0.19457993592917872	0.6444166482918072	0.013627453932743228	0.0	0.23727682553111304	0.05663814509120485	0.15134821093759782
STM_MW16761_1-321	-1	0.4245173967857294	0.42052110642687135	0.29823163218951	0.3492168829015033	0.10217305977309563	0.12924759293156293	0.042696889601934324	0.8816934738229202	0.2236493715983698	0.23727682553111304	0.0	0.1806386804399082	0.3886250364687108
BN373_19351_1-321	-1	0.24387871634582126	0.2398824259869632	0.11759295174960183	0.16857820246159516	0.07846562066681256	0.05139108750834526	0.13794179083797387	0.701054793383012	0.04301069115846162	0.05663814509120485	0.1806386804399082	0.0	0.20798635602880267
SL1344_1611_1-321	-1	0.03589236031701859	0.03189606995816052	0.09039340427920084	0.039408153567207505	0.28645197669561523	0.2593774435371479	0.34592814686677653	0.49306843735420935	0.16497566487034104	0.15134821093759782	0.3886250364687108	0.20798635602880267	0.0
