ENC_38920_1-422	0.0	0.0174225260044008	0.030735380041581994	0.0335323665871709	0.0335323665871709	0.005919365072771604	0.0335323665871709	0.001868303351523	0.004376896091847202	0.039034143885717895	0.0031868206292458984	0.017170691647563296	0.0335323665871709
SEN2347_1-422	0.0174225260044008	0.0	0.013312854037181195	0.0509548925915717	0.0509548925915717	0.023341891077172404	0.0509548925915717	0.0155542226528778	0.021799422096248	0.021611617881317095	0.014235705375154901	0.0002518343568375034	0.0509548925915717
SL1344_2334_1-422	0.030735380041581994	0.013312854037181195	0.0	0.0642677466287529	0.0642677466287529	0.0366547451143536	0.0642677466287529	0.028867076690058995	0.035112276133429196	0.0082987638441359	0.027548559412336096	0.013564688394018698	0.0642677466287529
b2315_1-422	0.0335323665871709	0.0509548925915717	0.0642677466287529	0.0	0.0	0.0276130015143993	0.0	0.0354006699386939	0.0291554704953237	0.0725665104728888	0.0367191872164168	0.0507030582347342	0.0
STM_MW23871_1-422	0.0335323665871709	0.0509548925915717	0.0642677466287529	0.0	0.0	0.0276130015143993	0.0	0.0354006699386939	0.0291554704953237	0.0725665104728888	0.0367191872164168	0.0507030582347342	0.0
BN373_33151_1-422	0.005919365072771604	0.023341891077172404	0.0366547451143536	0.0276130015143993	0.0276130015143993	0.0	0.0276130015143993	0.007787668424294604	0.0015424689809244024	0.0449535089584895	0.009106185702017502	0.0230900567203349	0.0276130015143993
t0499_1-422	0.0335323665871709	0.0509548925915717	0.0642677466287529	0.0	0.0	0.0276130015143993	0.0	0.0354006699386939	0.0291554704953237	0.0725665104728888	0.0367191872164168	0.0507030582347342	0.0
ROD_27271_1-422	0.001868303351523	0.0155542226528778	0.028867076690058995	0.0354006699386939	0.0354006699386939	0.007787668424294604	0.0354006699386939	0.0	0.0062451994433702016	0.037165840534194895	0.0013185172777228985	0.015302388296040297	0.0354006699386939
NCTC13441_01396_1-422	0.004376896091847202	0.021799422096248	0.035112276133429196	0.0291554704953237	0.0291554704953237	0.0015424689809244024	0.0291554704953237	0.0062451994433702016	0.0	0.0434110399775651	0.0075637167210931	0.021547587739410498	0.0291554704953237
ETEC_2451_1-422	0.039034143885717895	0.021611617881317095	0.0082987638441359	0.0725665104728888	0.0725665104728888	0.0449535089584895	0.0725665104728888	0.037165840534194895	0.0434110399775651	0.0	0.035847323256472	0.0218634522381546	0.0725665104728888
STMMW_23871_1-422	0.0031868206292458984	0.014235705375154901	0.027548559412336096	0.0367191872164168	0.0367191872164168	0.009106185702017502	0.0367191872164168	0.0013185172777228985	0.0075637167210931	0.035847323256472	0.0	0.013983871018317398	0.0367191872164168
CS17_02562_1-422	0.017170691647563296	0.0002518343568375034	0.013564688394018698	0.0507030582347342	0.0507030582347342	0.0230900567203349	0.0507030582347342	0.015302388296040297	0.021547587739410498	0.0218634522381546	0.013983871018317398	0.0	0.0507030582347342
ERS227112_03874_1-422	0.0335323665871709	0.0509548925915717	0.0642677466287529	0.0	0.0	0.0276130015143993	0.0	0.0354006699386939	0.0291554704953237	0.0725665104728888	0.0367191872164168	0.0507030582347342	0.0
