t2516_1-164	0.0	0.3102373606698259	0.7050260119312703	0.9386915189020575	0.30301394827177086	2.048595541497812	1.6042237154785859	0.6283487343744762	0.6858579804233012	0.3458499641937771	2.4514860808261094
STM_MW04121_1-166	0.3102373606698259	0.0	0.39478865126144447	0.6284541582322316	0.007223412398055018	1.7383581808279862	1.29398635480876	0.31811137370465037	0.37562061975347527	0.035612603523951236	2.141248720156283
ROD_29331_1-168	0.7050260119312703	0.39478865126144447	0.0	0.23366550697078714	0.4020120636594995	1.3435695295665417	0.8991977035473155	0.0766772775567941	0.019168031507969197	0.35917604773749323	1.7464600688948388
SEN0328_1-162	0.9386915189020575	0.6284541582322316	0.23366550697078714	0.0	0.6356775706302866	1.1099040225957548	0.6655321965765284	0.31034278452758124	0.25283353847875634	0.5928415547082804	1.5127945619240517
STMMW_04151_1-162	0.30301394827177086	0.007223412398055018	0.4020120636594995	0.6356775706302866	0.0	1.7455815932260412	1.301209767206815	0.3253347861027054	0.3828440321515303	0.042836015922006254	2.148472132554338
SL1344_0337_1-165	2.048595541497812	1.7383581808279862	1.3435695295665417	1.1099040225957548	1.7455815932260412	0.0	0.4443718260192263	1.4202468071233358	1.362737561074511	1.702745577304035	0.402890539328297
STMMW_04121_1-165	1.6042237154785859	1.29398635480876	0.8991977035473155	0.6655321965765284	1.301209767206815	0.4443718260192263	0.0	0.9758749811041096	0.9183657350552847	1.2583737512848088	0.8472623653475233
ROD_29301_1-162	0.6283487343744762	0.31811137370465037	0.0766772775567941	0.31034278452758124	0.3253347861027054	1.4202468071233358	0.9758749811041096	0.0	0.0575092460488249	0.28249877018069913	1.823137346451633
SEN0325_1-165	0.6858579804233012	0.37562061975347527	0.019168031507969197	0.25283353847875634	0.3828440321515303	1.362737561074511	0.9183657350552847	0.0575092460488249	0.0	0.34000801622952403	1.765628100402808
STM_MW04151_1-163	0.3458499641937771	0.035612603523951236	0.35917604773749323	0.5928415547082804	0.042836015922006254	1.702745577304035	1.2583737512848088	0.28249877018069913	0.34000801622952403	0.0	2.105636116632332
SL1344_0340_1-162	2.4514860808261094	2.141248720156283	1.7464600688948388	1.5127945619240517	2.148472132554338	0.402890539328297	0.8472623653475233	1.823137346451633	1.765628100402808	2.105636116632332	0.0
