SL1344_0088_1-159	0.0	0.629134653555937	0.669266107143428	1.00538509960783	0.0	0.615431949014611	0.0390542576269156	0.6306277435547	0.428544354539551	0.0	0.0866766504642242	0.0	0.0
ERS227112_05569_7-163	0.629134653555937	0.0	0.04013145358749104	0.37625044605189295	0.629134653555937	0.01370270454132605	0.5900803959290214	0.0014930899987629642	0.20059029901638603	0.629134653555937	0.5424580030917128	0.629134653555937	0.629134653555937
STMMW_00921_1-159	0.669266107143428	0.04013145358749104	0.0	0.3361189924644019	0.669266107143428	0.05383415812881709	0.6302118495165124	0.038638363588728075	0.24072175260387707	0.669266107143428	0.5825894566792038	0.669266107143428	0.669266107143428
ERS227112_02381_1-159	1.00538509960783	0.37625044605189295	0.3361189924644019	0.0	1.00538509960783	0.389953150593219	0.9663308419809143	0.37475735605313	0.576840745068279	1.00538509960783	0.9187084491436057	1.00538509960783	1.00538509960783
BN373_05321_1-159	0.0	0.629134653555937	0.669266107143428	1.00538509960783	0.0	0.615431949014611	0.0390542576269156	0.6306277435547	0.428544354539551	0.0	0.0866766504642242	0.0	0.0
STM_MW00921_1-159	0.615431949014611	0.01370270454132605	0.05383415812881709	0.389953150593219	0.615431949014611	0.0	0.5763776913876953	0.015195794540089014	0.18688759447505998	0.615431949014611	0.5287552985503867	0.615431949014611	0.615431949014611
SEN0089_1-159	0.0390542576269156	0.5900803959290214	0.6302118495165124	0.9663308419809143	0.0390542576269156	0.5763776913876953	0.0	0.5915734859277844	0.38949009691263536	0.0390542576269156	0.0476223928373086	0.0390542576269156	0.0390542576269156
NCTC13441_03942_38-196	0.6306277435547	0.0014930899987629642	0.038638363588728075	0.37475735605313	0.6306277435547	0.015195794540089014	0.5915734859277844	0.0	0.202083389015149	0.6306277435547	0.5439510930904757	0.6306277435547	0.6306277435547
t0090_1-159	0.428544354539551	0.20059029901638603	0.24072175260387707	0.576840745068279	0.428544354539551	0.18688759447505998	0.38949009691263536	0.202083389015149	0.0	0.428544354539551	0.3418677040753268	0.428544354539551	0.428544354539551
ETEC_0048_1-159	0.0	0.629134653555937	0.669266107143428	1.00538509960783	0.0	0.615431949014611	0.0390542576269156	0.6306277435547	0.428544354539551	0.0	0.0866766504642242	0.0	0.0
CS17_00049_38-196	0.0866766504642242	0.5424580030917128	0.5825894566792038	0.9187084491436057	0.0866766504642242	0.5287552985503867	0.0476223928373086	0.5439510930904757	0.3418677040753268	0.0866766504642242	0.0	0.0866766504642242	0.0866766504642242
ROD_00551_1-159	0.0	0.629134653555937	0.669266107143428	1.00538509960783	0.0	0.615431949014611	0.0390542576269156	0.6306277435547	0.428544354539551	0.0	0.0866766504642242	0.0	0.0
b0048_1-159	0.0	0.629134653555937	0.669266107143428	1.00538509960783	0.0	0.615431949014611	0.0390542576269156	0.6306277435547	0.428544354539551	0.0	0.0866766504642242	0.0	0.0
