Ecoli9000q_45660_1-428	0.0	0.06324764270145711	0.7702018057713103	0.421484652027411	0.30141874973947796	-1	0.5928598598884129	0.10036898311414455	0.36223627610335224	1.4326349729266432	0.5224345902956267	0.2902804298727429	0.44210507625102596	0.22151831268734895	0.28646815146759647
STM_MW05341_1-428	0.06324764270145711	0.0	0.7069541630698533	0.35823700932595387	0.23817110703802086	-1	0.529612217186956	0.03712134041268744	0.29898863340189513	1.3693873302251862	0.4591869475941695	0.22703278717128578	0.37885743354956886	0.15827066998589184	0.22322050876613936
BN373_09031_1-428	0.7702018057713103	0.7069541630698533	0.0	0.34871715374389933	0.46878305603183235	-1	0.1773419458828973	0.6698328226571657	0.40796552966795807	0.662433167155333	0.2477672154756837	0.4799213758985674	0.32809672952028435	0.5486834930839614	0.48373365430371384
STMMW_05341_1-428	0.421484652027411	0.35823700932595387	0.34871715374389933	0.0	0.12006590228793301	-1	0.17137520786100202	0.3211156689132664	0.05924837592405874	1.0111503208992323	0.10094993826821563	0.1312042221546681	0.020620424223614986	0.19996633934006203	0.1350165005598145
ETEC_0504_1-428	0.30141874973947796	0.23817110703802086	0.46878305603183235	0.12006590228793301	0.0	-1	0.29144111014893503	0.20104976662533341	0.060817526363874275	1.1312162231871654	0.22101584055614865	0.01113831986673508	0.140686326511548	0.07990043705212901	0.014950598271881499
b0451_1-428	-1	-1	-1	-1	-1	-1	-1	-1	-1	-1	-1	-1	-1	-1	-1
SL1344_0457_1-428	0.5928598598884129	0.529612217186956	0.1773419458828973	0.17137520786100202	0.29144111014893503	-1	0.0	0.49249087677426845	0.23062358378506076	0.8397751130382303	0.07042526959278639	0.3025794300156701	0.15075478363738704	0.37134154720106405	0.30639170842081653
NCTC13441_03527_1-428	0.10036898311414455	0.03712134041268744	0.6698328226571657	0.3211156689132664	0.20104976662533341	-1	0.49249087677426845	0.0	0.2618672929892077	1.3322659898124987	0.42206560718148206	0.18991144675859833	0.3417360931368814	0.1211493295732044	0.18609916835345192
ERS227112_02766_1-428	0.36223627610335224	0.29898863340189513	0.40796552966795807	0.05924837592405874	0.060817526363874275	-1	0.23062358378506076	0.2618672929892077	0.0	1.070398696823291	0.16019831419227437	0.07195584623060935	0.07986880014767372	0.1407179634160033	0.07576812463575577
BN373_39551_1-396	1.4326349729266432	1.3693873302251862	0.662433167155333	1.0111503208992323	1.1312162231871654	-1	0.8397751130382303	1.3322659898124987	1.070398696823291	0.0	0.9102003826310167	1.1423545430539004	0.9905298966756173	1.2111166602392944	1.1461668214590468
ENC_22910_1-428	0.5224345902956267	0.4591869475941695	0.2477672154756837	0.10094993826821563	0.22101584055614865	-1	0.07042526959278639	0.42206560718148206	0.16019831419227437	0.9102003826310167	0.0	0.23215416042288373	0.08032951404460065	0.30091627760827766	0.23596643882803015
SEN0445_1-428	0.2902804298727429	0.22703278717128578	0.4799213758985674	0.1312042221546681	0.01113831986673508	-1	0.3025794300156701	0.18991144675859833	0.07195584623060935	1.1423545430539004	0.23215416042288373	0.0	0.15182464637828308	0.06876211718539393	0.0038122784051464187
CS17_00483_1-428	0.44210507625102596	0.37885743354956886	0.32809672952028435	0.020620424223614986	0.140686326511548	-1	0.15075478363738704	0.3417360931368814	0.07986880014767372	0.9905298966756173	0.08032951404460065	0.15182464637828308	0.0	0.220586763563677	0.1556369247834295
ROD_05061_1-428	0.22151831268734895	0.15827066998589184	0.5486834930839614	0.19996633934006203	0.07990043705212901	-1	0.37134154720106405	0.1211493295732044	0.1407179634160033	1.2111166602392944	0.30091627760827766	0.06876211718539393	0.220586763563677	0.0	0.06494983878024752
t2396_1-428	0.28646815146759647	0.22322050876613936	0.48373365430371384	0.1350165005598145	0.014950598271881499	-1	0.30639170842081653	0.18609916835345192	0.07576812463575577	1.1461668214590468	0.23596643882803015	0.0038122784051464187	0.1556369247834295	0.06494983878024752	0.0
