STMMW_07111_1-343	0.0	0.03983160427772971	0.06543198449751769	0.008788886568509298	-1	0.0351489522816354	0.00033015948358240677	0.037795832433789894	0.0333652490107692	0.050191191951885705	0.06331032641157971	0.010060993708226995	0.0319488866712489
SL1344_0634_1-343	0.03983160427772971	0.0	0.025600380219787985	0.048620490846239005	-1	0.07498055655936511	0.0395014447941473	0.0776274367115196	0.0731968532884989	0.010359587674155998	0.023478722133850008	0.0498925979859567	0.007882717606480807
CS17_00646_1-343	0.06543198449751769	0.025600380219787985	0.0	0.07422087106602698	-1	0.10058093677915309	0.06510182501393529	0.10322781693130759	0.0987972335082869	0.015240792545631987	0.0021216580859379774	0.07549297820574469	0.03348309782626879
t2221_1-343	0.008788886568509298	0.048620490846239005	0.07422087106602698	0.0	-1	0.026360065713126102	0.009119046052091705	0.0290069458652806	0.0245763624422599	0.058980078520395	0.072099212980089	0.0012721071397176972	0.0407377732397582
b0640_1-343	-1	-1	-1	-1	-1	-1	-1	-1	-1	-1	-1	-1	-1
STM_MW07111_1-343	0.0351489522816354	0.07498055655936511	0.10058093677915309	0.026360065713126102	-1	0.0	0.035479111765217806	0.002646880152154498	0.001783703270866202	0.0853401442335211	0.09845927869321511	0.025087958573408405	0.06709783895288429
BN373_12521_2-344	0.00033015948358240677	0.0395014447941473	0.06510182501393529	0.009119046052091705	-1	0.035479111765217806	0.0	0.0381259919173723	0.033695408494351604	0.0498610324683033	0.06298016692799731	0.010391153191809402	0.03161872718766649
NCTC13441_03355_1-343	0.037795832433789894	0.0776274367115196	0.10322781693130759	0.0290069458652806	-1	0.002646880152154498	0.0381259919173723	0.0	0.0044305834230207	0.0879870243856756	0.10110615884536961	0.027734838725562903	0.0697447191050388
ROD_06601_1-343	0.0333652490107692	0.0731968532884989	0.0987972335082869	0.0245763624422599	-1	0.001783703270866202	0.033695408494351604	0.0044305834230207	0.0	0.08355644096265491	0.09667557542234892	0.023304255302542203	0.0653141356820181
SEN0615_1-343	0.050191191951885705	0.010359587674155998	0.015240792545631987	0.058980078520395	-1	0.0853401442335211	0.0498610324683033	0.0879870243856756	0.08355644096265491	0.0	0.01311913445969401	0.0602521856601127	0.018242305280636806
ENC_20700_1-343	0.06331032641157971	0.023478722133850008	0.0021216580859379774	0.072099212980089	-1	0.09845927869321511	0.06298016692799731	0.10110615884536961	0.09667557542234892	0.01311913445969401	0.0	0.07337132011980671	0.031361439740330815
ERS227112_03114_2-344	0.010060993708226995	0.0498925979859567	0.07549297820574469	0.0012721071397176972	-1	0.025087958573408405	0.010391153191809402	0.027734838725562903	0.023304255302542203	0.0602521856601127	0.07337132011980671	0.0	0.042009880379475895
ETEC_0668_1-343	0.0319488866712489	0.007882717606480807	0.03348309782626879	0.0407377732397582	-1	0.06709783895288429	0.03161872718766649	0.0697447191050388	0.0653141356820181	0.018242305280636806	0.031361439740330815	0.042009880379475895	0.0
