SEN0370_1-151	0.0	0.0654707624179991	0.19760386327703966	0.33721615514879427	0.09152655998082088	0.006472105647945259	0.42733450528348177	0.3076059587040989	-1	0.17997856869243706	0.15074827495604443	0.8288991226600508	0.06560326881404921	0.23033052536439041
Ecoli9000q_44910_1-153	0.0654707624179991	0.0	0.13213310085904056	0.40268691756679337	0.15699732239881997	0.05899865677005384	0.49280526770148086	0.2421351962860998	-1	0.24544933111043615	0.21621903737404352	0.8943698850780499	0.00013250639605011383	0.2958012877823895
t2477_1-151	0.19760386327703966	0.13213310085904056	0.0	0.5348200184258339	0.28913042325786054	0.1911317576290944	0.6249383685605214	0.11000209542705924	-1	0.3775824319694767	0.3483521382330841	1.0265029859370904	0.13200059446299045	0.4279343886414301
ETEC_0440_1-154	0.33721615514879427	0.40268691756679337	0.5348200184258339	0.0	0.2456895951679734	0.34368826079673953	0.0901183501346875	0.6448221138528931	-1	0.15723758645635721	0.18646788019274985	0.4916829675112565	0.4028194239628435	0.10688562978440386
SL1344_0382_1-151	0.09152655998082088	0.15699732239881997	0.28913042325786054	0.2456895951679734	0.0	0.09799866562876614	0.3358079453026609	0.3991325186849198	-1	0.08845200871161618	0.05922171497522355	0.7373725626792299	0.15712982879487009	0.13880396538356954
ROD_04311_1-154	0.006472105647945259	0.05899865677005384	0.1911317576290944	0.34368826079673953	0.09799866562876614	0.0	0.43380661093142703	0.30113385305615364	-1	0.18645067434038232	0.15722038060398968	0.835371228307996	0.05913116316610395	0.23680263101233567
ENC_23740_1-152	0.42733450528348177	0.49280526770148086	0.6249383685605214	0.0901183501346875	0.3358079453026609	0.43380661093142703	0.0	0.7349404639875807	-1	0.2473559365910447	0.27658623032743734	0.401564617376569	0.492937774097531	0.19700397991909135
STM_MW04571_1-152	0.3076059587040989	0.2421351962860998	0.11000209542705924	0.6448221138528931	0.3991325186849198	0.30113385305615364	0.7349404639875807	0.0	-1	0.48758452739653596	0.45835423366014333	1.1365050813641497	0.2420026898900497	0.5379364840684893
b0387_1-152	-1	-1	-1	-1	-1	-1	-1	-1	-1	-1	-1	-1	-1	-1
ERS227112_02680_1-153	0.17997856869243706	0.24544933111043615	0.3775824319694767	0.15723758645635721	0.08845200871161618	0.18645067434038232	0.2473559365910447	0.48758452739653596	-1	0.0	0.029230293736392632	0.6489205539676137	0.24558183750648627	0.05035195667195336
NCTC13441_03591_1-153	0.15074827495604443	0.21621903737404352	0.3483521382330841	0.18646788019274985	0.05922171497522355	0.15722038060398968	0.27658623032743734	0.45835423366014333	-1	0.029230293736392632	0.0	0.6781508477040064	0.21635154377009364	0.07958225040834599
CS17_00419_1-154	0.8288991226600508	0.8943698850780499	1.0265029859370904	0.4916829675112565	0.7373725626792299	0.835371228307996	0.401564617376569	1.1365050813641497	-1	0.6489205539676137	0.6781508477040064	0.0	0.8945023914740999	0.5985685972956604
STMMW_04571_1-151	0.06560326881404921	0.00013250639605011383	0.13200059446299045	0.4028194239628435	0.15712982879487009	0.05913116316610395	0.492937774097531	0.2420026898900497	-1	0.24558183750648627	0.21635154377009364	0.8945023914740999	0.0	0.2959337941784396
BN373_08181_1-152	0.23033052536439041	0.2958012877823895	0.4279343886414301	0.10688562978440386	0.13880396538356954	0.23680263101233567	0.19700397991909135	0.5379364840684893	-1	0.05035195667195336	0.07958225040834599	0.5985685972956604	0.2959337941784396	0.0
