ENC_30050_1-201	0.0	0.2660033364584765	0.09245436367652024	0.17960308012404108	0.42105074480711324	0.2992822883674368	0.3895071005821116	0.38110911914938383	0.09387251507170342	0.2499928265873109	0.31996319598892276	0.47709225090300594	-1
ERS227112_01548_1-201	0.2660033364584765	0.0	0.19122892098849514	0.10531518858883432	0.2112372113526173	0.045339377632031504	0.16826202387314837	0.15682058026738646	0.18996313901723672	0.02134714231907201	0.5008552547704284	0.2875883841569912	-1
BN373_37561_1-201	0.09245436367652024	0.19122892098849514	0.0	0.09602681447576056	0.36207146834153275	0.22789809835766334	0.32731437959304094	0.3180608709025596	0.001562622680803355	0.17358737302620741	0.3828355659803814	0.4238220887543201	-1
STMMW_28961_1-201	0.17960308012404108	0.10531518858883432	0.09602681447576056	0.0	0.2943059131908713	0.14587964111504806	0.25585666568544313	0.24562017987075055	0.09461203470626617	0.08579962303358293	0.4420999005870211	0.36261614783237384	-1
NCTC13441_01023_1-201	0.42105074480711324	0.2112372113526173	0.36207146834153275	0.2943059131908713	0.0	0.17377676404949846	0.05166914186074704	0.06453742799188254	0.36107306662406335	0.2280750428578611	0.6062931988140358	0.096798649610874	-1
ROD_30591_1-201	0.2992822883674368	0.045339377632031504	0.22789809835766334	0.14587964111504806	0.17377676404949846	0.0	0.1287605703650119	0.1167757421049102	0.22668970615319964	0.06571865380413439	0.5234861668674361	0.25375405756663355	-1
SEN2772_1-201	0.3895071005821116	0.16826202387314837	0.32731437959304094	0.25585666568544313	0.05166914186074704	0.1287605703650119	0.0	0.013569405678082366	0.3262615806580486	0.1860172528217052	0.584842359808403	0.14346628831294805	-1
t2834_1-201	0.38110911914938383	0.15682058026738646	0.3180608709025596	0.24562017987075055	0.06453742799188254	0.1167757421049102	0.013569405678082366	0.0	0.3169935895945259	0.17482005134093112	0.5791314233547465	0.1550889417237833	-1
ETEC_2941_1-201	0.09387251507170342	0.18996313901723672	0.001562622680803355	0.09461203470626617	0.36107306662406335	0.22668970615319964	0.3262615806580486	0.3169935895945259	0.0	0.1722939808276112	0.3837999611227656	0.4229203309748709	-1
SL1344_2912_1-201	0.2499928265873109	0.02134714231907201	0.17358737302620741	0.08579962303358293	0.2280750428578611	0.06571865380413439	0.1860172528217052	0.17482005134093112	0.1722939808276112	0.0	0.4899675188070531	0.30279633631015196	-1
CS17_03075_1-201	0.31996319598892276	0.5008552547704284	0.3828355659803814	0.4420999005870211	0.6062931988140358	0.5234861668674361	0.584842359808403	0.5791314233547465	0.3837999611227656	0.4899675188070531	0.0	0.644403485511454	-1
STM_MW28961_1-201	0.47709225090300594	0.2875883841569912	0.4238220887543201	0.36261614783237384	0.096798649610874	0.25375405756663355	0.14346628831294805	0.1550889417237833	0.4229203309748709	0.30279633631015196	0.644403485511454	0.0	-1
b2750_1-201	-1	-1	-1	-1	-1	-1	-1	-1	-1	-1	-1	-1	-1
