ETEC_3851_1-339	0.0	0.01779427975741479	0.0386514434100278	0.0267954006191603	0.1285861424993027	0.0267954006191603	0.0615322431251836	0.8372957329170277	0.6469556451153506	0.003964263436125801	0.0267954006191603	0.0316257197579166	0.1972866567699447
ERS227112_00626_1-339	0.01779427975741479	0.0	0.05644572316744259	0.00900112086174551	0.1463804222567175	0.00900112086174551	0.0793265228825984	0.8550900126744425	0.6647499248727654	0.013830016321288989	0.00900112086174551	0.04941999951533139	0.2150809365273595
SEN3522_1-339	0.0386514434100278	0.05644572316744259	0.0	0.0654468440291881	0.0899346990892749	0.0654468440291881	0.022880799715155803	0.798644289507	0.6083042017053228	0.0426157068461536	0.0654468440291881	0.007025723652111203	0.1586352133599169
b3608_1-339	0.0267954006191603	0.00900112086174551	0.0654468440291881	0.0	0.155381543118463	0.0	0.0883276437443439	0.864091133536188	0.673751045734511	0.0228311371830345	0.0	0.0584211203770769	0.224082057389105
STMMW_36881_1-339	0.1285861424993027	0.1463804222567175	0.0899346990892749	0.155381543118463	0.0	0.155381543118463	0.0670538993741191	0.7087095904177251	0.518369502616048	0.1325504059354285	0.155381543118463	0.09696042274138611	0.068700514270642
NCTC13441_00075_1-339	0.0267954006191603	0.00900112086174551	0.0654468440291881	0.0	0.155381543118463	0.0	0.0883276437443439	0.864091133536188	0.673751045734511	0.0228311371830345	0.0	0.0584211203770769	0.224082057389105
ENC_02260_1-339	0.0615322431251836	0.0793265228825984	0.022880799715155803	0.0883276437443439	0.0670538993741191	0.0883276437443439	0.0	0.7757634897918442	0.5854234019901671	0.0654965065613094	0.0883276437443439	0.029906523367267006	0.1357544136447611
SL1344_3666_1-339	0.8372957329170277	0.8550900126744425	0.798644289507	0.864091133536188	0.7087095904177251	0.864091133536188	0.7757634897918442	0.0	0.1903400878016771	0.8412599963531535	0.864091133536188	0.8056700131591111	0.640009076147083
t3819_1-339	0.6469556451153506	0.6647499248727654	0.6083042017053228	0.673751045734511	0.518369502616048	0.673751045734511	0.5854234019901671	0.1903400878016771	0.0	0.6509199085514764	0.673751045734511	0.615329925357434	0.4496689883454059
CS17_04057_1-339	0.003964263436125801	0.013830016321288989	0.0426157068461536	0.0228311371830345	0.1325504059354285	0.0228311371830345	0.0654965065613094	0.8412599963531535	0.6509199085514764	0.0	0.0228311371830345	0.0355899831940424	0.2012509202060705
ROD_42081_1-339	0.0267954006191603	0.00900112086174551	0.0654468440291881	0.0	0.155381543118463	0.0	0.0883276437443439	0.864091133536188	0.673751045734511	0.0228311371830345	0.0	0.0584211203770769	0.224082057389105
STM_MW36881_1-339	0.0316257197579166	0.04941999951533139	0.007025723652111203	0.0584211203770769	0.09696042274138611	0.0584211203770769	0.029906523367267006	0.8056700131591111	0.615329925357434	0.0355899831940424	0.0584211203770769	0.0	0.1656609370120281
BN373_45941_1-339	0.1972866567699447	0.2150809365273595	0.1586352133599169	0.224082057389105	0.068700514270642	0.224082057389105	0.1357544136447611	0.640009076147083	0.4496689883454059	0.2012509202060705	0.224082057389105	0.1656609370120281	0.0
