BN373_35431_1-211	0.0	0.24106180814463463	0.10596607676210668	-1	0.016982928856349333	0.23530641481772452	0.23808484637727467	0.06402552100590586	0.22155952349978703	0.1905733835622756	0.02351854779535889	0.011394621353590484
ROD_25041_1-211	0.24106180814463463	0.0	0.3470278849067413	-1	0.25804473700098396	0.005755393326910108	0.0029769617673599535	0.3050873291505405	0.46262133164442165	0.4316351917069102	0.2645803559399935	0.2524564294982251
STMMW_25851_1-211	0.10596607676210668	0.3470278849067413	0.0	-1	0.08898314790575734	0.3412724915798312	0.34405092313938135	0.041940555756200815	0.11559344673768035	0.08460730680016892	0.08244752896674779	0.09457145540851619
b2560_1-211	-1	-1	-1	-1	-1	-1	-1	-1	-1	-1	-1	-1
SEN2549_1-211	0.016982928856349333	0.25804473700098396	0.08898314790575734	-1	0.0	0.25228934367407385	0.255067775233624	0.04704259214955653	0.2045765946434377	0.17359045470592627	0.006535618939009558	0.005588307502758849
ETEC_2717_1-211	0.23530641481772452	0.005755393326910108	0.3412724915798312	-1	0.25228934367407385	0.0	0.002778431559550154	0.2993319358236304	0.45686593831751154	0.4258797983800001	0.2588249626130834	0.246701036171315
CS17_02849_1-211	0.23808484637727467	0.0029769617673599535	0.34405092313938135	-1	0.255067775233624	0.002778431559550154	0.0	0.30211036738318053	0.4596443698770617	0.4286582299395503	0.26160339417263356	0.24947946773086516
NCTC13441_01179_1-211	0.06402552100590586	0.3050873291505405	0.041940555756200815	-1	0.04704259214955653	0.2993319358236304	0.30211036738318053	0.0	0.15753400249388116	0.12654786255636974	0.04050697321054697	0.05263089965231538
STM_MW25851_1-211	0.22155952349978703	0.46262133164442165	0.11559344673768035	-1	0.2045765946434377	0.45686593831751154	0.4596443698770617	0.15753400249388116	0.0	0.030986139937511425	0.19804097570442813	0.21016490214619654
t0288_1-211	0.1905733835622756	0.4316351917069102	0.08460730680016892	-1	0.17359045470592627	0.4258797983800001	0.4286582299395503	0.12654786255636974	0.030986139937511425	0.0	0.1670548357669167	0.17917876220868512
SL1344_2531_1-211	0.02351854779535889	0.2645803559399935	0.08244752896674779	-1	0.006535618939009558	0.2588249626130834	0.26160339417263356	0.04050697321054697	0.19804097570442813	0.1670548357669167	0.0	0.012123926441768407
ERS227112_00028_1-211	0.011394621353590484	0.2524564294982251	0.09457145540851619	-1	0.005588307502758849	0.246701036171315	0.24947946773086516	0.05263089965231538	0.21016490214619654	0.17917876220868512	0.012123926441768407	0.0
