CS17_01437_1-179	0.0	0.3399049001445974	0.3841593019825809	0.1807478397869987	0.005296714494194665	0.6768748406838985	-1	0.15058866893099487	0.054944664828359024	0.6567218300283942	0.09728047632594405	0.0773682675452968	0.02024351070123842	0.05153800203434822
ERS227112_05488_1-179	0.3399049001445974	0.0	0.044254401837983515	0.5206527399315961	0.34520161463879206	0.33696994053930107	-1	0.18931623121360253	0.3948495649729564	0.9966267301729916	0.43718537647054145	0.4172731676898942	0.319661389443359	0.2883668981102492
NCTC13441_02580_1-179	0.3841593019825809	0.044254401837983515	0.0	0.5649071417695797	0.3894560164767756	0.2927155387013176	-1	0.23357063305158604	0.43910396681093994	1.0408811320109752	0.48143977830852497	0.4615275695278777	0.3639157912813425	0.3326212999482327
t1647_1-179	0.1807478397869987	0.5206527399315961	0.5649071417695797	0.0	0.17545112529280404	0.8576226804708972	-1	0.3313365087179936	0.12580317495863969	0.47597399024139553	0.08346736346105466	0.10337957224170191	0.20099135048823713	0.23228584182134693
STMMW_17301_1-179	0.005296714494194665	0.34520161463879206	0.3894560164767756	0.17545112529280404	0.0	0.6821715551780931	-1	0.15588538342518954	0.04964795033416436	0.6514251155341996	0.09198376183174939	0.07207155305110213	0.025540225195433086	0.056834716528542883
Ecoli9000q_2120_1-179	0.6768748406838985	0.33696994053930107	0.2927155387013176	0.8576226804708972	0.6821715551780931	0.0	-1	0.5262861717529036	0.7318195055122575	1.3335966707122928	0.7741553170098425	0.7542431082291953	0.65663132998266	0.6253368386495503
b1254_1-179	-1	-1	-1	-1	-1	-1	-1	-1	-1	-1	-1	-1	-1	-1
STM_MW17301_1-179	0.15058866893099487	0.18931623121360253	0.23357063305158604	0.3313365087179936	0.15588538342518954	0.5262861717529036	-1	0.0	0.2055333337593539	0.8073104989593891	0.24786914525693893	0.22795693647629167	0.13034515822975645	0.09905066689664666
SL1344_1666_1-179	0.054944664828359024	0.3948495649729564	0.43910396681093994	0.12580317495863969	0.04964795033416436	0.7318195055122575	-1	0.2055333337593539	0.0	0.6017771652000352	0.04233581149758503	0.022423602716937774	0.07518817552959745	0.10648266686270724
ROD_17511_1-179	0.6567218300283942	0.9966267301729916	1.0408811320109752	0.47597399024139553	0.6514251155341996	1.3335966707122928	-1	0.8073104989593891	0.6017771652000352	0.0	0.5594413537024502	0.5793535624830974	0.6769653407296327	0.7082598320627425
ETEC_1356_1-179	0.09728047632594405	0.43718537647054145	0.48143977830852497	0.08346736346105466	0.09198376183174939	0.7741553170098425	-1	0.24786914525693893	0.04233581149758503	0.5594413537024502	0.0	0.019912208780647256	0.11752398702718247	0.14881847836029227
SEN1299_1-179	0.0773682675452968	0.4172731676898942	0.4615275695278777	0.10337957224170191	0.07207155305110213	0.7542431082291953	-1	0.22795693647629167	0.022423602716937774	0.5793535624830974	0.019912208780647256	0.0	0.09761177824653522	0.12890626957964502
ENC_08150_1-179	0.02024351070123842	0.319661389443359	0.3639157912813425	0.20099135048823713	0.025540225195433086	0.65663132998266	-1	0.13034515822975645	0.07518817552959745	0.6769653407296327	0.11752398702718247	0.09761177824653522	0.0	0.0312944913331098
BN373_18681_1-179	0.05153800203434822	0.2883668981102492	0.3326212999482327	0.23228584182134693	0.056834716528542883	0.6253368386495503	-1	0.09905066689664666	0.10648266686270724	0.7082598320627425	0.14881847836029227	0.12890626957964502	0.0312944913331098	0.0
