ROD_28111_1-412	0.0	0.3295901908745194	0.6054036457865869	0.2872465563484506	0.16722047590103972	0.38476964465625524	0.027965900423067746	0.2150440049851789	0.42567154702304116	0.3924939179058182	-1	0.16959624588642075	0.20181937357461768
ERS227112_03836_1-412	0.3295901908745194	0.0	0.4114102317086526	0.5221630998880358	0.19497323153947413	0.0823070501514812	0.3483388048391704	0.14592688840751855	0.14331734834526894	0.0938287688740025	-1	0.19267006464690828	0.1600775727570811
STM_MW24321_1-412	0.6054036457865869	0.4114102317086526	0.0	0.7187500896820432	0.5261694808834869	0.3586201480696736	0.6164388881358248	0.49730130514391124	0.31294305171879816	0.35046517912517167	-1	0.5248138604158552	0.5056302531663842
NCTC13441_04435_6-424	0.2872465563484506	0.5221630998880358	0.7187500896820432	0.0	0.4064335263959676	0.5614924455897795	0.2667402882658459	0.4405199114382578	0.5906454173536057	0.5669979479481111	-1	0.40812686463437187	0.43109400985935786
BN373_34071_1-412	0.16722047590103972	0.19497323153947413	0.5261694808834869	0.4064335263959676	0.0	0.2612326101444395	0.19050990514636099	0.05742639882492626	0.3103475333421975	0.27050790213474196	-1	0.002852819884052194	0.041546287669611985
t0449_1-412	0.38476964465625524	0.0823070501514812	0.3586201480696736	0.5614924455897795	0.2612326101444395	0.0	0.401975115511047	0.21622312683639253	0.06648225662391605	0.012555091247484426	-1	0.25911901012480726	0.22920911009951783
CS17_02681_1-412	0.027965900423067746	0.3483388048391704	0.6164388881358248	0.2667402882658459	0.19050990514636099	0.401975115511047	0.0	0.23699600617825345	0.4417331593491293	0.40948337250407213	-1	0.19281923458490274	0.22414121349285177
SEN2394_1-412	0.2150440049851789	0.14592688840751855	0.49730130514391124	0.4405199114382578	0.05742639882492626	0.21622312683639253	0.23699600617825345	0.0	0.268330382053946	0.22606351699662963	-1	0.05472971295423839	0.016568469557808184
NCTC13441_01325_1-412	0.42567154702304116	0.14331734834526894	0.31294305171879816	0.5906454173536057	0.3103475333421975	0.06648225662391605	0.4417331593491293	0.268330382053946	0.0	0.054612834496823	-1	0.30837445022147075	0.28045302784525833
ETEC_2510_1-412	0.3924939179058182	0.0938287688740025	0.35046517912517167	0.5669979479481111	0.27050790213474196	0.012555091247484426	0.40948337250407213	0.22606351699662963	0.054612834496823	0.0	-1	0.2684208385562169	0.2388864600549481
b2392_1-412	-1	-1	-1	-1	-1	-1	-1	-1	-1	-1	-1	-1	-1
SL1344_2376_1-412	0.16959624588642075	0.19267006464690828	0.5248138604158552	0.40812686463437187	0.002852819884052194	0.25911901012480726	0.19281923458490274	0.05472971295423839	0.30837445022147075	0.2684208385562169	-1	0.0	0.03880416909072594
STMMW_24321_1-412	0.20181937357461768	0.1600775727570811	0.5056302531663842	0.43109400985935786	0.041546287669611985	0.22920911009951783	0.22414121349285177	0.016568469557808184	0.28045302784525833	0.2388864600549481	-1	0.03880416909072594	0.0
