STMMW_18141_1-114	0.0	0.09682603375531607	-1	0.310185043955449	0.5045380004634684	0.38778528061090367	0.09170341013733121	0.7672163322518235	0.32623116606888974	0.17856419585926175	0.04106299477876875	0.022313485744248438	0.5597561811333454
SEN1215_1-114	0.09682603375531607	0.0	-1	0.23623246259772132	0.552511620755069	0.4470636036959737	0.17965016640721246	0.7422604321556455	0.3914695299263834	0.09050101659130591	0.1339130616155414	0.07621312856891467	0.6023832439994973
b1809_1-114	-1	-1	-1	-1	-1	-1	-1	-1	-1	-1	-1	-1	-1
ERS227112_04340_1-115	0.310185043955449	0.23623246259772132	-1	0.0	0.6582229025679621	0.5776851302547834	0.37344342778846756	0.6625418661796274	0.5352241814376228	0.16023266508801504	0.338510911893823	0.29444157612252453	0.6963132294396134
NCTC13441_02077_2-116	0.5045380004634684	0.552511620755069	-1	0.6582229025679621	0.0	0.19070550928449984	0.4545151825226563	0.8846645385180408	0.26464096499424866	0.5930097739895311	0.4833216396501185	0.5155934847269437	0.11144786224075617
ETEC_1841_1-114	0.38778528061090367	0.4470636036959737	-1	0.5776851302547834	0.19070550928449984	0.0	0.3259748784461901	0.8574864121711855	0.09135791304396777	0.49710490967182125	0.36156940856833913	0.40144592502441134	0.2808996501979638
ENC_06870_1-114	0.09170341013733121	0.17965016640721246	-1	0.37344342778846756	0.4545151825226563	0.3259748784461901	0.0	0.7885633884086067	0.2582061394362587	0.25389266030786833	0.05280890724086666	0.11197067314678134	0.5153082993152953
STM_MW18141_1-115	0.7672163322518235	0.7422604321556455	-1	0.6625418661796274	0.8846645385180408	0.8574864121711855	0.7885633884086067	0.0	0.8431576196231041	0.7166136823172938	0.7767751267851495	0.7619035709770638	0.8975184291407563
BN373_29091_1-114	0.32623116606888974	0.3914695299263834	-1	0.5352241814376228	0.26464096499424866	0.09135791304396777	0.2582061394362587	0.8431576196231041	0.0	0.44654215609483094	0.2973794626106137	0.3412652973397305	0.346595157425065
t1055_1-114	0.17856419585926175	0.09050101659130591	-1	0.16023266508801504	0.5930097739895311	0.49710490967182125	0.25389266030786833	0.7166136823172938	0.44654215609483094	0.0	0.2122948099957866	0.1598167795471299	0.6383679646312801
ROD_18481_1-114	0.04106299477876875	0.1339130616155414	-1	0.338510911893823	0.4833216396501185	0.36156940856833913	0.05280890724086666	0.7767751267851495	0.2973794626106137	0.2122948099957866	0.0	0.062460221974404984	0.5409043383771719
SL1344_1751_1-114	0.022313485744248438	0.07621312856891467	-1	0.29444157612252453	0.5155934847269437	0.40144592502441134	0.11197067314678134	0.7619035709770638	0.3412652973397305	0.1598167795471299	0.062460221974404984	0.0	0.56957955530962
CS17_01995_2-116	0.5597561811333454	0.6023832439994973	-1	0.6963132294396134	0.11144786224075617	0.2808996501979638	0.5153082993152953	0.8975184291407563	0.346595157425065	0.6383679646312801	0.5409043383771719	0.56957955530962	0.0
