NCTC13441_02949_1-369	0.0	-1	0.22982046166370196	0.39449021780869287	0.09410008671398984	0.15857828508603	0.40450759562690797	0.09673788570934994	0.4283181197770949	0.24937786826739894	0.6140203556318179	0.05045637020055005	0.003640116123790005
b0947_1-369	-1	-1	-1	-1	-1	-1	-1	-1	-1	-1	-1	-1	-1
SL1344_1000_1-369	0.22982046166370196	-1	0.0	0.1646697561449909	0.13572037494971212	0.38839874674973196	0.174687133963206	0.13308257595435202	0.19849765811339293	0.01955740660369698	0.38419989396811594	0.280276831864252	0.22618034553991195
ROD_10091_1-369	0.39449021780869287	-1	0.1646697561449909	0.0	0.30039013109470303	0.5530685028947229	0.0100173778182151	0.29775233209934293	0.03382790196840202	0.14511234954129393	0.21953013782312503	0.4449465880092429	0.39085010168490286
ETEC_1017_1-369	0.09410008671398984	-1	0.13572037494971212	0.30039013109470303	0.0	0.25267837180001984	0.31040750891291813	0.0026377989953600967	0.33421803306310505	0.1552777815534091	0.519920268917828	0.1445564569145399	0.09045997059019983
BN373_15881_1-369	0.15857828508603	-1	0.38839874674973196	0.5530685028947229	0.25267837180001984	0.0	0.563085880712938	0.25531617079537994	0.5868964048631249	0.40795615335342894	0.7725986407178479	0.10812191488547995	0.16221840120982
t1860_1-369	0.40450759562690797	-1	0.174687133963206	0.0100173778182151	0.31040750891291813	0.563085880712938	0.0	0.30776970991755803	0.023810524150186918	0.15512972735950903	0.20951276000490993	0.454963965827458	0.40086747950311796
ERS227112_03461_1-369	0.09673788570934994	-1	0.13308257595435202	0.29775233209934293	0.0026377989953600967	0.25531617079537994	0.30776970991755803	0.0	0.33158023406774495	0.152639982558049	0.517282469922468	0.14719425590989998	0.09309776958555993
SEN0925_1-369	0.4283181197770949	-1	0.19849765811339293	0.03382790196840202	0.33421803306310505	0.5868964048631249	0.023810524150186918	0.33158023406774495	0.0	0.17894025150969595	0.185702235854723	0.47877448997764493	0.4246780036533049
STMMW_10731_1-369	0.24937786826739894	-1	0.01955740660369698	0.14511234954129393	0.1552777815534091	0.40795615335342894	0.15512972735950903	0.152639982558049	0.17894025150969595	0.0	0.36464248736441895	0.299834238467949	0.24573775214360893
STM_MW10731_1-369	0.6140203556318179	-1	0.38419989396811594	0.21953013782312503	0.519920268917828	0.7725986407178479	0.20951276000490993	0.517282469922468	0.185702235854723	0.36464248736441895	0.0	0.6644767258323679	0.6103802395080279
CS17_01010_1-369	0.05045637020055005	-1	0.280276831864252	0.4449465880092429	0.1445564569145399	0.10812191488547995	0.454963965827458	0.14719425590989998	0.47877448997764493	0.299834238467949	0.6644767258323679	0.0	0.054096486324340054
ENC_16830_1-355	0.003640116123790005	-1	0.22618034553991195	0.39085010168490286	0.09045997059019983	0.16221840120982	0.40086747950311796	0.09309776958555993	0.4246780036533049	0.24573775214360893	0.6103802395080279	0.054096486324340054	0.0
