STMMW_08661_1-136	0.0	0.37420368052578856	0.44437478216033155	0.2786085926583666	0.4270006506441144	0.3015565293578086	-1	0.1544503440459758	0.3868293913704033	0.10856290972848959	0.5898839996987629	0.902887379100468	0.4285130359697762	0.022019958861954625
STM_MW08661_1-136	0.37420368052578856	0.0	0.8185784626861201	0.09559508786742196	0.801204331169903	0.07264715116798001	-1	0.2197533364798128	0.7610330718961918	0.265640770797299	0.9640876802245515	1.2770910596262566	0.8027167164955648	0.3962236393877432
ETEC_0858_1-136	0.44437478216033155	0.8185784626861201	0.0	0.7229833748186982	0.01737413151621714	0.7459313115181401	-1	0.5988251262063073	0.057545390789928264	0.5529376918888211	0.14550921753843138	0.45851259694013646	0.01586174619055536	0.4223548232983769
Ecoli9000q_49390_1-118	0.2786085926583666	0.09559508786742196	0.7229833748186982	0.0	0.705609243302481	0.02294793669944195	-1	0.12415824861239083	0.6654379840287699	0.17004568292987704	0.8684925923571296	1.1814959717588347	0.7071216286281428	0.30062855152032125
ERS227112_03254_1-131	0.4270006506441144	0.801204331169903	0.01737413151621714	0.705609243302481	0.0	0.728557180001923	-1	0.5814509946900902	0.040171259273711124	0.535563560372604	0.16288334905464852	0.4758867284563536	0.0015123853256617803	0.4049806917821598
t2074_1-136	0.3015565293578086	0.07264715116798001	0.7459313115181401	0.02294793669944195	0.728557180001923	0.0	-1	0.14710618531183278	0.6883859207282119	0.192993619629319	0.8914405290565715	1.2044439084582765	0.7300695653275848	0.3235764882197632
b0791_1-136	-1	-1	-1	-1	-1	-1	-1	-1	-1	-1	-1	-1	-1	-1
NCTC13441_03203_1-136	0.1544503440459758	0.2197533364798128	0.5988251262063073	0.12415824861239083	0.5814509946900902	0.14710618531183278	-1	0.0	0.5412797354163791	0.04588743431748621	0.7443343437447387	1.0573377231464438	0.582963380015752	0.17647030290793042
SL1344_0790_1-136	0.3868293913704033	0.7610330718961918	0.057545390789928264	0.6654379840287699	0.040171259273711124	0.6883859207282119	-1	0.5412797354163791	0.0	0.4953923010988929	0.20305460832835964	0.5160579877300647	0.041683644599372904	0.36480943250844866
ROD_07911_1-136	0.10856290972848959	0.265640770797299	0.5529376918888211	0.17004568292987704	0.535563560372604	0.192993619629319	-1	0.04588743431748621	0.4953923010988929	0.0	0.6984469094272525	1.0114502888289576	0.5370759456982658	0.1305828685904442
ENC_19470_1-118	0.5898839996987629	0.9640876802245515	0.14550921753843138	0.8684925923571296	0.16288334905464852	0.8914405290565715	-1	0.7443343437447387	0.20305460832835964	0.6984469094272525	0.0	0.3130033794017051	0.16137096372898674	0.5678640408368083
CS17_00850_1-136	0.902887379100468	1.2770910596262566	0.45851259694013646	1.1814959717588347	0.4758867284563536	1.2044439084582765	-1	1.0573377231464438	0.5160579877300647	1.0114502888289576	0.3130033794017051	0.0	0.4743743431306918	0.8808674202385134
BN373_13821_1-131	0.4285130359697762	0.8027167164955648	0.01586174619055536	0.7071216286281428	0.0015123853256617803	0.7300695653275848	-1	0.582963380015752	0.041683644599372904	0.5370759456982658	0.16137096372898674	0.4743743431306918	0.0	0.40649307710782157
SEN0760_1-136	0.022019958861954625	0.3962236393877432	0.4223548232983769	0.30062855152032125	0.4049806917821598	0.3235764882197632	-1	0.17647030290793042	0.36480943250844866	0.1305828685904442	0.5678640408368083	0.8808674202385134	0.40649307710782157	0.0
