CS17_03409_1-233	0.0	0.5521895384449964	0.44646816598036115	-1	0.33185905428448875	0.08931549193710403	0.5445483281883038	0.23628651306275902	0.09118526893535209	-1	-1	0.40211323381681774
NCTC13441_00718_1-231	0.5521895384449964	0.0	0.7521226539222778	-1	0.3297664745341358	0.5921859501133631	0.016777214202106816	0.6580011109188528	0.5930232558139534	-1	-1	0.2510112501506645
CS17_03410_1-231	0.44646816598036115	0.7521226539222778	0.0	-1	0.6301627169344771	0.39218046522274924	0.7478930007947612	0.2752100840336135	0.390929949637597	-1	-1	0.6690506417785521
b2984_1-252	-1	-1	-1	-1	-1	-1	-1	-1	-1	-1	-1	-1
ETEC_3260_1-230	0.33185905428448875	0.3297664745341358	0.6301627169344771	-1	0.0	0.39153439153439157	0.3183299500916628	0.4897317485820611	0.39278366610627813	-1	-1	0.10514874141876436
ETEC_3258_1-252	0.08931549193710403	0.5921859501133631	0.39218046522274924	-1	0.39153439153439157	0.0	0.585227218309742	0.16138522158269164	0.002053155600752693	-1	-1	0.4555137844611529
NCTC13441_00719_1-233	0.5445483281883038	0.016777214202106816	0.7478930007947612	-1	0.3183299500916628	0.585227218309742	0.0	0.6521654155892936	0.5860788113695091	-1	-1	0.23823088656196556
CS17_03408_1-253	0.23628651306275902	0.6580011109188528	0.2752100840336135	-1	0.4897317485820611	0.16138522158269164	0.6521654155892936	0.0	0.15965987254346703	-1	-1	0.543385813004611
NCTC13441_00720_1-258	0.09118526893535209	0.5930232558139534	0.390929949637597	-1	0.39278366610627813	0.002053155600752693	0.5860788113695091	0.15965987254346703	0.0	-1	-1	0.4566316993841192
b2986_1-230	-1	-1	-1	-1	-1	-1	-1	-1	-1	-1	-1	-1
b2985_1-237	-1	-1	-1	-1	-1	-1	-1	-1	-1	-1	-1	-1
ETEC_3259_1-237	0.40211323381681774	0.2510112501506645	0.6690506417785521	-1	0.10514874141876436	0.4555137844611529	0.23823088656196556	0.543385813004611	0.4566316993841192	-1	-1	0.0
