SL1344_2133_1-152	0.0	0.935642284316769	0.8206299218598089	0.233707660628799	0.28385077050777896	0.49902100092245905	0.7412330345459689	0.290259116420004	-1	0.507232021612418	0.032521298761969075	0.8962410614448589	0.38995417029551305	0.552704892507529
t0699_1-176	0.935642284316769	0.0	0.11501236245696012	0.70193462368797	0.65179151380899	0.43662128339430994	0.1944092497708001	1.225901400736773	-1	1.442874305929187	0.9681635830787381	0.03940122287191006	1.325596454612282	0.38293739180924
STM_MW21871_1-153	0.8206299218598089	0.11501236245696012	0.0	0.5869222612310099	0.5367791513520299	0.32160892093734983	0.07939688731383998	1.110889038279813	-1	1.327861943472227	0.853151220621778	0.07561113958505006	1.210584092155322	0.2679250293522799
SL1344_2134_1-176	0.233707660628799	0.70193462368797	0.5869222612310099	0.0	0.05014310987897996	0.26531334029366005	0.5075253739171699	0.523966777048803	-1	0.7409396822412171	0.26622895939076807	0.6625334008160599	0.623661830924312	0.31899723187872997
STMMW_21881_1-176	0.28385077050777896	0.65179151380899	0.5367791513520299	0.05014310987897996	0.0	0.21517023041468009	0.45738226403818993	0.574109886927783	-1	0.791082792120197	0.31637206926974804	0.61239029093708	0.673804940803292	0.26885412199975
SEN2149_1-152	0.49902100092245905	0.43662128339430994	0.32160892093734983	0.26531334029366005	0.21517023041468009	0.0	0.24221203362350985	0.7892801173424631	-1	1.0062530225348771	0.5315422996844281	0.3972200605223999	0.8889751712179721	0.05368389158506992
SEN2150_1-176	0.7412330345459689	0.1944092497708001	0.07939688731383998	0.5075253739171699	0.45738226403818993	0.24221203362350985	0.0	1.031492150965973	-1	1.248465056158387	0.773754333307938	0.15500802689889004	1.131187204841482	0.18852814203843993
ETEC_2259_1-153	0.290259116420004	1.225901400736773	1.110889038279813	0.523966777048803	0.574109886927783	0.7892801173424631	1.031492150965973	0.0	-1	0.21697290519241402	0.25773781765803494	1.186500177864863	0.09969505387550903	0.842964008927533
b2123_1-153	-1	-1	-1	-1	-1	-1	-1	-1	-1	-1	-1	-1	-1	-1
CS17_02372_1-154	0.507232021612418	1.442874305929187	1.327861943472227	0.7409396822412171	0.791082792120197	1.0062530225348771	1.248465056158387	0.21697290519241402	-1	0.0	0.47471072285044896	1.403473083057277	0.11727785131690499	1.059936914119947
STMMW_21871_1-152	0.032521298761969075	0.9681635830787381	0.853151220621778	0.26622895939076807	0.31637206926974804	0.5315422996844281	0.773754333307938	0.25773781765803494	-1	0.47471072285044896	0.0	0.928762360206828	0.35743287153354397	0.585226191269498
STM_MW21881_1-177	0.8962410614448589	0.03940122287191006	0.07561113958505006	0.6625334008160599	0.61239029093708	0.3972200605223999	0.15500802689889004	1.186500177864863	-1	1.403473083057277	0.928762360206828	0.0	1.286195231740372	0.34353616893732997
NCTC13441_01586_1-154	0.38995417029551305	1.325596454612282	1.210584092155322	0.623661830924312	0.673804940803292	0.8889751712179721	1.131187204841482	0.09969505387550903	-1	0.11727785131690499	0.35743287153354397	1.286195231740372	0.0	0.942659062803042
t0700_1-152	0.552704892507529	0.38293739180924	0.2679250293522799	0.31899723187872997	0.26885412199975	0.05368389158506992	0.18852814203843993	0.842964008927533	-1	1.059936914119947	0.585226191269498	0.34353616893732997	0.942659062803042	0.0
