t1402_1-120	0.0	0.3674062925152961	5.65473742350354	0.52050454001518	0.3810976212365621	0.45197011469966997	0.16493286344531	0.20299931004729	0.033037114328690054	1.4502436340820097	0.41953874316650985	0.12925942781096	0.06447185110067011
NCTC13441_02283_1-121	0.3674062925152961	0.0	6.022143716018836	0.8879108325304761	0.013691328721265994	0.8193764072149661	0.5323391559606061	0.1644069824680061	0.33436917818660605	1.8176499265973058	0.786945035681806	0.2381468647043361	0.302934441414626
b1600_1-121	5.65473742350354	6.022143716018836	0.0	5.13423288348836	6.035835044740102	5.20276730880387	5.48980456005823	5.85773673355083	5.6877745378322295	4.20449378942153	5.23519868033703	5.7839968513145	5.71920927460421
ROD_14652_1-120	0.52050454001518	0.8879108325304761	5.13423288348836	0.0	0.9016021612517421	0.06853442531551002	0.35557167656987	0.72350385006247	0.55354165434387	0.9297390940668298	0.10096579684867013	0.64976396782614	0.5849763911158501
SL1344_1412_1-120	0.3810976212365621	0.013691328721265994	6.035835044740102	0.9016021612517421	0.0	0.8330677359362321	0.5460304846818721	0.1780983111892721	0.34806050690787205	1.8313412553185717	0.800636364403072	0.2518381934256021	0.316625770135892
CS17_01778_1-121	0.45197011469966997	0.8193764072149661	5.20276730880387	0.06853442531551002	0.8330677359362321	0.0	0.28703725125435997	0.65496942474696	0.48500722902836	0.9982735193823398	0.032431371533160114	0.58122954251063	0.5164419658003401
STM_MW14821_1-120	0.16493286344531	0.5323391559606061	5.48980456005823	0.35557167656987	0.5460304846818721	0.28703725125435997	0.0	0.3679321734926	0.19796997777400005	1.2853107706366997	0.25460587972119986	0.29419229125627	0.2294047145459801
BN373_21211_1-120	0.20299931004729	0.1644069824680061	5.85773673355083	0.72350385006247	0.1780983111892721	0.65496942474696	0.3679321734926	0.0	0.16996219571859994	1.6532429441292997	0.6225380532137998	0.07373988223632999	0.13852745894661989
SEN1567_1-120	0.033037114328690054	0.33436917818660605	5.6877745378322295	0.55354165434387	0.34806050690787205	0.48500722902836	0.19796997777400005	0.16996219571859994	0.0	1.4832807484106998	0.4525758574951999	0.09622231348226995	0.031434736771980054
ERS227112_05119_1-120	1.4502436340820097	1.8176499265973058	4.20449378942153	0.9297390940668298	1.8313412553185717	0.9982735193823398	1.2853107706366997	1.6532429441292997	1.4832807484106998	0.0	1.0307048909154999	1.5795030618929697	1.5147154851826798
ENC_12390_1-120	0.41953874316650985	0.786945035681806	5.23519868033703	0.10096579684867013	0.800636364403072	0.032431371533160114	0.25460587972119986	0.6225380532137998	0.4525758574951999	1.0307048909154999	0.0	0.5487981709774699	0.48401059426717996
ETEC_1634_1-121	0.12925942781096	0.2381468647043361	5.7839968513145	0.64976396782614	0.2518381934256021	0.58122954251063	0.29419229125627	0.07373988223632999	0.09622231348226995	1.5795030618929697	0.5487981709774699	0.0	0.0647875767102899
STMMW_14821_1-120	0.06447185110067011	0.302934441414626	5.71920927460421	0.5849763911158501	0.316625770135892	0.5164419658003401	0.2294047145459801	0.13852745894661989	0.031434736771980054	1.5147154851826798	0.48401059426717996	0.0647875767102899	0.0
