ETEC_4692_1-121	0.0	2.0572384870067917	0.051518300736255185	0.09652706888850693	1.2598018504128201	-1	-1	1.1452749967858336	0.4133741538171021	-1	1.545778431514535	1.3179884258714203	0.9663747570098657	0.3197050928256242	1.4692297123574092	1.0516577817854436	0.46957559041198893	0.4586151112283101	1.0532269897376199	1.4612165518360576	0.4883094026102843	-1	1.272107448676145	1.8377519450126911	0.0666531283894578	0.37590652942051106	0.051518300736255185	1.6766070102978285	0.7999402463915364	0.9401265695446681	1.2844964210378462	0.5405458835173442	0.0867229157313747	-1	1.440178440343176	0.5005500679970316	0.8329804457641476	-1	-1	0.014633955165671342	0.02697426310888318	0.3053159961047105	0.07588255126495325	0.7318489611881269	0.4586151112283101
BN373_23821_1-172	2.0572384870067917	0.0	2.0057201862705365	1.9607114181182848	0.7974366365939716	-1	-1	3.2025134837926252	1.6438643331896896	-1	0.5114600554922566	0.7392500611353715	1.090863729996926	1.7375333941811675	0.5880087746493826	1.0055807052213481	1.5876628965948028	2.515853598235102	3.1104654767444115	0.5960219351707342	1.5689290843965074	-1	0.7851310383306468	0.21948654199410067	2.1238916153962495	1.6813319575862806	2.0057201862705365	0.38063147670896325	1.2572982406152553	1.1171119174621236	0.7727420659689456	1.5166926034894475	2.1439614027381664	-1	0.6170600466636156	2.5577885550038233	1.224258041242644	-1	-1	2.071872442172463	2.084212750115675	2.362554483111502	1.9813559357418384	1.3253895258186648	2.515853598235102
ETEC_1574_1-136	0.051518300736255185	2.0057201862705365	0.0	0.045008768152251744	1.208283549676565	-1	-1	1.1967932975220887	0.3618558530808469	-1	1.49426013077828	1.266470125135165	0.9148564562736106	0.268186792089369	1.417711411621154	1.0001394810491884	0.41805728967573375	0.5101334119645653	1.104745290473875	1.4096982510998024	0.43679110187402914	-1	1.2205891479398898	1.786233644276436	0.11817142912571299	0.3243882286842559	0.0	1.6250887095615734	0.7484219456552812	0.8886082688084129	1.232978120301591	0.48902758278108904	0.13824121646762988	-1	1.388660139606921	0.5520683687332868	0.7814621450278925	-1	-1	0.06615225590192653	0.07849256384513836	0.3568342968409657	0.02436425052869806	0.6803306604518717	0.5101334119645653
ETEC_0426_1-136	0.09652706888850693	1.9607114181182848	0.045008768152251744	0.0	1.1632747815243132	-1	-1	1.2418020656743405	0.31684708492859515	-1	1.4492513626260282	1.2214613569829134	0.8698476881213588	0.22317802393711728	1.3727026434689023	0.9551307128969366	0.373048521523482	0.555142180116817	1.1497540586261268	1.3646894829475507	0.3917823337217774	-1	1.175580379787638	1.7412248761241842	0.16318019727796473	0.27937946053200413	0.045008768152251744	1.5800799414093216	0.7034131775030295	0.8435995006561612	1.1879693521493393	0.4440188146288373	0.18324998461988162	-1	1.3436513714546692	0.5970771368855385	0.7364533768756407	-1	-1	0.11116102405417827	0.1235013319973901	0.4018430649932174	0.020644517623553682	0.63532189229962	0.555142180116817
ERS227112_04078_1-132	1.2598018504128201	0.7974366365939716	1.208283549676565	1.1632747815243132	0.0	-1	-1	2.4050768471986537	0.8464276965957181	-1	0.285976581101715	0.058186575458600065	0.2934270934029545	0.940096757587196	0.20942786194458896	0.20814406862737667	0.7902262600008313	1.7184169616411302	2.31302884015044	0.20141470142323736	0.7714924478025359	-1	0.01230559826332478	0.5779500945998708	1.326454978802278	0.8838953209923092	1.208283549676565	0.41680515988500827	0.45986160402128384	0.3196752808681521	0.024694570625026002	0.719255966895476	1.3465247661441948	-1	0.180376589930356	1.7603519184098517	0.4268214046486726	-1	-1	1.2744358055784915	1.2867761135217033	1.5651178465175306	1.1839192991478669	0.5279528892246933	1.7184169616411302
b4587_1-228	-1	-1	-1	-1	-1	-1	-1	-1	-1	-1	-1	-1	-1	-1	-1	-1	-1	-1	-1	-1	-1	-1	-1	-1	-1	-1	-1	-1	-1	-1	-1	-1	-1	-1	-1	-1	-1	-1	-1	-1	-1	-1	-1	-1	-1
b3044_1-121	-1	-1	-1	-1	-1	-1	-1	-1	-1	-1	-1	-1	-1	-1	-1	-1	-1	-1	-1	-1	-1	-1	-1	-1	-1	-1	-1	-1	-1	-1	-1	-1	-1	-1	-1	-1	-1	-1	-1	-1	-1	-1	-1	-1	-1
ETEC_3218_1-133	1.1452749967858336	3.2025134837926252	1.1967932975220887	1.2418020656743405	2.4050768471986537	-1	-1	0.0	1.5586491506029356	-1	2.6910534283003686	2.4632634226572536	2.1116497537956995	1.4649800896114578	2.614504709143243	2.196932778571277	1.6148505871978225	0.6866598855575234	0.0920480070482137	2.606491548621891	1.6335843993961179	-1	2.4173824454619783	2.9830269417985247	1.0786218683963757	1.5211815262063446	1.1967932975220887	2.821882007083662	1.94521524317737	2.0854015663305017	2.42977141782368	1.6858208803031778	1.0585520810544589	-1	2.5854534371290097	0.6447249287888019	1.9782554425499812	-1	-1	1.1306410416201622	1.1183007336769504	0.8399590006811231	1.2211575480507868	1.8771239579739605	0.6866598855575234
ERS227112_00681_1-174	0.4133741538171021	1.6438643331896896	0.3618558530808469	0.31684708492859515	0.8464276965957181	-1	-1	1.5586491506029356	0.0	-1	1.1324042776974332	0.9046142720543182	0.5530006031927637	0.09366906099147787	1.055855558540307	0.6382836279683415	0.056201436594886856	0.8719892650454122	1.466601143554722	1.0478423980189555	0.07493524879318225	-1	0.8587332948590429	1.424377791195589	0.4800272822065599	0.037467624396591015	0.3618558530808469	1.2632328564807265	0.3865660925744343	0.526752415727566	0.8711222672207442	0.12717172970024215	0.5000970695484768	-1	1.0268042865260743	0.9139242218141337	0.4196062919470456	-1	-1	0.4280081089827734	0.44034841692598525	0.7186901499218126	0.33749160255214883	0.31847480737102485	0.8719892650454122
b1997_1-121	-1	-1	-1	-1	-1	-1	-1	-1	-1	-1	-1	-1	-1	-1	-1	-1	-1	-1	-1	-1	-1	-1	-1	-1	-1	-1	-1	-1	-1	-1	-1	-1	-1	-1	-1	-1	-1	-1	-1	-1	-1	-1	-1	-1	-1
NCTC13441_04942_1-122	1.545778431514535	0.5114600554922566	1.49426013077828	1.4492513626260282	0.285976581101715	-1	-1	2.6910534283003686	1.1324042776974332	-1	0.0	0.2277900056431149	0.5794036745046695	1.226073338688911	0.07654871915712602	0.49412064972909164	1.0762028411025462	2.004393542742845	2.599005421252155	0.08456187967847761	1.0574690289042508	-1	0.2736709828383902	0.29197351349815587	1.612431559903993	1.169871902094024	1.49426013077828	0.1308285787832933	0.7458381851229988	0.6056518619698671	0.261282010476689	1.005232547997191	1.6325013472459098	-1	0.10559999117135899	2.0463284995115667	0.7127979857503876	-1	-1	1.5604123866802064	1.5727526946234183	1.8510944276192456	1.4698958802495818	0.8139294703264083	2.004393542742845
ETEC_2133_1-141	1.3179884258714203	0.7392500611353715	1.266470125135165	1.2214613569829134	0.058186575458600065	-1	-1	2.4632634226572536	0.9046142720543182	-1	0.2277900056431149	0.0	0.35161366886155454	0.9982833330457961	0.1512412864859889	0.26633064408597673	0.8484128354594314	1.7766035370997304	2.37121541560904	0.1432281259646373	0.829679023261136	-1	0.045880977195275285	0.5197635191412708	1.384641554260878	0.9420818964509092	1.266470125135165	0.3586185844264082	0.5180481794798839	0.3778618563267522	0.03349200483357406	0.7774425423540761	1.404711341602795	-1	0.12219001447175593	1.818538493868452	0.48500798010727264	-1	-1	1.3326223810370916	1.3449626889803035	1.6233044219761308	1.242105874606467	0.5861394646832934	1.7766035370997304
ENC_36670_1-396	0.9663747570098657	1.090863729996926	0.9148564562736106	0.8698476881213588	0.2934270934029545	-1	-1	2.1116497537956995	0.5530006031927637	-1	0.5794036745046695	0.35161366886155454	0.0	0.6466696641842415	0.5028549553475434	0.08528302477557781	0.4967991665978768	1.4249898682381759	2.019601746747486	0.49484179482619184	0.4780653543995814	-1	0.30573269166627925	0.8713771880028254	1.0330278853993236	0.5904682275893547	0.9148564562736106	0.7102322532879628	0.16643451061832937	0.026248187465197637	0.3181216640279805	0.4258288734925215	1.0530976727412404	-1	0.47380368333331047	1.4669248250068974	0.1333943112457181	-1	-1	0.9810087121755371	0.9933490201187489	1.2716907531145762	0.8904922057449125	0.23452579582173882	1.4249898682381759
ERS227112_01997_1-174	0.3197050928256242	1.7375333941811675	0.268186792089369	0.22317802393711728	0.940096757587196	-1	-1	1.4649800896114578	0.09366906099147787	-1	1.226073338688911	0.9982833330457961	0.6466696641842415	0.0	1.149524619531785	0.7319526889598194	0.14987049758636473	0.7783202040539343	1.372932082563244	1.1415114590104334	0.16860430978466012	-1	0.9524023558505208	1.518046852187067	0.386358221215082	0.056201436594886856	0.268186792089369	1.3569019174722043	0.4802351535659122	0.6204214767190439	0.964791328212222	0.22084079069172002	0.4064280085569989	-1	1.1204733475175521	0.8202551608226558	0.5132753529385234	-1	-1	0.33433904799129555	0.3466793559345074	0.6250210889303347	0.24382254156067096	0.4121438683625027	0.7783202040539343
CS17_01144_1-127	1.4692297123574092	0.5880087746493826	1.417711411621154	1.3727026434689023	0.20942786194458896	-1	-1	2.614504709143243	1.055855558540307	-1	0.07654871915712602	0.1512412864859889	0.5028549553475434	1.149524619531785	0.0	0.4175719305719656	0.9996541219454202	1.9278448235857193	2.5224567020950293	0.008013160521351592	0.9809203097471249	-1	0.19712226368126418	0.3685222326552819	1.535882840746867	1.0933231829368981	1.417711411621154	0.20737729794041931	0.6692894659658728	0.5291031428127411	0.18473329131956295	0.928683828840065	1.5559526280887839	-1	0.029051272014232965	1.9697797803544408	0.6362492665932615	-1	-1	1.4838636675230805	1.4962039754662924	1.7745457084621197	1.393347161092456	0.7373807511692823	1.9278448235857193
NCTC13441_04934_1-154	1.0516577817854436	1.0055807052213481	1.0001394810491884	0.9551307128969366	0.20814406862737667	-1	-1	2.196932778571277	0.6382836279683415	-1	0.49412064972909164	0.26633064408597673	0.08528302477557781	0.7319526889598194	0.4175719305719656	0.0	0.5820821913734546	1.5102728930137537	2.1048847715230634	0.40955877005061403	0.5633483791751592	-1	0.22044966689070145	0.7860941632272476	1.1183109101749014	0.6757512523649325	1.0001394810491884	0.624949228512385	0.2517175353939072	0.11153121224077545	0.23283863925240267	0.5111118982680993	1.1383806975168183	-1	0.38852065855773266	1.5522078497824752	0.2186773360212959	-1	-1	1.066291736951115	1.0786320448943267	1.356973777890154	0.9757752305204903	0.31980882059731663	1.5102728930137537
ERS227112_05529_1-174	0.46957559041198893	1.5876628965948028	0.41805728967573375	0.373048521523482	0.7902262600008313	-1	-1	1.6148505871978225	0.056201436594886856	-1	1.0762028411025462	0.8484128354594314	0.4967991665978768	0.14987049758636473	0.9996541219454202	0.5820821913734546	0.0	0.928190701640299	1.5228025801496088	0.9916409614240687	0.018733812198295396	-1	0.8025318582641561	1.3681763546007022	0.5362287188014467	0.09366906099147787	0.41805728967573375	1.2070314198858396	0.33036465597954745	0.4705509791326792	0.8149208306258573	0.0709702931053553	0.5562985061433636	-1	0.9706028499311873	0.9701256584090205	0.3634048553521587	-1	-1	0.48420954557766027	0.4965498535208721	0.7748915865166994	0.3936930391470357	0.262273370776138	0.928190701640299
BN373_31961_1-173	0.4586151112283101	2.515853598235102	0.5101334119645653	0.555142180116817	1.7184169616411302	-1	-1	0.6866598855575234	0.8719892650454122	-1	2.004393542742845	1.7766035370997304	1.4249898682381759	0.7783202040539343	1.9278448235857193	1.5102728930137537	0.928190701640299	0.0	0.5946118785093097	1.9198316630643677	0.9469245138385944	-1	1.7307225599044551	2.2963670562410012	0.3919619828388523	0.8345216406488212	0.5101334119645653	2.1352221215261387	1.2585553576198465	1.3987416807729782	1.7431115322661563	0.9991609947456543	0.3718921954969354	-1	1.8987935515714862	0.0419349567687215	1.2915955569924578	-1	-1	0.44398115606263877	0.43164084811942693	0.15329911512359962	0.5344976624932634	1.190464072416437	0.0
ETEC_2143_1-133	1.0532269897376199	3.1104654767444115	1.104745290473875	1.1497540586261268	2.31302884015044	-1	-1	0.0920480070482137	1.466601143554722	-1	2.599005421252155	2.37121541560904	2.019601746747486	1.372932082563244	2.5224567020950293	2.1048847715230634	1.5228025801496088	0.5946118785093097	0.0	2.5144435415736774	1.5415363923479042	-1	2.3253344384137646	2.890978934750311	0.986573861348162	1.429133519158131	1.104745290473875	2.7298340000354484	1.8531672361291562	1.993353559282288	2.337723410775466	1.593772873254964	0.9665040740062452	-1	2.493405430080796	0.5526769217405882	1.8862074355017675	-1	-1	1.0385930345719485	1.0262527266287367	0.7479109936329094	1.129109541002573	1.7850759509257468	0.5946118785093097
CS17_01107_1-145	1.4612165518360576	0.5960219351707342	1.4096982510998024	1.3646894829475507	0.20141470142323736	-1	-1	2.606491548621891	1.0478423980189555	-1	0.08456187967847761	0.1432281259646373	0.49484179482619184	1.1415114590104334	0.008013160521351592	0.40955877005061403	0.9916409614240687	1.9198316630643677	2.5144435415736774	0.0	0.9729071492257733	-1	0.18910910315991258	0.3765353931766335	1.5278696802255154	1.0853100224155465	1.4096982510998024	0.2153904584617709	0.6612763054445212	0.5210899822913895	0.17672013079821136	0.9206706683187134	1.5479394675674323	-1	0.021038111492881373	1.9617666198330892	0.6282361060719099	-1	-1	1.475850507001729	1.4881908149449408	1.766532547940768	1.3853340005711043	0.7293675906479307	1.9198316630643677
ERS227112_03001_1-174	0.4883094026102843	1.5689290843965074	0.43679110187402914	0.3917823337217774	0.7714924478025359	-1	-1	1.6335843993961179	0.07493524879318225	-1	1.0574690289042508	0.829679023261136	0.4780653543995814	0.16860430978466012	0.9809203097471249	0.5633483791751592	0.018733812198295396	0.9469245138385944	1.5415363923479042	0.9729071492257733	0.0	-1	0.7837980460658607	1.3494425424024068	0.5549625309997421	0.11240287318977327	0.43679110187402914	1.1882976076875442	0.31163084378125205	0.4518171669343838	0.7961870184275619	0.0522364809070599	0.575032318341659	-1	0.9518690377328919	0.9888594706073159	0.3446710431538633	-1	-1	0.5029433577759557	0.5152836657191675	0.7936253987149948	0.4124268513453311	0.2435395585778426	0.9469245138385944
b0360_1-121	-1	-1	-1	-1	-1	-1	-1	-1	-1	-1	-1	-1	-1	-1	-1	-1	-1	-1	-1	-1	-1	-1	-1	-1	-1	-1	-1	-1	-1	-1	-1	-1	-1	-1	-1	-1	-1	-1	-1	-1	-1	-1	-1	-1	-1
NCTC13441_04141_1-127	1.272107448676145	0.7851310383306468	1.2205891479398898	1.175580379787638	0.01230559826332478	-1	-1	2.4173824454619783	0.8587332948590429	-1	0.2736709828383902	0.045880977195275285	0.30573269166627925	0.9524023558505208	0.19712226368126418	0.22044966689070145	0.8025318582641561	1.7307225599044551	2.3253344384137646	0.18910910315991258	0.7837980460658607	-1	0.0	0.5656444963365461	1.3387605770656028	0.8962009192556339	1.2205891479398898	0.4044995616216835	0.4721672022846086	0.3319808791314769	0.012388972361701223	0.7315615651588008	1.3588303644075197	-1	0.1680709916670312	1.7726575166731766	0.43912700291199736	-1	-1	1.2867414038418163	1.2990817117850282	1.5774234447808555	1.1962248974111918	0.5402584874880181	1.7307225599044551
SEN2616_1-370	1.8377519450126911	0.21948654199410067	1.786233644276436	1.7412248761241842	0.5779500945998708	-1	-1	2.9830269417985247	1.424377791195589	-1	0.29197351349815587	0.5197635191412708	0.8713771880028254	1.518046852187067	0.3685222326552819	0.7860941632272476	1.3681763546007022	2.2963670562410012	2.890978934750311	0.3765353931766335	1.3494425424024068	-1	0.5656444963365461	0.0	1.904405073402149	1.46184541559218	1.786233644276436	0.16114493471486258	1.0378116986211547	0.897625375468023	0.5532555239748449	1.297206061495347	1.9244748607440658	-1	0.39757350466951485	2.3383020130097227	1.0047714992485435	-1	-1	1.8523859001783625	1.8647262081215743	2.1430679411174016	1.7618693937477379	1.1059029838245642	2.2963670562410012
Ecoli9000q_53760_1-121	0.0666531283894578	2.1238916153962495	0.11817142912571299	0.16318019727796473	1.326454978802278	-1	-1	1.0786218683963757	0.4800272822065599	-1	1.612431559903993	1.384641554260878	1.0330278853993236	0.386358221215082	1.535882840746867	1.1183109101749014	0.5362287188014467	0.3919619828388523	0.986573861348162	1.5278696802255154	0.5549625309997421	-1	1.3387605770656028	1.904405073402149	0.0	0.44255965780996886	0.11817142912571299	1.7432601386872864	0.8665933747809942	1.006779697934126	1.351149549427304	0.607199011906802	0.02006978734191689	-1	1.506831568732634	0.4338969396075738	0.8996335741536055	-1	-1	0.05201917322378646	0.03967886528057463	0.2386628677152527	0.14253567965441105	0.7985020895775847	0.3919619828388523
ERS227112_01986_1-174	0.37590652942051106	1.6813319575862806	0.3243882286842559	0.27937946053200413	0.8838953209923092	-1	-1	1.5211815262063446	0.037467624396591015	-1	1.169871902094024	0.9420818964509092	0.5904682275893547	0.056201436594886856	1.0933231829368981	0.6757512523649325	0.09366906099147787	0.8345216406488212	1.429133519158131	1.0853100224155465	0.11240287318977327	-1	0.8962009192556339	1.46184541559218	0.44255965780996886	0.0	0.3243882286842559	1.3007004808773175	0.4240337169710253	0.564220040124157	0.9085898916173352	0.16463935409683317	0.46262944515188575	-1	1.064271910922665	0.8764565974175427	0.4570739163436366	-1	-1	0.3905404845861824	0.40288079252939424	0.6812225255252216	0.3000239781555578	0.35594243176761586	0.8345216406488212
ETEC_2092_1-136	0.051518300736255185	2.0057201862705365	0.0	0.045008768152251744	1.208283549676565	-1	-1	1.1967932975220887	0.3618558530808469	-1	1.49426013077828	1.266470125135165	0.9148564562736106	0.268186792089369	1.417711411621154	1.0001394810491884	0.41805728967573375	0.5101334119645653	1.104745290473875	1.4096982510998024	0.43679110187402914	-1	1.2205891479398898	1.786233644276436	0.11817142912571299	0.3243882286842559	0.0	1.6250887095615734	0.7484219456552812	0.8886082688084129	1.232978120301591	0.48902758278108904	0.13824121646762988	-1	1.388660139606921	0.5520683687332868	0.7814621450278925	-1	-1	0.06615225590192653	0.07849256384513836	0.3568342968409657	0.02436425052869806	0.6803306604518717	0.5101334119645653
NCTC13441_04955_1-142	1.6766070102978285	0.38063147670896325	1.6250887095615734	1.5800799414093216	0.41680515988500827	-1	-1	2.821882007083662	1.2632328564807265	-1	0.1308285787832933	0.3586185844264082	0.7102322532879628	1.3569019174722043	0.20737729794041931	0.624949228512385	1.2070314198858396	2.1352221215261387	2.7298340000354484	0.2153904584617709	1.1882976076875442	-1	0.4044995616216835	0.16114493471486258	1.7432601386872864	1.3007004808773175	1.6250887095615734	0.0	0.8766667639062922	0.7364804407531604	0.39211058925998227	1.1360611267804843	1.7633299260292032	-1	0.23642856995465228	2.17715707829486	0.8436265645336809	-1	-1	1.6912409654635	1.7035812734067117	1.981923006402539	1.6007244590328753	0.9447580491097016	2.1352221215261387
Ecoli9000q_53250_1-114	0.7999402463915364	1.2572982406152553	0.7484219456552812	0.7034131775030295	0.45986160402128384	-1	-1	1.94521524317737	0.3865660925744343	-1	0.7458381851229988	0.5180481794798839	0.16643451061832937	0.4802351535659122	0.6692894659658728	0.2517175353939072	0.33036465597954745	1.2585553576198465	1.8531672361291562	0.6612763054445212	0.31163084378125205	-1	0.4721672022846086	1.0378116986211547	0.8665933747809942	0.4240337169710253	0.7484219456552812	0.8766667639062922	0.0	0.14018632315313173	0.48455617464630985	0.25939436287419215	0.8866631621229111	-1	0.6402381939516398	1.300490314388568	0.03304019937261127	-1	-1	0.8145742015572077	0.8269145095004196	1.1052562424962469	0.7240576951265831	0.06809128520340946	1.2585553576198465
NCTC13441_04930_1-123	0.9401265695446681	1.1171119174621236	0.8886082688084129	0.8435995006561612	0.3196752808681521	-1	-1	2.0854015663305017	0.526752415727566	-1	0.6056518619698671	0.3778618563267522	0.026248187465197637	0.6204214767190439	0.5291031428127411	0.11153121224077545	0.4705509791326792	1.3987416807729782	1.993353559282288	0.5210899822913895	0.4518171669343838	-1	0.3319808791314769	0.897625375468023	1.006779697934126	0.564220040124157	0.8886082688084129	0.7364804407531604	0.14018632315313173	0.0	0.3443698514931781	0.3995806860273239	1.0268494852760428	-1	0.5000518707985081	1.4406766375416997	0.10714612378052046	-1	-1	0.9547605247103395	0.9671008326535513	1.2454425656493786	0.8642440182797149	0.2082776083565412	1.3987416807729782
ERS227112_00226_1-132	1.2844964210378462	0.7727420659689456	1.232978120301591	1.1879693521493393	0.024694570625026002	-1	-1	2.42977141782368	0.8711222672207442	-1	0.261282010476689	0.03349200483357406	0.3181216640279805	0.964791328212222	0.18473329131956295	0.23283863925240267	0.8149208306258573	1.7431115322661563	2.337723410775466	0.17672013079821136	0.7961870184275619	-1	0.012388972361701223	0.5532555239748449	1.351149549427304	0.9085898916173352	1.232978120301591	0.39211058925998227	0.48455617464630985	0.3443698514931781	0.0	0.743950537520502	1.371219336769221	-1	0.15568201930533	1.7850464890348778	0.4515159752736986	-1	-1	1.2991303762035176	1.3114706841467294	1.5898124171425567	1.208613869772893	0.5526474598497193	1.7431115322661563
BN373_30381_1-121	0.5405458835173442	1.5166926034894475	0.48902758278108904	0.4440188146288373	0.719255966895476	-1	-1	1.6858208803031778	0.12717172970024215	-1	1.005232547997191	0.7774425423540761	0.4258288734925215	0.22084079069172002	0.928683828840065	0.5111118982680993	0.0709702931053553	0.9991609947456543	1.593772873254964	0.9206706683187134	0.0522364809070599	-1	0.7315615651588008	1.297206061495347	0.607199011906802	0.16463935409683317	0.48902758278108904	1.1360611267804843	0.25939436287419215	0.3995806860273239	0.743950537520502	0.0	0.6272687992487189	-1	0.899632556825832	1.0410959515143758	0.2924345622468034	-1	-1	0.5551798386830156	0.5675201466262274	0.8458618796220547	0.464663332252391	0.1913030776707827	0.9991609947456543
ETEC_0238_1-133	0.0867229157313747	2.1439614027381664	0.13824121646762988	0.18324998461988162	1.3465247661441948	-1	-1	1.0585520810544589	0.5000970695484768	-1	1.6325013472459098	1.404711341602795	1.0530976727412404	0.4064280085569989	1.5559526280887839	1.1383806975168183	0.5562985061433636	0.3718921954969354	0.9665040740062452	1.5479394675674323	0.575032318341659	-1	1.3588303644075197	1.9244748607440658	0.02006978734191689	0.46262944515188575	0.13824121646762988	1.7633299260292032	0.8866631621229111	1.0268494852760428	1.371219336769221	0.6272687992487189	0.0	-1	1.5269013560745508	0.4138271522656569	0.9197033614955223	-1	-1	0.07208896056570335	0.059748652622491516	0.2185930803733358	0.16260546699632794	0.8185718769195016	0.3718921954969354
b1403_1-121	-1	-1	-1	-1	-1	-1	-1	-1	-1	-1	-1	-1	-1	-1	-1	-1	-1	-1	-1	-1	-1	-1	-1	-1	-1	-1	-1	-1	-1	-1	-1	-1	-1	-1	-1	-1	-1	-1	-1	-1	-1	-1	-1	-1	-1
Ecoli9000q_53340_1-121	1.440178440343176	0.6170600466636156	1.388660139606921	1.3436513714546692	0.180376589930356	-1	-1	2.5854534371290097	1.0268042865260743	-1	0.10559999117135899	0.12219001447175593	0.47380368333331047	1.1204733475175521	0.029051272014232965	0.38852065855773266	0.9706028499311873	1.8987935515714862	2.493405430080796	0.021038111492881373	0.9518690377328919	-1	0.1680709916670312	0.39757350466951485	1.506831568732634	1.064271910922665	1.388660139606921	0.23642856995465228	0.6402381939516398	0.5000518707985081	0.15568201930533	0.899632556825832	1.5269013560745508	-1	0.0	1.9407285083402077	0.6071979945790286	-1	-1	1.4548123955088474	1.4671527034520593	1.7454944364478866	1.3642958890782229	0.7083294791550493	1.8987935515714862
BN373_11511_1-173	0.5005500679970316	2.5577885550038233	0.5520683687332868	0.5970771368855385	1.7603519184098517	-1	-1	0.6447249287888019	0.9139242218141337	-1	2.0463284995115667	1.818538493868452	1.4669248250068974	0.8202551608226558	1.9697797803544408	1.5522078497824752	0.9701256584090205	0.0419349567687215	0.5526769217405882	1.9617666198330892	0.9888594706073159	-1	1.7726575166731766	2.3383020130097227	0.4338969396075738	0.8764565974175427	0.5520683687332868	2.17715707829486	1.300490314388568	1.4406766375416997	1.7850464890348778	1.0410959515143758	0.4138271522656569	-1	1.9407285083402077	0.0	1.3335305137611793	-1	-1	0.48591611283136027	0.47357580488814843	0.19523407189232111	0.5764326192619849	1.2323990291851585	0.0419349567687215
ENC_35920_1-169	0.8329804457641476	1.224258041242644	0.7814621450278925	0.7364533768756407	0.4268214046486726	-1	-1	1.9782554425499812	0.4196062919470456	-1	0.7127979857503876	0.48500798010727264	0.1333943112457181	0.5132753529385234	0.6362492665932615	0.2186773360212959	0.3634048553521587	1.2915955569924578	1.8862074355017675	0.6282361060719099	0.3446710431538633	-1	0.43912700291199736	1.0047714992485435	0.8996335741536055	0.4570739163436366	0.7814621450278925	0.8436265645336809	0.03304019937261127	0.10714612378052046	0.4515159752736986	0.2924345622468034	0.9197033614955223	-1	0.6071979945790286	1.3335305137611793	0.0	-1	-1	0.847614400929819	0.8599547088730308	1.1382964418688581	0.7570978944991944	0.10113148457602072	1.2915955569924578
b4272_1-121	-1	-1	-1	-1	-1	-1	-1	-1	-1	-1	-1	-1	-1	-1	-1	-1	-1	-1	-1	-1	-1	-1	-1	-1	-1	-1	-1	-1	-1	-1	-1	-1	-1	-1	-1	-1	-1	-1	-1	-1	-1	-1	-1	-1	-1
b2861_1-121	-1	-1	-1	-1	-1	-1	-1	-1	-1	-1	-1	-1	-1	-1	-1	-1	-1	-1	-1	-1	-1	-1	-1	-1	-1	-1	-1	-1	-1	-1	-1	-1	-1	-1	-1	-1	-1	-1	-1	-1	-1	-1	-1	-1	-1
NCTC13441_01727_1-142	0.014633955165671342	2.071872442172463	0.06615225590192653	0.11116102405417827	1.2744358055784915	-1	-1	1.1306410416201622	0.4280081089827734	-1	1.5604123866802064	1.3326223810370916	0.9810087121755371	0.33433904799129555	1.4838636675230805	1.066291736951115	0.48420954557766027	0.44398115606263877	1.0385930345719485	1.475850507001729	0.5029433577759557	-1	1.2867414038418163	1.8523859001783625	0.05201917322378646	0.3905404845861824	0.06615225590192653	1.6912409654635	0.8145742015572077	0.9547605247103395	1.2991303762035176	0.5551798386830156	0.07208896056570335	-1	1.4548123955088474	0.48591611283136027	0.847614400929819	-1	-1	0.0	0.012340307943211837	0.29068204093903915	0.09051650643062459	0.7464829163537983	0.44398115606263877
BN373_01321_1-174	0.02697426310888318	2.084212750115675	0.07849256384513836	0.1235013319973901	1.2867761135217033	-1	-1	1.1183007336769504	0.44034841692598525	-1	1.5727526946234183	1.3449626889803035	0.9933490201187489	0.3466793559345074	1.4962039754662924	1.0786320448943267	0.4965498535208721	0.43164084811942693	1.0262527266287367	1.4881908149449408	0.5152836657191675	-1	1.2990817117850282	1.8647262081215743	0.03967886528057463	0.40288079252939424	0.07849256384513836	1.7035812734067117	0.8269145095004196	0.9671008326535513	1.3114706841467294	0.5675201466262274	0.059748652622491516	-1	1.4671527034520593	0.47357580488814843	0.8599547088730308	-1	-1	0.012340307943211837	0.0	0.2783417329958273	0.10285681437383642	0.7588232242970101	0.43164084811942693
NCTC13441_04169_1-142	0.3053159961047105	2.362554483111502	0.3568342968409657	0.4018430649932174	1.5651178465175306	-1	-1	0.8399590006811231	0.7186901499218126	-1	1.8510944276192456	1.6233044219761308	1.2716907531145762	0.6250210889303347	1.7745457084621197	1.356973777890154	0.7748915865166994	0.15329911512359962	0.7479109936329094	1.766532547940768	0.7936253987149948	-1	1.5774234447808555	2.1430679411174016	0.2386628677152527	0.6812225255252216	0.3568342968409657	1.981923006402539	1.1052562424962469	1.2454425656493786	1.5898124171425567	0.8458618796220547	0.2185930803733358	-1	1.7454944364478866	0.19523407189232111	1.1382964418688581	-1	-1	0.29068204093903915	0.2783417329958273	0.0	0.38119854736966374	1.0371649572928374	0.15329911512359962
ETEC_3901_1-121	0.07588255126495325	1.9813559357418384	0.02436425052869806	0.020644517623553682	1.1839192991478669	-1	-1	1.2211575480507868	0.33749160255214883	-1	1.4698958802495818	1.242105874606467	0.8904922057449125	0.24382254156067096	1.393347161092456	0.9757752305204903	0.3936930391470357	0.5344976624932634	1.129109541002573	1.3853340005711043	0.4124268513453311	-1	1.1962248974111918	1.7618693937477379	0.14253567965441105	0.3000239781555578	0.02436425052869806	1.6007244590328753	0.7240576951265831	0.8642440182797149	1.208613869772893	0.464663332252391	0.16260546699632794	-1	1.3642958890782229	0.5764326192619849	0.7570978944991944	-1	-1	0.09051650643062459	0.10285681437383642	0.38119854736966374	0.0	0.6559664099231737	0.5344976624932634
ERS227112_04114_1-174	0.7318489611881269	1.3253895258186648	0.6803306604518717	0.63532189229962	0.5279528892246933	-1	-1	1.8771239579739605	0.31847480737102485	-1	0.8139294703264083	0.5861394646832934	0.23452579582173882	0.4121438683625027	0.7373807511692823	0.31980882059731663	0.262273370776138	1.190464072416437	1.7850759509257468	0.7293675906479307	0.2435395585778426	-1	0.5402584874880181	1.1059029838245642	0.7985020895775847	0.35594243176761586	0.6803306604518717	0.9447580491097016	0.06809128520340946	0.2082776083565412	0.5526474598497193	0.1913030776707827	0.8185718769195016	-1	0.7083294791550493	1.2323990291851585	0.10113148457602072	-1	-1	0.7464829163537983	0.7588232242970101	1.0371649572928374	0.6559664099231737	0.0	1.190464072416437
BN373_28801_1-173	0.4586151112283101	2.515853598235102	0.5101334119645653	0.555142180116817	1.7184169616411302	-1	-1	0.6866598855575234	0.8719892650454122	-1	2.004393542742845	1.7766035370997304	1.4249898682381759	0.7783202040539343	1.9278448235857193	1.5102728930137537	0.928190701640299	0.0	0.5946118785093097	1.9198316630643677	0.9469245138385944	-1	1.7307225599044551	2.2963670562410012	0.3919619828388523	0.8345216406488212	0.5101334119645653	2.1352221215261387	1.2585553576198465	1.3987416807729782	1.7431115322661563	0.9991609947456543	0.3718921954969354	-1	1.8987935515714862	0.0419349567687215	1.2915955569924578	-1	-1	0.44398115606263877	0.43164084811942693	0.15329911512359962	0.5344976624932634	1.190464072416437	0.0
