b4053_1-359	-1	-1	-1	-1	-1	-1	-1	-1	-1	-1	-1	-1	-1	-1	-1	-1	-1	-1	-1	-1	-1	-1	-1	-1	-1	-1	-1	-1
SL1344_1730_1-356	-1	0.0	0.07191792174993017	0.5984074443714291	0.22159848698316997	0.31598274971457807	1.085979498095557	0.12086137431659005	0.4649241238152171	0.238059117413	0.43314395269943007	0.37134742114255404	0.616413811386569	0.038835305622969996	0.3417592206212281	0.2894083013903951	0.2252664539139	0.38555874406302604	0.15649117579303984	0.19575712686633007	0.3646339231781871	0.3569751520273171	0.357502230699802	-1	0.570657850517794	0.08606118970597998	0.20913226946160002	0.044239702173380024
ROD_18281_1-356	-1	0.07191792174993017	0.0	0.526489522621499	0.1496805652332398	0.2440648279646479	1.0140615763456269	0.048943452566659884	0.3930062020652869	0.16614119566306984	0.3612260309494999	0.29942949939262387	0.5444958896366389	0.11075322737290016	0.26984129887129793	0.21749037964046491	0.15334853216396982	0.31364082231309587	0.22840909754297	0.1238392051163999	0.29271600142825693	0.28505723027738694	0.28558430894987186	-1	0.4987399287678639	0.01414326795604981	0.13721434771166985	0.027678219576550145
t3513_7-364	-1	0.5984074443714291	0.526489522621499	0.0	0.37680895738825915	0.28242469465685105	0.48757205372412793	0.47754607005483907	0.13348332055621204	0.3603483269584291	0.16526349167199905	0.22706002322887509	0.018006367015139912	0.6372427499943991	0.256648223750201	0.30899914298103404	0.37314099045752913	0.21284870030840308	0.754898620164469	0.40265031750509905	0.23377352119324202	0.241432292344112	0.2409052136716271	-1	0.02774959385363507	0.5123462546654491	0.3892751749098291	0.5541677421980491
SEN1235_1-356	-1	0.22159848698316997	0.1496805652332398	0.37680895738825915	0.0	0.0943842627314081	0.8643810111123871	0.10073711266657992	0.2433256368320471	0.016460630429830037	0.2115454657162601	0.14974893415938406	0.39481532440339906	0.26043379260613997	0.12016073363805813	0.06780981440722511	0.0036679669307300156	0.16396025707985606	0.3780896627762098	0.025841360116839907	0.14303543619501713	0.13537666504414714	0.13590374371663205	-1	0.3490593635346241	0.13553729727719	0.012466217521569956	0.17735878480978995
STM_MW17941_1-356	-1	0.31598274971457807	0.2440648279646479	0.28242469465685105	0.0943842627314081	0.0	0.769996748380979	0.19512137539798802	0.148941374100639	0.07792363230157806	0.117161202984852	0.055364671427975964	0.30043106167199096	0.35481805533754807	0.02577647090665003	0.026574448324182987	0.09071629580067808	0.06957599434844797	0.4724739255076179	0.120225622848248	0.04865117346360903	0.04099240231273904	0.041519480985223955	-1	0.254675100803216	0.2299215600085981	0.10685048025297805	0.27174304754119805
t4153_1-359	-1	1.085979498095557	1.0140615763456269	0.48757205372412793	0.8643810111123871	0.769996748380979	0.0	0.965118123778967	0.62105537428034	0.847920380682557	0.652835545396127	0.714632076953003	0.469565686708988	1.124814803718527	0.744220277474329	0.796571196705162	0.8607130441816571	0.700420754032531	1.2424706738885969	0.890222371229227	0.72134557491737	0.7290043460682399	0.728477267395755	-1	0.515321647577763	0.9999183083895771	0.876847228633957	1.041739795922177
ROD_36381_1-359	-1	0.12086137431659005	0.048943452566659884	0.47754607005483907	0.10073711266657992	0.19512137539798802	0.965118123778967	0.0	0.34406274949862703	0.11719774309640996	0.31228257838284	0.250486046825964	0.495552437069979	0.15969667993956005	0.22089784630463805	0.16854692707380503	0.10440507959730994	0.264697369746436	0.2773525501096299	0.07489575254974001	0.24377254886159705	0.23611377771072706	0.23664085638321197	-1	0.449796476201204	0.034800184610610074	0.08827089514500996	0.07662167214321003
CS17_04533_1-359	-1	0.4649241238152171	0.3930062020652869	0.13348332055621204	0.2433256368320471	0.148941374100639	0.62105537428034	0.34406274949862703	0.0	0.22686500640221707	0.031780171115787015	0.09357670267266305	0.15148968757135195	0.5037594294381871	0.12316490319398898	0.175515822424822	0.2396576699013171	0.07936537975219105	0.6214152996082569	0.269166996948887	0.10029020063702998	0.10794897178789997	0.10742189311541506	-1	0.10573372670257697	0.3788629341092371	0.25579185435361707	0.42068442164183706
SL1344_4183_1-359	-1	0.238059117413	0.16614119566306984	0.3603483269584291	0.016460630429830037	0.07792363230157806	0.847920380682557	0.11719774309640996	0.22686500640221707	0.0	0.19508483528643006	0.13328830372955403	0.378354693973569	0.27689442303597	0.10370010320822809	0.051349183977395074	0.012792663499100021	0.14749962665002603	0.39455029320603985	0.04230199054666994	0.1265748057651871	0.1189160346143171	0.11944311328680202	-1	0.33259873310479404	0.15199792770702003	0.028926847951399992	0.19381941523961999
NCTC13441_04430_1-359	-1	0.43314395269943007	0.3612260309494999	0.16526349167199905	0.2115454657162601	0.117161202984852	0.652835545396127	0.31228257838284	0.031780171115787015	0.19508483528643006	0.0	0.06179653155687603	0.18326985868713896	0.47197925832240006	0.09138473207820197	0.14373565130903498	0.20787749878553008	0.04758520863640403	0.5896351284924699	0.2373868258331	0.06851002952124297	0.07616880067211296	0.07564172199962804	-1	0.13751389781836398	0.3470827629934501	0.22401168323783005	0.38890425052605004
ETEC_1294_1-356	-1	0.37134742114255404	0.29942949939262387	0.22706002322887509	0.14974893415938406	0.055364671427975964	0.714632076953003	0.250486046825964	0.09357670267266305	0.13328830372955403	0.06179653155687603	0.0	0.245066390244015	0.41018272676552403	0.029588200521325936	0.08193911975215895	0.14608096722865405	0.014211322920472003	0.5278385969355939	0.17559029427622397	0.006713497964366932	0.014372269115236924	0.013845190442752009	-1	0.19931042937524002	0.28528623143657406	0.16221515168095402	0.327107718969174
t1075_1-356	-1	0.616413811386569	0.5444958896366389	0.018006367015139912	0.39481532440339906	0.30043106167199096	0.469565686708988	0.495552437069979	0.15148968757135195	0.378354693973569	0.18326985868713896	0.245066390244015	0.0	0.655249117009539	0.27465459076534093	0.32700550999617395	0.39114735747266904	0.230855067323543	0.7729049871796089	0.42065668452023897	0.25177988820838193	0.2594386593592519	0.258911580686767	-1	0.04575596086877498	0.530352621680589	0.407281541924969	0.572174109213189
BN373_00471_1-359	-1	0.038835305622969996	0.11075322737290016	0.6372427499943991	0.26043379260613997	0.35481805533754807	1.124814803718527	0.15969667993956005	0.5037594294381871	0.27689442303597	0.47197925832240006	0.41018272676552403	0.655249117009539	0.0	0.3805945262441981	0.3282436070133651	0.26410175953687	0.42439404968599603	0.11765587017006984	0.23459243248930006	0.4034692288011571	0.3958104576502871	0.396337536322772	-1	0.609493156140764	0.12489649532894997	0.24796757508457	0.08307500779635002
BN373_28911_1-356	-1	0.3417592206212281	0.26984129887129793	0.256648223750201	0.12016073363805813	0.02577647090665003	0.744220277474329	0.22089784630463805	0.12316490319398898	0.10370010320822809	0.09138473207820197	0.029588200521325936	0.27465459076534093	0.3805945262441981	0.0	0.052350919230833015	0.11649276670732811	0.04379952344179794	0.49825039641426794	0.14600209375489803	0.022874702556959003	0.015215931406089012	0.015743010078573927	-1	0.22889862989656595	0.2556980309152481	0.13262695115962808	0.2975195184478481
ERS227112_04358_1-356	-1	0.2894083013903951	0.21749037964046491	0.30899914298103404	0.06780981440722511	0.026574448324182987	0.796571196705162	0.16854692707380503	0.175515822424822	0.051349183977395074	0.14373565130903498	0.08193911975215895	0.32700550999617395	0.3282436070133651	0.052350919230833015	0.0	0.0641418474764951	0.09615044267263095	0.4458994771834349	0.09365117452406502	0.07522562178779202	0.06756685063692203	0.06809392930940694	-1	0.28124954912739897	0.2033471116844151	0.08027603192879507	0.24516859921701506
NCTC13441_02689_1-357	-1	0.2252664539139	0.15334853216396982	0.37314099045752913	0.0036679669307300156	0.09071629580067808	0.8607130441816571	0.10440507959730994	0.2396576699013171	0.012792663499100021	0.20787749878553008	0.14608096722865405	0.39114735747266904	0.26410175953687	0.11649276670732811	0.0641418474764951	0.0	0.16029229014912605	0.3817576297069398	0.029509327047569922	0.1393674692642871	0.13170869811341712	0.13223577678590204	-1	0.34539139660389406	0.13920526420792	0.01613418445229997	0.18102675174051996
SEN4016_1-359	-1	0.38555874406302604	0.31364082231309587	0.21284870030840308	0.16396025707985606	0.06957599434844797	0.700420754032531	0.264697369746436	0.07936537975219105	0.14749962665002603	0.04758520863640403	0.014211322920472003	0.230855067323543	0.42439404968599603	0.04379952344179794	0.09615044267263095	0.16029229014912605	0.0	0.5420499198560659	0.18980161719669597	0.020924820884838935	0.028583592035708927	0.02805651336322401	-1	0.18509910645476801	0.29949755435704606	0.17642647460142602	0.341319041889646
ENC_04840_1-359	-1	0.15649117579303984	0.22840909754297	0.754898620164469	0.3780896627762098	0.4724739255076179	1.2424706738885969	0.2773525501096299	0.6214152996082569	0.39455029320603985	0.5896351284924699	0.5278385969355939	0.7729049871796089	0.11765587017006984	0.49825039641426794	0.4458994771834349	0.3817576297069398	0.5420499198560659	0.0	0.3522483026593699	0.5211250989712269	0.513466327820357	0.5139934064928419	-1	0.7271490263108339	0.24255236549901982	0.36562344525463986	0.20073087796641986
STMMW_41971_1-359	-1	0.19575712686633007	0.1238392051163999	0.40265031750509905	0.025841360116839907	0.120225622848248	0.890222371229227	0.07489575254974001	0.269166996948887	0.04230199054666994	0.2373868258331	0.17559029427622397	0.42065668452023897	0.23459243248930006	0.14600209375489803	0.09365117452406502	0.029509327047569922	0.18980161719669597	0.3522483026593699	0.0	0.16887679631185704	0.16121802516098704	0.16174510383347196	-1	0.374900723651464	0.10969593716035009	0.013375142595269951	0.15151742469295004
ETEC_4363_1-359	-1	0.3646339231781871	0.29271600142825693	0.23377352119324202	0.14303543619501713	0.04865117346360903	0.72134557491737	0.24377254886159705	0.10029020063702998	0.1265748057651871	0.06851002952124297	0.006713497964366932	0.25177988820838193	0.4034692288011571	0.022874702556959003	0.07522562178779202	0.1393674692642871	0.020924820884838935	0.5211250989712269	0.16887679631185704	0.0	0.007658771150869992	0.007131692478385077	-1	0.20602392733960695	0.2785727334722071	0.15550165371658708	0.3203942210048071
ENC_07050_1-356	-1	0.3569751520273171	0.28505723027738694	0.241432292344112	0.13537666504414714	0.04099240231273904	0.7290043460682399	0.23611377771072706	0.10794897178789997	0.1189160346143171	0.07616880067211296	0.014372269115236924	0.2594386593592519	0.3958104576502871	0.015215931406089012	0.06756685063692203	0.13170869811341712	0.028583592035708927	0.513466327820357	0.16121802516098704	0.007658771150869992	0.0	0.0005270786724849152	-1	0.21368269849047694	0.27091396232133713	0.1478428825657171	0.3127354498539371
SEN3897_7-364	-1	0.357502230699802	0.28558430894987186	0.2409052136716271	0.13590374371663205	0.041519480985223955	0.728477267395755	0.23664085638321197	0.10742189311541506	0.11944311328680202	0.07564172199962804	0.013845190442752009	0.258911580686767	0.396337536322772	0.015743010078573927	0.06809392930940694	0.13223577678590204	0.02805651336322401	0.5139934064928419	0.16174510383347196	0.007131692478385077	0.0005270786724849152	0.0	-1	0.21315561981799203	0.27144104099382205	0.148369961238202	0.313262528526422
b1190_1-356	-1	-1	-1	-1	-1	-1	-1	-1	-1	-1	-1	-1	-1	-1	-1	-1	-1	-1	-1	-1	-1	-1	-1	-1	-1	-1	-1	-1
STM_MW41971_1-359	-1	0.570657850517794	0.4987399287678639	0.02774959385363507	0.3490593635346241	0.254675100803216	0.515321647577763	0.449796476201204	0.10573372670257697	0.33259873310479404	0.13751389781836398	0.19931042937524002	0.04575596086877498	0.609493156140764	0.22889862989656595	0.28124954912739897	0.34539139660389406	0.18509910645476801	0.7271490263108339	0.374900723651464	0.20602392733960695	0.21368269849047694	0.21315561981799203	-1	0.0	0.4845966608118141	0.36152558105619403	0.526418148344414
STMMW_17941_1-356	-1	0.08606118970597998	0.01414326795604981	0.5123462546654491	0.13553729727719	0.2299215600085981	0.9999183083895771	0.034800184610610074	0.3788629341092371	0.15199792770702003	0.3470827629934501	0.28528623143657406	0.530352621680589	0.12489649532894997	0.2556980309152481	0.2033471116844151	0.13920526420792	0.29949755435704606	0.24255236549901982	0.10969593716035009	0.2785727334722071	0.27091396232133713	0.27144104099382205	-1	0.4845966608118141	0.0	0.12307107975562004	0.041821487532599955
CS17_01366_1-357	-1	0.20913226946160002	0.13721434771166985	0.3892751749098291	0.012466217521569956	0.10685048025297805	0.876847228633957	0.08827089514500996	0.25579185435361707	0.028926847951399992	0.22401168323783005	0.16221515168095402	0.407281541924969	0.24796757508457	0.13262695115962808	0.08027603192879507	0.01613418445229997	0.17642647460142602	0.36562344525463986	0.013375142595269951	0.15550165371658708	0.1478428825657171	0.148369961238202	-1	0.36152558105619403	0.12307107975562004	0.0	0.16489256728822
ERS227112_01912_1-359	-1	0.044239702173380024	0.027678219576550145	0.5541677421980491	0.17735878480978995	0.27174304754119805	1.041739795922177	0.07662167214321003	0.42068442164183706	0.19381941523961999	0.38890425052605004	0.327107718969174	0.572174109213189	0.08307500779635002	0.2975195184478481	0.24516859921701506	0.18102675174051996	0.341319041889646	0.20073087796641986	0.15151742469295004	0.3203942210048071	0.3127354498539371	0.313262528526422	-1	0.526418148344414	0.041821487532599955	0.16489256728822	0.0
