STM_MW34071_1-127	0.0	0.05667771500772519	0.020304318394556962	0.09159273112647984	-1	0.03933999315519675	0.07877344241328679	0.0	0.14874770648876454	0.02546627595705804	0.08299054420767876	0.0259700588256427	0.04819836589532456
BN373_43311_1-128	0.05667771500772519	0.0	0.03637339661316823	0.034915016118754645	-1	0.017337721852528444	0.0220957274055616	0.05667771500772519	0.09206999148103934	0.03121143905066715	0.02631282919995357	0.03070765618208249	0.008479349112400635
ENC_25090_1-127	0.020304318394556962	0.03637339661316823	0.0	0.07128841273192288	-1	0.019035674760639786	0.058469124018729834	0.020304318394556962	0.12844338809420758	0.005161957562501079	0.0626862258131218	0.005665740431085739	0.027894047500767596
ROD_45271_1-128	0.09159273112647984	0.034915016118754645	0.07128841273192288	0.0	-1	0.05225273797128309	0.012819288713193044	0.09159273112647984	0.0571549753622847	0.0661264551694218	0.008602186918801075	0.06562267230083714	0.04339436523115528
b3294_1-127	-1	-1	-1	-1	-1	-1	-1	-1	-1	-1	-1	-1	-1
SL1344_3381_1-127	0.03933999315519675	0.017337721852528444	0.019035674760639786	0.05225273797128309	-1	0.0	0.039433449258090045	0.03933999315519675	0.10940771333356779	0.013873717198138708	0.043650551052482015	0.013369934329554047	0.00885837274012781
CS17_03729_1-127	0.07877344241328679	0.0220957274055616	0.058469124018729834	0.012819288713193044	-1	0.039433449258090045	0.0	0.07877344241328679	0.06997426407547774	0.05330716645622875	0.00421710179439197	0.052803383587644095	0.030575076517962235
NCTC13441_00401_1-127	0.0	0.05667771500772519	0.020304318394556962	0.09159273112647984	-1	0.03933999315519675	0.07877344241328679	0.0	0.14874770648876454	0.02546627595705804	0.08299054420767876	0.0259700588256427	0.04819836589532456
SEN3242_1-127	0.14874770648876454	0.09206999148103934	0.12844338809420758	0.0571549753622847	-1	0.10940771333356779	0.06997426407547774	0.14874770648876454	0.0	0.1232814305317065	0.06575716228108577	0.12277764766312184	0.10054934059343998
ERS227112_00891_1-128	0.02546627595705804	0.03121143905066715	0.005161957562501079	0.0661264551694218	-1	0.013873717198138708	0.05330716645622875	0.02546627595705804	0.1232814305317065	0.0	0.05752426825062072	0.0005037828685846603	0.022732089938266517
STMMW_34071_1-127	0.08299054420767876	0.02631282919995357	0.0626862258131218	0.008602186918801075	-1	0.043650551052482015	0.00421710179439197	0.08299054420767876	0.06575716228108577	0.05752426825062072	0.0	0.057020485382036065	0.034792178312354205
t4091_1-127	0.0259700588256427	0.03070765618208249	0.005665740431085739	0.06562267230083714	-1	0.013369934329554047	0.052803383587644095	0.0259700588256427	0.12277764766312184	0.0005037828685846603	0.057020485382036065	0.0	0.022228307069681857
ETEC_3546_1-127	0.04819836589532456	0.008479349112400635	0.027894047500767596	0.04339436523115528	-1	0.00885837274012781	0.030575076517962235	0.04819836589532456	0.10054934059343998	0.022732089938266517	0.034792178312354205	0.022228307069681857	0.0
