Ecoli9000q_340_1-374	0.0	0.3155072280364858	0.41637643403607794	0.7966431193353736	0.4881783285235545	0.7297680327330642	0.004571128801333285	-1	0.45145612489538167	0.4734626511480472	0.04742606557903248	0.4141538596574331	0.3405256487144551	0.5433711146394332
ERS227112_03603_1-408	0.3155072280364858	0.0	0.10086920599959215	0.4811358912988878	0.17267110048706868	0.41426080469657844	0.31093609923515253	-1	0.13594889685889588	0.1579554231115614	0.26808116245745334	0.09864663162094733	0.025018420677969333	0.22786388660294743
ETEC_1251_1-408	0.41637643403607794	0.10086920599959215	0.0	0.38026668529929564	0.07180189448747654	0.3133915986969863	0.4118053052347447	-1	0.035079690859303736	0.05708621711196926	0.3689503684570455	0.002222574378644815	0.07585078532162282	0.12699468060335528
ENC_11050_6-409	0.7966431193353736	0.4811358912988878	0.38026668529929564	0.0	0.3084647908118191	0.06687508660230934	0.7920719905340403	-1	0.3451869944399919	0.3231804681873264	0.7492170537563412	0.38248925967794045	0.45611747062091845	0.25327200469594036
STMMW_12361_1-408	0.4881783285235545	0.17267110048706868	0.07180189448747654	0.3084647908118191	0.0	0.24158970420950976	0.4836071997222212	-1	0.0367222036281728	0.014715677375507275	0.440752262944522	0.07402446886612135	0.14765267980909935	0.055192786115878745
SL1344_1164_1-408	0.7297680327330642	0.41426080469657844	0.3133915986969863	0.06687508660230934	0.24158970420950976	0.0	0.725196903931731	-1	0.27831190783768256	0.25630538158501703	0.6823419671540318	0.3156141730756311	0.3892423840186091	0.18639691809363101
NCTC13441_02785_1-408	0.004571128801333285	0.31093609923515253	0.4118053052347447	0.7920719905340403	0.4836071997222212	0.725196903931731	0.0	-1	0.4468849960940484	0.46889152234671394	0.04285493677769919	0.40958273085609986	0.33595451991312186	0.5387999858381
b1127_1-408	-1	-1	-1	-1	-1	-1	-1	-1	-1	-1	-1	-1	-1	-1
t1693_1-408	0.45145612489538167	0.13594889685889588	0.035079690859303736	0.3451869944399919	0.0367222036281728	0.27831190783768256	0.4468849960940484	-1	0.0	0.022006526252665526	0.4040300593163492	0.03730226523794855	0.11093047618092655	0.09191498974405155
CS17_01328_1-408	0.4734626511480472	0.1579554231115614	0.05708621711196926	0.3231804681873264	0.014715677375507275	0.25630538158501703	0.46889152234671394	-1	0.022006526252665526	0.0	0.42603658556901475	0.05930879149061408	0.13293700243359208	0.06990846349138602
STM_MW12361_1-408	0.04742606557903248	0.26808116245745334	0.3689503684570455	0.7492170537563412	0.440752262944522	0.6823419671540318	0.04285493677769919	-1	0.4040300593163492	0.42603658556901475	0.0	0.36672779407840067	0.29309958313542267	0.49594504906040077
BN373_17501_1-408	0.4141538596574331	0.09864663162094733	0.002222574378644815	0.38248925967794045	0.07402446886612135	0.3156141730756311	0.40958273085609986	-1	0.03730226523794855	0.05930879149061408	0.36672779407840067	0.0	0.073628210942978	0.1292172549820001
ROD_12151_1-408	0.3405256487144551	0.025018420677969333	0.07585078532162282	0.45611747062091845	0.14765267980909935	0.3892423840186091	0.33595451991312186	-1	0.11093047618092655	0.13293700243359208	0.29309958313542267	0.073628210942978	0.0	0.2028454659249781
SEN1822_1-408	0.5433711146394332	0.22786388660294743	0.12699468060335528	0.25327200469594036	0.055192786115878745	0.18639691809363101	0.5387999858381	-1	0.09191498974405155	0.06990846349138602	0.49594504906040077	0.1292172549820001	0.2028454659249781	0.0
