SEN0479_72-229	0.0	0.4154170087393926	-1	0.2506228571363943	0.09916526519123797	0.040962520659901136	0.0931213910598977	0.10982583408031488	0.41364594178941627	0.39727102636523226	0.05482948005577487	0.5507802304708852	1.0895025057780812	0.0165359618479618
ETEC_0536_103-230	0.4154170087393926	0.0	-1	0.16479415160299826	0.5145822739306305	0.37445448807949144	0.3222956176794949	0.3055911746590777	0.0017710669499763076	0.01814598237416032	0.47024648879516745	0.13536322173149262	0.6740854970386887	0.3988810468914308
b0484_103-230	-1	-1	-1	-1	-1	-1	-1	-1	-1	-1	-1	-1	-1	-1
ERS227112_02817_80-228	0.2506228571363943	0.16479415160299826	-1	0.0	0.3497881223276323	0.20966033647649318	0.15750146607649662	0.14079702305607944	0.16302308465302195	0.14664816922883794	0.3054523371921692	0.3001573733344909	0.838879648641687	0.23408689528843252
STM_MW05681_73-206	0.09916526519123797	0.5145822739306305	-1	0.3497881223276323	0.0	0.1401277858511391	0.19228665625113567	0.20899109927155285	0.5128112069806543	0.49643629155647023	0.0443357851354631	0.6499454956621231	1.1886677709693192	0.11570122703919977
Ecoli9000q_46000_103-230	0.040962520659901136	0.37445448807949144	-1	0.20966033647649318	0.1401277858511391	0.0	0.05215887039999656	0.06886331342041374	0.37268342112951514	0.3563085057053311	0.095792000715676	0.5098177098109841	1.0485399851181803	0.024426558811939336
NCTC13441_03491_103-230	0.0931213910598977	0.3222956176794949	-1	0.15750146607649662	0.19228665625113567	0.05215887039999656	0.0	0.01670444302041718	0.3205245507295186	0.30414963530533456	0.14795087111567257	0.4576588394109875	0.9963811147181836	0.0765854292119359
STMMW_05681_73-206	0.10982583408031488	0.3055911746590777	-1	0.14079702305607944	0.20899109927155285	0.06886331342041374	0.01670444302041718	0.0	0.3038201077091014	0.2874451922849174	0.16465531413608975	0.4409543963905703	0.9796766716977664	0.09328987223235308
BN373_09531_80-231	0.41364594178941627	0.0017710669499763076	-1	0.16302308465302195	0.5128112069806543	0.37268342112951514	0.3205245507295186	0.3038201077091014	0.0	0.01637491542418401	0.46847542184519114	0.13713428868146893	0.675856563988665	0.39710997994145447
ENC_22440_93-231	0.39727102636523226	0.01814598237416032	-1	0.14664816922883794	0.49643629155647023	0.3563085057053311	0.30414963530533456	0.2874451922849174	0.01637491542418401	0.0	0.45210050642100713	0.15350920410565294	0.692231479412849	0.38073506451727046
t2362_72-229	0.05482948005577487	0.47024648879516745	-1	0.3054523371921692	0.0443357851354631	0.095792000715676	0.14795087111567257	0.16465531413608975	0.46847542184519114	0.45210050642100713	0.0	0.60560971052666	1.144331985833856	0.07136544190373667
SL1344_0491_73-206	0.5507802304708852	0.13536322173149262	-1	0.3001573733344909	0.6499454956621231	0.5098177098109841	0.4576588394109875	0.4409543963905703	0.13713428868146893	0.15350920410565294	0.60560971052666	0.0	0.5387222753071961	0.5342442686229234
CS17_00516_103-230	1.0895025057780812	0.6740854970386887	-1	0.838879648641687	1.1886677709693192	1.0485399851181803	0.9963811147181836	0.9796766716977664	0.675856563988665	0.692231479412849	1.144331985833856	0.5387222753071961	0.0	1.0729665439301195
ROD_05411_73-233	0.0165359618479618	0.3988810468914308	-1	0.23408689528843252	0.11570122703919977	0.024426558811939336	0.0765854292119359	0.09328987223235308	0.39710997994145447	0.38073506451727046	0.07136544190373667	0.5342442686229234	1.0729665439301195	0.0
