ERS227112_00607_1-55	0.0	0.6119252082981119	1.0265097379594685	2.0774257520810986	0.2785946334632299	2.0196883793340557	2.244038209410027	0.5850838575932342	0.25532034315038876	0.5703983841266975	0.33284986842511444
ERS227112_00607_126-362	0.6119252082981119	0.0	1.6384349462575805	2.6893509603792105	0.33333057483488204	2.6316135876321676	2.8559634177081388	0.026841350704877698	0.8672455514485007	1.1823235924248094	0.2790753398729975
ROD_41941_1-382	1.0265097379594685	1.6384349462575805	0.0	1.05091601412163	1.3051043714226984	0.9931786413745871	1.2175284714505583	1.6115935955527028	0.7711893948090798	0.456111353832771	1.359359606384583
SEN3536_1-381	2.0774257520810986	2.6893509603792105	1.05091601412163	0.0	2.3560203855443285	0.05773737274704294	0.16661245732892827	2.662509609674333	1.8221054089307098	1.507027367954401	2.410275620506213
ROD_21681_1-356	0.2785946334632299	0.33333057483488204	1.3051043714226984	2.3560203855443285	0.0	2.2982830127972855	2.5226328428732567	0.30648922413000435	0.5339149766136186	0.8489930175899274	0.05425523496188456
STMMW_37031_1-381	2.0196883793340557	2.6316135876321676	0.9931786413745871	0.05773737274704294	2.2982830127972855	0.0	0.2243498300759712	2.60477223692729	1.7643680361836669	1.4492899952073581	2.35253824775917
t3805_1-381	2.244038209410027	2.8559634177081388	1.2175284714505583	0.16661245732892827	2.5226328428732567	0.2243498300759712	0.0	2.829122067003261	1.988717866259638	1.6736398252833293	2.5768880778351413
BN373_46131_1-55	0.5850838575932342	0.026841350704877698	1.6115935955527028	2.662509609674333	0.30648922413000435	2.60477223692729	2.829122067003261	0.0	0.840404200743623	1.1554822417199317	0.2522339891681198
BN373_46131_126-362	0.25532034315038876	0.8672455514485007	0.7711893948090798	1.8221054089307098	0.5339149766136186	1.7643680361836669	1.988717866259638	0.840404200743623	0.0	0.31507804097630876	0.5881702115755032
ETEC_2183_15-358	0.5703983841266975	1.1823235924248094	0.456111353832771	1.507027367954401	0.8489930175899274	1.4492899952073581	1.6736398252833293	1.1554822417199317	0.31507804097630876	0.0	0.903248252551812
CS17_02258_65-363	0.33284986842511444	0.2790753398729975	1.359359606384583	2.410275620506213	0.05425523496188456	2.35253824775917	2.5768880778351413	0.2522339891681198	0.5881702115755032	0.903248252551812	0.0
