t3679_1-119	0.0	0.31965305439756436	0.2379932762375545	0.0832090952893459	0.02771594513324893	0.09421258463126914	0.1402228491763305	0.05446094535003079	0.20375771964975936	0.21040538332145395	0.16932387981111105	0.041773701017161075	-1
CS17_04155_1-108	0.31965305439756436	0.0	0.08165977816000985	0.23644395910821847	0.3473689995308133	0.22544046976629523	0.17943020522123387	0.26519210904753354	0.115895334747805	0.10924767107611041	0.1503291745864533	0.27787935338040326	-1
STMMW_38251_1-119	0.2379932762375545	0.08165977816000985	0.0	0.15478418094820862	0.26570922137080344	0.14378069160628537	0.09777042706122402	0.18353233088752371	0.034235556587795146	0.02758789291610056	0.06866939642644346	0.19621957522039343	-1
STM_MW38251_1-119	0.0832090952893459	0.23644395910821847	0.15478418094820862	0.0	0.11092504042259484	0.011003489341923231	0.05701375388698458	0.028748149939315112	0.12054862436041346	0.12719628803210803	0.08611478452176514	0.04143539427218483	-1
Ecoli9000q_33230_1-108	0.02771594513324893	0.3473689995308133	0.26570922137080344	0.11092504042259484	0.0	0.12192852976451807	0.16793879430957942	0.08217689048327972	0.2314736647830083	0.23812132845470288	0.19703982494435998	0.06948964615041	-1
BN373_47511_1-119	0.09421258463126914	0.22544046976629523	0.14378069160628537	0.011003489341923231	0.12192852976451807	0.0	0.04601026454506135	0.03975163928123834	0.10954513501849023	0.11619279869018481	0.07511129517984191	0.05243888361410806	-1
SL1344_3807_1-119	0.1402228491763305	0.17943020522123387	0.09777042706122402	0.05701375388698458	0.16793879430957942	0.04601026454506135	0.0	0.0857619038262997	0.06353487047342887	0.07018253414512346	0.02910103063478056	0.09844914815916941	-1
ERS227112_00468B_1-119	0.05446094535003079	0.26519210904753354	0.18353233088752371	0.028748149939315112	0.08217689048327972	0.03975163928123834	0.0857619038262997	0.0	0.14929677429972857	0.15594443797142316	0.11486293446108026	0.012687244332869718	-1
ETEC_3994_1-119	0.20375771964975936	0.115895334747805	0.034235556587795146	0.12054862436041346	0.2314736647830083	0.10954513501849023	0.06353487047342887	0.14929677429972857	0.0	0.006647663671694587	0.03443383983864831	0.1619840186325983	-1
SEN3657_1-119	0.21040538332145395	0.10924767107611041	0.02758789291610056	0.12719628803210803	0.23812132845470288	0.11619279869018481	0.07018253414512346	0.15594443797142316	0.006647663671694587	0.0	0.0410815035103429	0.16863168230429287	-1
ROD_40242_1-119	0.16932387981111105	0.1503291745864533	0.06866939642644346	0.08611478452176514	0.19703982494435998	0.07511129517984191	0.02910103063478056	0.11486293446108026	0.03443383983864831	0.0410815035103429	0.0	0.12755017879394998	-1
NCTC13441_04812_1-108	0.041773701017161075	0.27787935338040326	0.19621957522039343	0.04143539427218483	0.06948964615041	0.05243888361410806	0.09844914815916941	0.012687244332869718	0.1619840186325983	0.16863168230429287	0.12755017879394998	0.0	-1
b3704_1-119	-1	-1	-1	-1	-1	-1	-1	-1	-1	-1	-1	-1	-1
