CS17_03484_1-433	0.0	-1	0.3825802779858689	0.49418035670194715	0.37273711215029337	0.8850586761113478	0.5036404634260869	0.49600912265351504	0.5515160924859688	0.3232739826054072	0.4329594501172753	0.34935595853625734
b3054_1-433	-1	-1	-1	-1	-1	-1	-1	-1	-1	-1	-1	-1
SL1344_3175_1-433	0.3825802779858689	-1	0.0	0.11160007871607824	0.00984316583557554	0.5024783981254789	0.12106018544021802	0.11342884466764613	0.16893581450009987	0.05930629538046173	0.05037917213140641	0.03322431944961157
SEN3044_1-433	0.49418035670194715	-1	0.11160007871607824	0.0	0.12144324455165378	0.39087831940940065	0.009460106724139772	0.00182876595156789	0.057335735784021624	0.17090637409653997	0.06122090658467183	0.14482439816568982
STMMW_31631_1-433	0.37273711215029337	-1	0.00984316583557554	0.12144324455165378	0.0	0.5123215639610544	0.13090335127579356	0.12327201050322167	0.1787789803356754	0.049463129544886186	0.060222337966981954	0.023381153614036032
t3122_1-433	0.8850586761113478	-1	0.5024783981254789	0.39087831940940065	0.5123215639610544	0.0	0.3814182126852609	0.38904955345783276	0.33354258362537903	0.5617846935059406	0.4520992259940725	0.5357027175750905
STM_MW31631_1-433	0.5036404634260869	-1	0.12106018544021802	0.009460106724139772	0.13090335127579356	0.3814182126852609	0.0	0.007631340772571882	0.04787562905988185	0.18036648082067974	0.0706810133088116	0.1542845048898296
ROD_35981_1-433	0.49600912265351504	-1	0.11342884466764613	0.00182876595156789	0.12327201050322167	0.38904955345783276	0.007631340772571882	0.0	0.055506969832453734	0.17273514004810786	0.06304967253623972	0.1466531641172577
ERS227112_01148_1-432	0.5515160924859688	-1	0.16893581450009987	0.057335735784021624	0.1787789803356754	0.33354258362537903	0.04787562905988185	0.055506969832453734	0.0	0.2282421098805616	0.11855664236869345	0.20216013394971144
ETEC_3325_1-433	0.3232739826054072	-1	0.05930629538046173	0.17090637409653997	0.049463129544886186	0.5617846935059406	0.18036648082067974	0.17273514004810786	0.2282421098805616	0.0	0.10968546751186814	0.026081975930850154
NCTC13441_00638_1-433	0.4329594501172753	-1	0.05037917213140641	0.06122090658467183	0.060222337966981954	0.4520992259940725	0.0706810133088116	0.06304967253623972	0.11855664236869345	0.10968546751186814	0.0	0.08360349158101799
BN373_41111_1-432	0.34935595853625734	-1	0.03322431944961157	0.14482439816568982	0.023381153614036032	0.5357027175750905	0.1542845048898296	0.1466531641172577	0.20216013394971144	0.026081975930850154	0.08360349158101799	0.0
