STM_MW06101_1-288	0.0	0.0515648296540716	0.0	0.0296192398143995	0.301759088126586	0.0799245289116621	0.187840975568926	0.0630639400116035	0.125352602708152	0.0631964362748857	0.0133656730450469	0.0	0.0851195613677492
ERS227112_02835_1-288	0.0515648296540716	0.0	0.0515648296540716	0.0219455898396721	0.25019425847251436	0.0283596992575905	0.1362761459148544	0.011499110357531893	0.07378777305408038	0.011631606620814104	0.038199156609024704	0.0515648296540716	0.0335547317136776
NCTC13441_03446_1-288	0.0	0.0515648296540716	0.0	0.0296192398143995	0.301759088126586	0.0799245289116621	0.187840975568926	0.0630639400116035	0.125352602708152	0.0631964362748857	0.0133656730450469	0.0	0.0851195613677492
t2321_1-288	0.0296192398143995	0.0219455898396721	0.0296192398143995	0.0	0.27213984831218646	0.050305289097262604	0.1582217357545265	0.033444700197204	0.09573336289375249	0.03357719646048621	0.0162535667693526	0.0296192398143995	0.055500321553349705
BN373_09731_1-288	0.301759088126586	0.25019425847251436	0.301759088126586	0.27213984831218646	0.0	0.22183455921492387	0.11391811255765996	0.2386951481149825	0.17640648541843398	0.23856265185170028	0.2883934150815391	0.301759088126586	0.21663952675883677
CS17_00555_1-288	0.0799245289116621	0.0283596992575905	0.0799245289116621	0.050305289097262604	0.22183455921492387	0.0	0.10791644665726391	0.016860588900058607	0.04542807379648989	0.016728092636776395	0.0665588558666152	0.0799245289116621	0.005195032456087101
ROD_05611_1-288	0.187840975568926	0.1362761459148544	0.187840975568926	0.1582217357545265	0.11391811255765996	0.10791644665726391	0.0	0.12477703555732252	0.06248837286077402	0.1246445392940403	0.1744753025238791	0.187840975568926	0.10272141420117681
SEN0523_1-288	0.0630639400116035	0.011499110357531893	0.0630639400116035	0.033444700197204	0.2386951481149825	0.016860588900058607	0.12477703555732252	0.0	0.062288662696548494	0.0001324962632822113	0.0496982669665566	0.0630639400116035	0.022055621356145708
STMMW_06101_1-288	0.125352602708152	0.07378777305408038	0.125352602708152	0.09573336289375249	0.17640648541843398	0.04542807379648989	0.06248837286077402	0.062288662696548494	0.0	0.06215616643326628	0.11198692966310508	0.125352602708152	0.040233041340402786
SL1344_0535_1-288	0.0631964362748857	0.011631606620814104	0.0631964362748857	0.03357719646048621	0.23856265185170028	0.016728092636776395	0.1246445392940403	0.0001324962632822113	0.06215616643326628	0.0	0.04983076322983881	0.0631964362748857	0.021923125092863496
ENC_22180_1-288	0.0133656730450469	0.038199156609024704	0.0133656730450469	0.0162535667693526	0.2883934150815391	0.0665588558666152	0.1744753025238791	0.0496982669665566	0.11198692966310508	0.04983076322983881	0.0	0.0133656730450469	0.0717538883227023
b0529_1-288	0.0	0.0515648296540716	0.0	0.0296192398143995	0.301759088126586	0.0799245289116621	0.187840975568926	0.0630639400116035	0.125352602708152	0.0631964362748857	0.0133656730450469	0.0	0.0851195613677492
ETEC_0581_1-288	0.0851195613677492	0.0335547317136776	0.0851195613677492	0.055500321553349705	0.21663952675883677	0.005195032456087101	0.10272141420117681	0.022055621356145708	0.040233041340402786	0.021923125092863496	0.0717538883227023	0.0851195613677492	0.0
