BN373_45191_1-781	0.0	0.3140273034245169	0.22922889211545994	0.45946701357489994	0.8084512205540599	1.28657266181394	0.07310270387576989	0.06935754031129004	0.36684537280110796	0.4455558871114209	0.33331000913822795	0.11773292982973982	0.019787347799880006	0.6220381077433601	0.31759700335073493
BN373_45291_28-798	0.3140273034245169	0.0	0.08479841130905696	0.14543971015038304	1.1224785239785768	0.972545358389423	0.240924599548747	0.38338484373580695	0.05281806937659106	0.131528583686904	0.019282705713711046	0.19629437359477708	0.2942399556246369	0.936065411167877	0.0035696999262180285
ROD_42751_1-783	0.22922889211545994	0.08479841130905696	0.0	0.23023812145944	1.0376801126695199	1.05734376969848	0.15612618823969004	0.29858643242675	0.13761648068564802	0.21632699499596098	0.10408111702276801	0.11149596228572012	0.20944154431557993	0.85126699985882	0.088368111235275
t3899_1-766	0.45946701357489994	0.14543971015038304	0.23023812145944	0.0	1.2679182341289599	0.82710564823904	0.38636430969913005	0.52882455388619	0.09262164077379198	0.013911126463479029	0.126157004436672	0.3417340837451601	0.43967966577501993	1.08150512131826	0.141870010224165
ENC_27300_20-793	0.8084512205540599	1.1224785239785768	1.0376801126695199	1.2679182341289599	0.0	2.095023882368	0.8815539244298298	0.7390936802427699	1.175296593355168	1.2540071076654808	1.1417612296922879	0.9261841503837998	0.8282385683539399	0.18641311281069983	1.1260482239047949
b3532_1-779	1.28657266181394	0.972545358389423	1.05734376969848	0.82710564823904	2.095023882368	0.0	1.21346995793817	1.35593020212523	0.919727289012832	0.841016774702519	0.953262652675712	1.1688397319842	1.26678531401406	1.9086107695573	0.968975658463205
SL1344_3583_1-766	0.07310270387576989	0.240924599548747	0.15612618823969004	0.38636430969913005	0.8815539244298298	1.21346995793817	0.0	0.14246024418705994	0.29374266892533807	0.372453183235651	0.26020730526245806	0.044630225953969926	0.053315356075889886	0.69514081161913	0.24449429947496504
ETEC_3778_1-779	0.06935754031129004	0.38338484373580695	0.29858643242675	0.52882455388619	0.7390936802427699	1.35593020212523	0.14246024418705994	0.0	0.436202913112398	0.514913427422711	0.402667549449518	0.18709047014102986	0.08914488811117005	0.5526805674320701	0.386954543662025
ERS227112_00691_40-810	0.36684537280110796	0.05281806937659106	0.13761648068564802	0.09262164077379198	1.175296593355168	0.919727289012832	0.29374266892533807	0.436202913112398	0.0	0.07871051431031295	0.03353536366288001	0.24911244297136814	0.34705802500122795	0.9888834805444681	0.04924836945037303
STM_MW36071_1-641	0.4455558871114209	0.131528583686904	0.21632699499596098	0.013911126463479029	1.2540071076654808	0.841016774702519	0.372453183235651	0.514913427422711	0.07871051431031295	0.0	0.11224587797319296	0.3278229572816811	0.4257685393115409	1.067593994854781	0.12795888376068598
SEN3441_1-766	0.33331000913822795	0.019282705713711046	0.10408111702276801	0.126157004436672	1.1417612296922879	0.953262652675712	0.26020730526245806	0.402667549449518	0.03353536366288001	0.11224587797319296	0.0	0.21557707930848813	0.31352266133834794	0.955348116881588	0.015713005787493017
STMMW_36071_1-641	0.11773292982973982	0.19629437359477708	0.11149596228572012	0.3417340837451601	0.9261841503837998	1.1688397319842	0.044630225953969926	0.18709047014102986	0.24911244297136814	0.3278229572816811	0.21557707930848813	0.0	0.09794558202985981	0.7397710375730999	0.1998640735209951
NCTC13441_00157_1-769	0.019787347799880006	0.2942399556246369	0.20944154431557993	0.43967966577501993	0.8282385683539399	1.26678531401406	0.053315356075889886	0.08914488811117005	0.34705802500122795	0.4257685393115409	0.31352266133834794	0.09794558202985981	0.0	0.6418254555432401	0.2978096555508549
CS17_03970_1-767	0.6220381077433601	0.936065411167877	0.85126699985882	1.08150512131826	0.18641311281069983	1.9086107695573	0.69514081161913	0.5526805674320701	0.9888834805444681	1.067593994854781	0.955348116881588	0.7397710375730999	0.6418254555432401	0.0	0.939635111094095
ERS227112_00702_1-774	0.31759700335073493	0.0035696999262180285	0.088368111235275	0.141870010224165	1.1260482239047949	0.968975658463205	0.24449429947496504	0.386954543662025	0.04924836945037303	0.12795888376068598	0.015713005787493017	0.1998640735209951	0.2978096555508549	0.939635111094095	0.0
