ROD_22821_1-279	0.0	0.174001045470903	0.6570975096388061	-1	0.02968559977419194	0.06482071593815597	-1	0.37243783625609606	0.14621688120736198	0.4346545324092661	0.6046882520478061	0.3612984284007261	0.10649391260122609	0.151804972438216	0.130193103690044	0.02735602794022307	0.23529250551201997
NCTC13441_03613_1-277	0.174001045470903	0.0	0.8310985551097091	-1	0.14431544569671106	0.23882176140905897	-1	0.5464388817269991	0.027784164263541022	0.6086555778801691	0.7786892975187091	0.5352994738716291	0.2804949580721291	0.325806017909119	0.043807941780859005	0.20135707341112608	0.06129146004111696
SL1344_2171_1-279	0.6570975096388061	0.8310985551097091	0.0	-1	0.686783109412998	0.5922767937006501	-1	0.28465967338271003	0.8033143908461681	0.22244297722953998	0.052409257591000014	0.29579908123807996	0.55060359703758	0.5052925372005901	0.7872906133288501	0.629741481698583	0.892390015150826
b0355_1-276	-1	-1	-1	-1	-1	-1	-1	-1	-1	-1	-1	-1	-1	-1	-1	-1	-1
BN373_31941_1-277	0.02968559977419194	0.14431544569671106	0.686783109412998	-1	0.0	0.09450631571234791	-1	0.402123436030288	0.11653128143317004	0.46434013218345804	0.634373851821998	0.39098402817491806	0.13617951237541803	0.18149057221240794	0.10050750391585206	0.05704162771441501	0.20560690573782803
ETEC_0411_1-276	0.06482071593815597	0.23882176140905897	0.5922767937006501	-1	0.09450631571234791	0.0	-1	0.3076171203179401	0.21103759714551795	0.36983381647111013	0.5398675361096501	0.29647771246257015	0.04167319666307012	0.08698425650006003	0.19501381962819997	0.0374646879979329	0.30011322145017594
b2154_1-278	-1	-1	-1	-1	-1	-1	-1	-1	-1	-1	-1	-1	-1	-1	-1	-1	-1
ETEC_2289_1-278	0.37243783625609606	0.5464388817269991	0.28465967338271003	-1	0.402123436030288	0.3076171203179401	-1	0.0	0.518654717463458	0.06221669615317005	0.23225041579171002	0.011139407855369932	0.26594392365486996	0.22063286381788005	0.50263093994614	0.345081808315873	0.607730341768116
SEN2187_1-279	0.14621688120736198	0.027784164263541022	0.8033143908461681	-1	0.11653128143317004	0.21103759714551795	-1	0.518654717463458	0.0	0.5808714136166281	0.7509051332551681	0.5075153096080881	0.2527107938085881	0.298021853645578	0.016023777517317983	0.17357290914758505	0.08907562430465799
CS17_02404_1-279	0.4346545324092661	0.6086555778801691	0.22244297722953998	-1	0.46434013218345804	0.36983381647111013	-1	0.06221669615317005	0.5808714136166281	0.0	0.17003371963853997	0.07335610400853998	0.32816061980804	0.2828495599710501	0.5648476360993101	0.40729850446904303	0.6699470379212861
STMMW_22261_1-279	0.6046882520478061	0.7786892975187091	0.052409257591000014	-1	0.634373851821998	0.5398675361096501	-1	0.23225041579171002	0.7509051332551681	0.17003371963853997	0.0	0.24338982364707995	0.49819433944658	0.4528832796095901	0.7348813557378501	0.577332224107583	0.839980757559826
ERS227112_03988_1-278	0.3612984284007261	0.5352994738716291	0.29579908123807996	-1	0.39098402817491806	0.29647771246257015	-1	0.011139407855369932	0.5075153096080881	0.07335610400853998	0.24338982364707995	0.0	0.25480451579950003	0.20949345596251012	0.4914915320907701	0.33394240046050305	0.5965909339127461
STM_MW22261_1-279	0.10649391260122609	0.2804949580721291	0.55060359703758	-1	0.13617951237541803	0.04167319666307012	-1	0.26594392365486996	0.2527107938085881	0.32816061980804	0.49819433944658	0.25480451579950003	0.0	0.04531105983698991	0.2366870162912701	0.07913788466100302	0.34178641811324606
NCTC13441_01555_1-279	0.151804972438216	0.325806017909119	0.5052925372005901	-1	0.18149057221240794	0.08698425650006003	-1	0.22063286381788005	0.298021853645578	0.2828495599710501	0.4528832796095901	0.20949345596251012	0.04531105983698991	0.0	0.28199807612826	0.12444894449799293	0.38709747795023597
ENC_40130_14-288	0.130193103690044	0.043807941780859005	0.7872906133288501	-1	0.10050750391585206	0.19501381962819997	-1	0.50263093994614	0.016023777517317983	0.5648476360993101	0.7348813557378501	0.4914915320907701	0.2366870162912701	0.28199807612826	0.0	0.15754913163026707	0.10509940182197597
CS17_00395_1-277	0.02735602794022307	0.20135707341112608	0.629741481698583	-1	0.05704162771441501	0.0374646879979329	-1	0.345081808315873	0.17357290914758505	0.40729850446904303	0.577332224107583	0.33394240046050305	0.07913788466100302	0.12444894449799293	0.15754913163026707	0.0	0.26264853345224304
t0661_1-279	0.23529250551201997	0.06129146004111696	0.892390015150826	-1	0.20560690573782803	0.30011322145017594	-1	0.607730341768116	0.08907562430465799	0.6699470379212861	0.839980757559826	0.5965909339127461	0.34178641811324606	0.38709747795023597	0.10509940182197597	0.26264853345224304	0.0
