SL1344_0811_1-369	0.0	0.35973085855546527	0.12171183965389587	0.12070608844518615	0.4347284581084596	0.07229184343451134	0.1700614743588792	0.16368807216878012	0.4522377261484847	0.13196925295376827	0.22018110198136787	0.28461947714375657	-1	0.16158575565030242
Ecoli9000q_49680_1-369	0.35973085855546527	0.0	0.2380190189015694	0.23902477011027912	0.7944593166639249	0.28743901512095393	0.5297923329143445	0.19604278638668515	0.0925068675930194	0.49170011150923354	0.1395497565740974	0.0751113814117087	-1	0.19814510290516285
t2051_1-369	0.12171183965389587	0.2380190189015694	0.0	0.0010057512087097153	0.5564402977623555	0.04941999621938453	0.29177331401277506	0.04197623251488425	0.3305258864945888	0.25368109260766414	0.098469262327472	0.1629076374898607	-1	0.03987391599640655
ERS227112_03283_1-369	0.12070608844518615	0.23902477011027912	0.0010057512087097153	0.0	0.5554345465536458	0.04841424501067482	0.29076756280406535	0.042981983723593964	0.3315316377032985	0.2526753413989544	0.09947501353618171	0.16391338869857042	-1	0.040879667205116266
CS17_00877_1-369	0.4347284581084596	0.7944593166639249	0.5564402977623555	0.5554345465536458	0.0	0.507020301542971	0.2646669837495804	0.5984165302772397	0.8869661842569443	0.30275920515469135	0.6549095600898275	0.7193479352522162	-1	0.596314213758762
ENC_19160_1-369	0.07229184343451134	0.28743901512095393	0.04941999621938453	0.04841424501067482	0.507020301542971	0.0	0.24235331779339053	0.09139622873426878	0.37994588271397334	0.2042610963882796	0.14788925854685653	0.21232763370924523	-1	0.08929391221579108
ETEC_0885_1-369	0.1700614743588792	0.5297923329143445	0.29177331401277506	0.29076756280406535	0.2646669837495804	0.24235331779339053	0.0	0.3337495465276593	0.6222992005073639	0.038092221405110926	0.39024257634024706	0.45468095150263577	-1	0.3316472300091816
STMMW_08871_1-369	0.16368807216878012	0.19604278638668515	0.04197623251488425	0.042981983723593964	0.5984165302772397	0.09139622873426878	0.3337495465276593	0.0	0.28854965397970456	0.2956573251225484	0.05649302981258775	0.12093140497497645	-1	0.002102316518477698
STM_MW08871_1-369	0.4522377261484847	0.0925068675930194	0.3305258864945888	0.3315316377032985	0.8869661842569443	0.37994588271397334	0.6222992005073639	0.28854965397970456	0.0	0.5842069791022529	0.2320566241671168	0.1676182490047281	-1	0.29065197049818225
BN373_14111_1-369	0.13196925295376827	0.49170011150923354	0.25368109260766414	0.2526753413989544	0.30275920515469135	0.2042610963882796	0.038092221405110926	0.2956573251225484	0.5842069791022529	0.0	0.35215035493513613	0.41658873009752484	-1	0.2935550086040707
ROD_08201_1-369	0.22018110198136787	0.1395497565740974	0.098469262327472	0.09947501353618171	0.6549095600898275	0.14788925854685653	0.39024257634024706	0.05649302981258775	0.2320566241671168	0.35215035493513613	0.0	0.0644383751623887	-1	0.058595346331065445
SEN0781_1-349	0.28461947714375657	0.0751113814117087	0.1629076374898607	0.16391338869857042	0.7193479352522162	0.21232763370924523	0.45468095150263577	0.12093140497497645	0.1676182490047281	0.41658873009752484	0.0644383751623887	0.0	-1	0.12303372149345415
b0818_1-369	-1	-1	-1	-1	-1	-1	-1	-1	-1	-1	-1	-1	-1	-1
NCTC13441_03176_1-369	0.16158575565030242	0.19814510290516285	0.03987391599640655	0.040879667205116266	0.596314213758762	0.08929391221579108	0.3316472300091816	0.002102316518477698	0.29065197049818225	0.2935550086040707	0.058595346331065445	0.12303372149345415	-1	0.0
