BN373_11241_1-217	0.0	0.43437213836937627	0.20307816256344635	0.31296437261310733	0.16807308793827558	0.8331230495285482	0.19943546993593042	0.059478374691988134	0.6555807681424937	0.2670411772697353	0.19128867216035483	-1	0.015353012905223395	0.17504217224132024
STM_MW06431_1-217	0.43437213836937627	0.0	0.23129397580592992	0.12140776575626894	0.2662990504311007	1.2674951878979246	0.6338076083053067	0.4938505130613644	1.0899529065118698	0.16733096109964096	0.24308346620902144	-1	0.44972515127459967	0.6094143106106965
SEN0548_1-217	0.20307816256344635	0.23129397580592992	0.0	0.10988621004966098	0.03500507462517077	1.0362012120919946	0.4025136324993768	0.2625565372554345	0.85865893070594	0.06396301470628896	0.011789490403091518	-1	0.21843117546866975	0.3781203348047666
t2290_1-217	0.31296437261310733	0.12140776575626894	0.10988621004966098	0.0	0.14489128467483176	1.1460874221416555	0.5123998425490377	0.37244274730509547	0.9685451407556009	0.045923195343372025	0.1216757004527525	-1	0.32831738551833073	0.48800654485442757
ERS227112_02991_1-217	0.16807308793827558	0.2662990504311007	0.03500507462517077	0.14489128467483176	0.0	1.001196137466824	0.367508557874206	0.2275514626302637	0.8236538560807692	0.09896808933145973	0.023215584222079255	-1	0.18342610084349897	0.3431152601795958
CS17_00582_1-217	0.8331230495285482	1.2674951878979246	1.0362012120919946	1.1460874221416555	1.001196137466824	0.0	0.6336875795926178	0.7736446748365601	0.17754228138605455	1.1001642267982836	1.024411721688903	-1	0.8177700366233248	0.658080877287228
NCTC13441_03429_1-217	0.19943546993593042	0.6338076083053067	0.4025136324993768	0.5123998425490377	0.367508557874206	0.6336875795926178	0.0	0.1399570952439423	0.45614529820656324	0.46647664720566573	0.39072414209628525	-1	0.18408245703070703	0.024393297694610183
ROD_05681_1-217	0.059478374691988134	0.4938505130613644	0.2625565372554345	0.37244274730509547	0.2275514626302637	0.7736446748365601	0.1399570952439423	0.0	0.5961023934505055	0.32651955196172344	0.25076704685234297	-1	0.04412536178676474	0.1155637975493321
ETEC_0606_1-217	0.6555807681424937	1.0899529065118698	0.85865893070594	0.9685451407556009	0.8236538560807692	0.17754228138605455	0.45614529820656324	0.5961023934505055	0.0	0.922621945412229	0.8468694403028485	-1	0.6402277552372703	0.4805385959011734
STMMW_06431_1-217	0.2670411772697353	0.16733096109964096	0.06396301470628896	0.045923195343372025	0.09896808933145973	1.1001642267982836	0.46647664720566573	0.32651955196172344	0.922621945412229	0.0	0.07575250510938047	-1	0.2823941901749587	0.44208334951105555
Ecoli9000q_46790_1-217	0.19128867216035483	0.24308346620902144	0.011789490403091518	0.1216757004527525	0.023215584222079255	1.024411721688903	0.39072414209628525	0.25076704685234297	0.8468694403028485	0.07575250510938047	0.0	-1	0.20664168506557823	0.36633084440167507
b0578_1-217	-1	-1	-1	-1	-1	-1	-1	-1	-1	-1	-1	-1	-1	-1
ENC_21920_1-217	0.015353012905223395	0.44972515127459967	0.21843117546866975	0.32831738551833073	0.18342610084349897	0.8177700366233248	0.18408245703070703	0.04412536178676474	0.6402277552372703	0.2823941901749587	0.20664168506557823	-1	0.0	0.15968915933609684
SL1344_0566_1-217	0.17504217224132024	0.6094143106106965	0.3781203348047666	0.48800654485442757	0.3431152601795958	0.658080877287228	0.024393297694610183	0.1155637975493321	0.4805385959011734	0.44208334951105555	0.36633084440167507	-1	0.15968915933609684	0.0
