NCTC13441_04191_1-398	0.0	1.1314494135074344	2.397554294998505	0.4724324710453076	0.7186652849522692	0.059203767312103306	1.9362169086795566	-1	3.157059126617763	1.82684362554698	0.39699100895047956
CS17_04742_1-398	1.1314494135074344	0.0	3.5290037085059396	1.603881884552742	0.4127841285551651	1.1906531808195377	3.067666322186991	-1	4.288508540125197	2.958293039054414	1.5284404224579138
STM_MW44201_1-395	2.397554294998505	3.5290037085059396	0.0	1.9251218239531978	3.1162195799507746	2.3383505276864023	0.4613373863189487	-1	0.7595048316192572	0.5707106694515254	2.000563286048026
STMMW_44201_1-395	0.4724324710453076	1.603881884552742	1.9251218239531978	0.0	1.1910977559975768	0.4132287037332043	1.463784437634249	-1	2.6846266555724547	1.3544111545016724	0.07544146209482805
ETEC_4603_1-398	0.7186652849522692	0.4127841285551651	3.1162195799507746	1.1910977559975768	0.0	0.7778690522643725	2.654882193631826	-1	3.875724411570032	2.545508910499249	1.1156562939027488
SL1344_4404_1-395	0.059203767312103306	1.1906531808195377	2.3383505276864023	0.4132287037332043	0.7778690522643725	0.0	1.8770131413674533	-1	3.097855359305659	1.7676398582348767	0.33778724163837626
t4509_1-395	1.9362169086795566	3.067666322186991	0.4613373863189487	1.463784437634249	2.654882193631826	1.8770131413674533	0.0	-1	1.220842217938206	0.10937328313257666	1.539225899729077
b4257_1-398	-1	-1	-1	-1	-1	-1	-1	-1	-1	-1	-1
Ecoli9000q_39130_10-407	3.157059126617763	4.288508540125197	0.7595048316192572	2.6846266555724547	3.875724411570032	3.097855359305659	1.220842217938206	-1	0.0	1.3302155010707826	2.760068117667283
SEN4227_1-395	1.82684362554698	2.958293039054414	0.5707106694515254	1.3544111545016724	2.545508910499249	1.7676398582348767	0.10937328313257666	-1	1.3302155010707826	0.0	1.4298526165965004
ROD_33231_1-399	0.39699100895047956	1.5284404224579138	2.000563286048026	0.07544146209482805	1.1156562939027488	0.33778724163837626	1.539225899729077	-1	2.760068117667283	1.4298526165965004	0.0
