b2159_1-285	-1	-1	-1	-1	-1	-1	-1	-1	-1	-1	-1	-1
NCTC13441_01550_1-286	-1	0.0	0.30838904885677504	0.599756842848655	0.33460389504650095	0.16519758770905396	0.181587955390432	0.10662368303685604	0.22660296733577495	0.335405868334214	0.5703732892116349	0.429566071642506
ERS227112_03983_1-285	-1	0.30838904885677504	0.0	0.29136779399188006	0.026214846189725916	0.14319146114772108	0.12680109346634305	0.201765365819919	0.08178608152100009	0.027016819477438947	0.2619842403548599	0.12117702278573095
CS17_02409_1-286	-1	0.599756842848655	0.29136779399188006	0.0	0.26515294780215415	0.43455925513960114	0.4181688874582231	0.49313315981179906	0.37315387551288015	0.2643509745144411	0.029383553637020166	0.17019077120614912
t0652_1-285	-1	0.33460389504650095	0.026214846189725916	0.26515294780215415	0.0	0.169406307337447	0.15301593965606897	0.2279802120096449	0.108000927710726	0.0008019732877130314	0.23576939416513398	0.09496217659600503
STMMW_22351_1-285	-1	0.16519758770905396	0.14319146114772108	0.43455925513960114	0.169406307337447	0.0	0.016390367681378026	0.05857390467219792	0.06140537962672099	0.17020828062516002	0.405175701502581	0.264368483933452
STM_MW22351_1-286	-1	0.181587955390432	0.12680109346634305	0.4181688874582231	0.15301593965606897	0.016390367681378026	0.0	0.07496427235357594	0.045015011945342964	0.153817912943782	0.38878533382120295	0.247978116252074
ETEC_2294_1-285	-1	0.10662368303685604	0.201765365819919	0.49313315981179906	0.2279802120096449	0.05857390467219792	0.07496427235357594	0.0	0.11997928429891891	0.22878218529735794	0.4637496061747789	0.32294238860564994
SEN2196_1-285	-1	0.22660296733577495	0.08178608152100009	0.37315387551288015	0.108000927710726	0.06140537962672099	0.045015011945342964	0.11997928429891891	0.0	0.10880290099843903	0.34377032187586	0.20296310430673103
ROD_22891_1-287	-1	0.335405868334214	0.027016819477438947	0.2643509745144411	0.0008019732877130314	0.17020828062516002	0.153817912943782	0.22878218529735794	0.10880290099843903	0.0	0.23496742087742095	0.094160203308292
SL1344_2180_1-285	-1	0.5703732892116349	0.2619842403548599	0.029383553637020166	0.23576939416513398	0.405175701502581	0.38878533382120295	0.4637496061747789	0.34377032187586	0.23496742087742095	0.0	0.14080721756912895
BN373_32011_1-284	-1	0.429566071642506	0.12117702278573095	0.17019077120614912	0.09496217659600503	0.264368483933452	0.247978116252074	0.32294238860564994	0.20296310430673103	0.094160203308292	0.14080721756912895	0.0
