b2779_1-432	-1	-1	-1	-1	-1	-1	-1	-1	-1	-1	-1	-1	-1
ROD_30351_1-432	-1	0.0	0.5875964174640584	0.5198973088395735	0.05209883578058831	0.44067229151882126	0.46132425466813715	0.21682950862557285	0.054312468243180596	0.011250850696489654	0.3666728514874721	0.5829427350207766	0.21873894800358698
ENC_30220_1-432	-1	0.5875964174640584	0.0	0.1410096420431504	0.6090821639859247	0.2626798631954082	0.7778481927999212	0.47341787378608613	0.6099950739439157	0.5922363085978678	0.34883008962344564	0.011158377599569235	0.6778051432608807
NCTC13441_00995_1-432	-1	0.5198973088395735	0.1410096420431504	0.0	0.5449101001041591	0.14164329089986102	0.7413803250033241	0.3869755098690338	0.5459728710066897	0.5252988725368024	0.24193571633866331	0.13131654402690382	0.6249144664376962
t2853_1-432	-1	0.05209883578058831	0.6090821639859247	0.5449101001041591	0.0	0.46981261395051493	0.4317173924187997	0.2576317794438918	0.002335298811891632	0.04131278910618794	0.39966845859321454	0.6046709329800305	0.17579903740304542
SL1344_2931_1-432	-1	0.44067229151882126	0.2626798631954082	0.14164329089986102	0.46981261395051493	0.0	0.6987037297491382	0.28581616054049086	0.47105075992323625	0.4469652040573527	0.1168423621269812	0.2543597274811977	0.5630190460612513
BN373_37671_1-432	-1	0.46132425466813715	0.7778481927999212	0.7413803250033241	0.4317173924187997	0.6987037297491382	0.0	0.5781250518369592	0.4303871762683008	0.4551947319385164	0.6588420262361105	0.7753413669412487	0.310504799957267
ETEC_2971_1-432	-1	0.21682950862557285	0.47341787378608613	0.3869755098690338	0.2576317794438918	0.28581616054049086	0.5781250518369592	0.0	0.25936543106734256	0.22564084289392297	0.19132914801083892	0.46747576731688706	0.38813939801626735
SEN2791_1-432	-1	0.054312468243180596	0.6099950739439157	0.5459728710066897	0.002335298811891632	0.47105075992323625	0.4303871762683008	0.25936543106734256	0.0	0.04355161021076396	0.4010704121286029	0.6055941444805485	0.1738697764735764
STMMW_29151_1-432	-1	0.011250850696489654	0.5922363085978678	0.5252988725368024	0.04131278910618794	0.4469652040573527	0.4551947319385164	0.22564084289392297	0.04355161021076396	0.0	0.3737983206774201	0.5876349840409443	0.2098490779519305
STM_MW29151_1-432	-1	0.3666728514874721	0.34883008962344564	0.24193571633866331	0.39966845859321454	0.1168423621269812	0.6588420262361105	0.19132914801083892	0.4010704121286029	0.3737983206774201	0.0	0.34148209821930053	0.5052061656952139
ERS227112_01537_1-432	-1	0.5829427350207766	0.011158377599569235	0.13131654402690382	0.6046709329800305	0.2543597274811977	0.7753413669412487	0.46747576731688706	0.6055941444805485	0.5876349840409443	0.34148209821930053	0.0	0.6741694024195852
CS17_03108_1-432	-1	0.21873894800358698	0.6778051432608807	0.6249144664376962	0.17579903740304542	0.5630190460612513	0.310504799957267	0.38813939801626735	0.1738697764735764	0.2098490779519305	0.5052061656952139	0.6741694024195852	0.0
