CS17_01842_1-213	0.0	-1	0.014616919789011001	0.1605204520382015	0.200541869692418	0.1264062869778797	0.1392040691994904	0.095348260409545	0.063127773001082	0.06973074904270998	0.041968115368931	0.018474093456502	0.184879858849947
b1662_1-213	-1	-1	-1	-1	-1	-1	-1	-1	-1	-1	-1	-1	-1
BN373_25831_1-211	0.014616919789011001	-1	0.0	0.1751373718272125	0.215158789481429	0.1410232067668907	0.15382098898850138	0.109965180198556	0.077744692790093	0.08434766883172098	0.056585035157942	0.033091013245513	0.19949677863895798
NCTC13441_02219_1-213	0.1605204520382015	-1	0.1751373718272125	0.0	0.0400214176542165	0.0341141650603218	0.021316382838711102	0.0651721916286565	0.09739267903711951	0.09078970299549152	0.11855233666927051	0.1420463585816995	0.024359406811745497
STM_MW14291_1-212	0.200541869692418	-1	0.215158789481429	0.0400214176542165	0.0	0.0741355827145383	0.0613378004929276	0.105193609282873	0.137414096691336	0.130811120649708	0.158573754323487	0.182067776235916	0.015662010842471
SL1344_1358_1-212	0.1264062869778797	-1	0.1410232067668907	0.0341141650603218	0.0741355827145383	0.0	0.012797782221610696	0.0310580265683347	0.0632785139767977	0.05667553793516972	0.0844381716089487	0.1079321935213777	0.058473571872067295
STMMW_14291_1-212	0.1392040691994904	-1	0.15382098898850138	0.021316382838711102	0.0613378004929276	0.012797782221610696	0.0	0.0438558087899454	0.0760762961984084	0.06947332015678041	0.0972359538305594	0.1207299757429884	0.0456757896504566
SEN1621_1-212	0.095348260409545	-1	0.109965180198556	0.0651721916286565	0.105193609282873	0.0310580265683347	0.0438558087899454	0.0	0.032220487408463006	0.025617511366835016	0.053380145040614	0.076874166953043	0.089531598440402
ETEC_1697_1-213	0.063127773001082	-1	0.077744692790093	0.09739267903711951	0.137414096691336	0.0632785139767977	0.0760762961984084	0.032220487408463006	0.0	0.006602976041627989	0.021159657632150997	0.044653679544579994	0.121752085848865
ERS227112_04672_1-211	0.06973074904270998	-1	0.08434766883172098	0.09078970299549152	0.130811120649708	0.05667553793516972	0.06947332015678041	0.025617511366835016	0.006602976041627989	0.0	0.027762633673778986	0.05125665558620798	0.11514910980723701
ENC_13370_1-213	0.041968115368931	-1	0.056585035157942	0.11855233666927051	0.158573754323487	0.0844381716089487	0.0972359538305594	0.053380145040614	0.021159657632150997	0.027762633673778986	0.0	0.023494021912428997	0.14291174348101598
ROD_14071_1-213	0.018474093456502	-1	0.033091013245513	0.1420463585816995	0.182067776235916	0.1079321935213777	0.1207299757429884	0.076874166953043	0.044653679544579994	0.05125665558620798	0.023494021912428997	0.0	0.16640576539344498
t1294_1-212	0.184879858849947	-1	0.19949677863895798	0.024359406811745497	0.015662010842471	0.058473571872067295	0.0456757896504566	0.089531598440402	0.121752085848865	0.11514910980723701	0.14291174348101598	0.16640576539344498	0.0
