b0009_1-195	-1	-1	-1	-1	-1	-1	-1	-1	-1	-1	-1	-1	-1	-1	-1	-1	-1	-1	-1	-1	-1	-1	-1	-1	-1	-1	-1	-1
ENC_19550_1-170	-1	0.0	0.01945328944391811	0.4784761119555324	0.06007114113635914	0.15896995266652458	1.1724915967011653	0.15188357991444956	0.012554302115879601	0.28750226866573925	0.16938775191228828	0.12879326375367317	0.12289578655633793	0.16968792537132393	0.07323846897370656	0.7752328876557305	0.1285402582629751	0.04679068132967912	-1	0.23759617619745466	0.6368809661932403	0.21075730807783166	0.31560317905242335	0.5565680108705277	0.04626904225458506	0.5118249134205228	0.25692608715481824	0.20093122919083617
t0008_1-195	-1	0.01945328944391811	0.0	0.4979294013994505	0.04061785169244103	0.1784232421104427	1.1919448861450834	0.17133686935836767	0.03200759155979771	0.30695555810965736	0.14993446246837017	0.14824655319759128	0.14234907600025604	0.15023463592740582	0.09269175841762467	0.7946861770996486	0.109086968819057	0.02733739188576101	-1	0.21814288675353655	0.6563342556371584	0.23021059752174977	0.29614988960850525	0.5760213003144458	0.02681575281066695	0.4923716239766047	0.27637937659873635	0.22038451863475428
SL1344_0008_1-195	-1	0.4784761119555324	0.4979294013994505	0.0	0.5385472530918916	0.31950615928900783	0.6940154847456328	0.32659253204108285	0.4659218098396528	0.19097384328979317	0.6478638638678207	0.34968284820185924	0.3555803253991945	0.6481640373268563	0.40523764298182585	0.2967567757001981	0.6070163702185075	0.5252667932852115	-1	0.7160722881529871	0.1584048542377079	0.26771880387770075	0.7940792910079557	0.07809189891499524	0.5247451542101175	0.9903010253760552	0.22155002480071417	0.27754488276469624
SEN0749_1-170	-1	0.06007114113635914	0.04061785169244103	0.5385472530918916	0.0	0.21904109380288372	1.2325627378375243	0.2119547210508087	0.07262544325223874	0.3475734098020984	0.10931661077592914	0.1888644048900323	0.18296692769269707	0.10961678423496479	0.1333096101100657	0.8353040287920896	0.06846911712661596	0.013280459806680023	-1	0.17752503506109552	0.6969521073295994	0.2708284492141908	0.2555320379160642	0.6166391520068868	0.013802098881774083	0.4517537722841637	0.3169972282911774	0.2610023703271953
SEN0007_1-195	-1	0.15896995266652458	0.1784232421104427	0.31950615928900783	0.21904109380288372	0.0	1.0135216440346406	0.007086372752075021	0.14641565055064498	0.12853231599921466	0.32835770457881286	0.030176688912851413	0.036074166110186656	0.3286578780378485	0.08573148369281802	0.6162629349892059	0.2875102109294997	0.2057606339962037	-1	0.39656612886397924	0.4779110135267157	0.05178735541130708	0.47457313171894794	0.39759805820400307	0.20523899492110964	0.6707948660870474	0.09795613448829366	0.041961276524311586
CS17_00009_1-195	-1	1.1724915967011653	1.1919448861450834	0.6940154847456328	1.2325627378375243	1.0135216440346406	0.0	1.0206080167867158	1.1599372945852857	0.884989328035426	1.3418793486134535	1.043698332947492	1.0495958101448273	1.342179522072489	1.0992531277274586	0.3972587090454347	1.3010318549641404	1.2192822780308443	-1	1.4100877728986199	0.5356106305079249	0.9617342886233335	1.4880947757535885	0.6159235858306376	1.2187606389557502	1.684316510121688	0.915565509546347	0.971560367510329
STMMW_00071_1-195	-1	0.15188357991444956	0.17133686935836767	0.32659253204108285	0.2119547210508087	0.007086372752075021	1.0206080167867158	0.0	0.13932927779856996	0.13561868875128968	0.32127133182673784	0.023090316160776392	0.028987793358111635	0.3215715052857735	0.078645110940743	0.623349307741281	0.28042383817742467	0.19867426124412868	-1	0.3894797561119042	0.48499738627879074	0.0588737281633821	0.4674867589668729	0.4046844309560781	0.19815262216903462	0.6637084933349724	0.10504250724036868	0.04904764927638661
BN373_13741_1-170	-1	0.012554302115879601	0.03200759155979771	0.4659218098396528	0.07262544325223874	0.14641565055064498	1.1599372945852857	0.13932927779856996	0.0	0.27494796654985965	0.18194205402816788	0.11623896163779357	0.11034148444045833	0.18224222748720353	0.06068416685782696	0.7626785855398509	0.1410945603788547	0.05934498344555872	-1	0.25015047831333426	0.6243266640773607	0.19820300596195206	0.32815748116830296	0.544013708754648	0.05882334437046466	0.5243792155364024	0.24437178503893864	0.18837692707495657
CS17_00841_1-170	-1	0.28750226866573925	0.30695555810965736	0.19097384328979317	0.3475734098020984	0.12853231599921466	0.884989328035426	0.13561868875128968	0.27494796654985965	0.0	0.4568900205780275	0.15870900491206608	0.16460648210940132	0.4571901940370632	0.21426379969203269	0.48773061898999126	0.41604252692871435	0.33429294999541836	-1	0.5250984448631939	0.34937869752750106	0.07674496058790758	0.6031054477181625	0.2690657422047884	0.3337713109203243	0.7993271820862621	0.030576181510921008	0.08657103947490308
STM_MW08551_1-170	-1	0.16938775191228828	0.14993446246837017	0.6478638638678207	0.10931661077592914	0.32835770457881286	1.3418793486134535	0.32127133182673784	0.18194205402816788	0.4568900205780275	0.0	0.29818101566596145	0.2922835384686262	0.0003001734590356575	0.24262622088599484	0.9446206395680188	0.04084749364931317	0.12259707058260916	-1	0.06820842428516638	0.8062687181055286	0.38014505999011994	0.14621542714013508	0.7259557627828159	0.12311870965770322	0.34243716150823456	0.4263138390671065	0.37031898110312444
ROD_00071_1-195	-1	0.12879326375367317	0.14824655319759128	0.34968284820185924	0.1888644048900323	0.030176688912851413	1.043698332947492	0.023090316160776392	0.11623896163779357	0.15870900491206608	0.29818101566596145	0.0	0.0058974771973352436	0.2984811891249971	0.05555479477996661	0.6464396239020573	0.2573335220166483	0.1755839450833523	-1	0.3663894399511278	0.5080877024395671	0.08196404432415849	0.4443964428060965	0.4277747471168545	0.17506230600825823	0.640618177174196	0.12813282340114507	0.072137965437163
ERS227112_02344_1-195	-1	0.12289578655633793	0.14234907600025604	0.3555803253991945	0.18296692769269707	0.036074166110186656	1.0495958101448273	0.028987793358111635	0.11034148444045833	0.16460648210940132	0.2922835384686262	0.0058974771973352436	0.0	0.29258371192766186	0.049657317582631366	0.6523371010993926	0.25143604481931303	0.16968646788601705	-1	0.3604919627537926	0.5139851796369024	0.08786152152149374	0.4384989656087613	0.4336722243141897	0.16916482881092298	0.6347206999768608	0.1340303005984803	0.07803544263449824
t2084_1-170	-1	0.16968792537132393	0.15023463592740582	0.6481640373268563	0.10961678423496479	0.3286578780378485	1.342179522072489	0.3215715052857735	0.18224222748720353	0.4571901940370632	0.0003001734590356575	0.2984811891249971	0.29258371192766186	0.0	0.2429263943450305	0.9449208130270544	0.04114766710834883	0.12289724404164482	-1	0.06790825082613072	0.8065688915645642	0.3804452334491556	0.14591525368109942	0.7262559362418516	0.12341888311673888	0.3421369880491989	0.4266140125261422	0.3706191545621601
ERS227112_03246_1-170	-1	0.07323846897370656	0.09269175841762467	0.40523764298182585	0.1333096101100657	0.08573148369281802	1.0992531277274586	0.078645110940743	0.06068416685782696	0.21426379969203269	0.24262622088599484	0.05555479477996661	0.049657317582631366	0.2429263943450305	0.0	0.701994418682024	0.20177872723668167	0.12002915030338568	-1	0.3108346451711612	0.5636424972195337	0.1375188391041251	0.3888416480261299	0.4833295418968211	0.11950751122829162	0.5850633823942294	0.18368761818111168	0.1276927602171296
BN373_04911_1-195	-1	0.7752328876557305	0.7946861770996486	0.2967567757001981	0.8353040287920896	0.6162629349892059	0.3972587090454347	0.623349307741281	0.7626785855398509	0.48773061898999126	0.9446206395680188	0.6464396239020573	0.6523371010993926	0.9449208130270544	0.701994418682024	0.0	0.9037731459187056	0.8220235689854096	-1	1.0128290638531852	0.1383519214624902	0.5644755795778988	1.0908360667081538	0.21866487678520286	0.8215019299103156	1.2870578010762532	0.5183068005009123	0.5743016584648943
Ecoli9000q_40600_1-195	-1	0.1285402582629751	0.109086968819057	0.6070163702185075	0.06846911712661596	0.2875102109294997	1.3010318549641404	0.28042383817742467	0.1410945603788547	0.41604252692871435	0.04084749364931317	0.2573335220166483	0.25143604481931303	0.04114766710834883	0.20177872723668167	0.9037731459187056	0.0	0.08174957693329599	-1	0.10905591793447955	0.7654212244562154	0.33929756634080677	0.18706292078944825	0.6851082691335028	0.08227121600839005	0.3832846551575477	0.38546634541779334	0.3294714874538113
ETEC_0847_1-170	-1	0.04679068132967912	0.02733739188576101	0.5252667932852115	0.013280459806680023	0.2057606339962037	1.2192822780308443	0.19867426124412868	0.05934498344555872	0.33429294999541836	0.12259707058260916	0.1755839450833523	0.16968646788601705	0.12289724404164482	0.12002915030338568	0.8220235689854096	0.08174957693329599	0.0	-1	0.19080549486777554	0.6836716475229194	0.2575479894075108	0.26881249772274424	0.6033586922002068	0.0005216390750940603	0.4650342320908437	0.30371676848449736	0.2477219105205153
b0782_1-170	-1	-1	-1	-1	-1	-1	-1	-1	-1	-1	-1	-1	-1	-1	-1	-1	-1	-1	-1	-1	-1	-1	-1	-1	-1	-1	-1	-1
STMMW_08551_1-170	-1	0.23759617619745466	0.21814288675353655	0.7160722881529871	0.17752503506109552	0.39656612886397924	1.4100877728986199	0.3894797561119042	0.25015047831333426	0.5250984448631939	0.06820842428516638	0.3663894399511278	0.3604919627537926	0.06790825082613072	0.3108346451711612	1.0128290638531852	0.10905591793447955	0.19080549486777554	-1	0.0	0.874477142390695	0.4483534842752863	0.0780070028549687	0.7941641870679823	0.1913271339428696	0.2742287372230682	0.4945222633522729	0.4385274053882908
ETEC_0009_1-195	-1	0.6368809661932403	0.6563342556371584	0.1584048542377079	0.6969521073295994	0.4779110135267157	0.5356106305079249	0.48499738627879074	0.6243266640773607	0.34937869752750106	0.8062687181055286	0.5080877024395671	0.5139851796369024	0.8065688915645642	0.5636424972195337	0.1383519214624902	0.7654212244562154	0.6836716475229194	-1	0.874477142390695	0.0	0.42612365811540864	0.9524841452456636	0.08031295532271265	0.6831500084478254	1.148705879613763	0.37995487903842207	0.43594973700240414
NCTC13441_03983_1-195	-1	0.21075730807783166	0.23021059752174977	0.26771880387770075	0.2708284492141908	0.05178735541130708	0.9617342886233335	0.0588737281633821	0.19820300596195206	0.07674496058790758	0.38014505999011994	0.08196404432415849	0.08786152152149374	0.3804452334491556	0.1375188391041251	0.5644755795778988	0.33929756634080677	0.2575479894075108	-1	0.4483534842752863	0.42612365811540864	0.0	0.526360487130255	0.345810702792696	0.2570263503324167	0.7225822214983545	0.04616877907698658	0.009826078886995493
NCTC13441_03212_1-170	-1	0.31560317905242335	0.29614988960850525	0.7940792910079557	0.2555320379160642	0.47457313171894794	1.4880947757535885	0.4674867589668729	0.32815748116830296	0.6031054477181625	0.14621542714013508	0.4443964428060965	0.4384989656087613	0.14591525368109942	0.3888416480261299	1.0908360667081538	0.18706292078944825	0.26881249772274424	-1	0.0780070028549687	0.9524841452456636	0.526360487130255	0.0	0.872171189922951	0.2693341367978383	0.19622173436809945	0.5725292662072416	0.5165344082432595
ENC_45330_3-197	-1	0.5565680108705277	0.5760213003144458	0.07809189891499524	0.6166391520068868	0.39759805820400307	0.6159235858306376	0.4046844309560781	0.544013708754648	0.2690657422047884	0.7259557627828159	0.4277747471168545	0.4336722243141897	0.7262559362418516	0.4833295418968211	0.21866487678520286	0.6851082691335028	0.6033586922002068	-1	0.7941641870679823	0.08031295532271265	0.345810702792696	0.872171189922951	0.0	0.6028370531251127	1.0683929242910504	0.2996419237157094	0.3556367816796915
ROD_07831_1-170	-1	0.04626904225458506	0.02681575281066695	0.5247451542101175	0.013802098881774083	0.20523899492110964	1.2187606389557502	0.19815262216903462	0.05882334437046466	0.3337713109203243	0.12311870965770322	0.17506230600825823	0.16916482881092298	0.12341888311673888	0.11950751122829162	0.8215019299103156	0.08227121600839005	0.0005216390750940603	-1	0.1913271339428696	0.6831500084478254	0.2570263503324167	0.2693341367978383	0.6028370531251127	0.0	0.4655558711659378	0.3031951294094033	0.24720027144542123
Ecoli9000q_49300_1-170	-1	0.5118249134205228	0.4923716239766047	0.9903010253760552	0.4517537722841637	0.6707948660870474	1.684316510121688	0.6637084933349724	0.5243792155364024	0.7993271820862621	0.34243716150823456	0.640618177174196	0.6347206999768608	0.3421369880491989	0.5850633823942294	1.2870578010762532	0.3832846551575477	0.4650342320908437	-1	0.2742287372230682	1.148705879613763	0.7225822214983545	0.19622173436809945	1.0683929242910504	0.4655558711659378	0.0	0.7687510005753411	0.712756142611359
SL1344_0779_1-170	-1	0.25692608715481824	0.27637937659873635	0.22155002480071417	0.3169972282911774	0.09795613448829366	0.915565509546347	0.10504250724036868	0.24437178503893864	0.030576181510921008	0.4263138390671065	0.12813282340114507	0.1340303005984803	0.4266140125261422	0.18368761818111168	0.5183068005009123	0.38546634541779334	0.30371676848449736	-1	0.4945222633522729	0.37995487903842207	0.04616877907698658	0.5725292662072416	0.2996419237157094	0.3031951294094033	0.7687510005753411	0.0	0.05599485796398207
STM_MW00071_1-195	-1	0.20093122919083617	0.22038451863475428	0.27754488276469624	0.2610023703271953	0.041961276524311586	0.971560367510329	0.04904764927638661	0.18837692707495657	0.08657103947490308	0.37031898110312444	0.072137965437163	0.07803544263449824	0.3706191545621601	0.1276927602171296	0.5743016584648943	0.3294714874538113	0.2477219105205153	-1	0.4385274053882908	0.43594973700240414	0.009826078886995493	0.5165344082432595	0.3556367816796915	0.24720027144542123	0.712756142611359	0.05599485796398207	0.0
