ROD_21751_1-292	0.0	0.9799473129376117	1.0202055544730657	1.1002596287486013	0.12952186289016954	0.37504683859398225	1.3794015968286624	2.1467200541967704	-1	1.232240722255261	1.4246138368869912	0.5760944921926234	1.0370774836092174	0.3571033271736579	-1	1.3570114928050288	1.2003007953463076	0.8078922239451674
NCTC13441_04734_1-293	0.9799473129376117	0.0	0.04025824153545399	0.12031231581098956	1.1094691758277813	0.6049004743436295	0.39945428389105064	1.1667727412591586	-1	0.2522934093176492	2.4045611498246027	0.4038528207449883	0.05713017067160564	0.6228439857639538	-1	0.3770641798674169	0.2203534824086959	0.17205508899244437
SL1344_2072_1-292	1.0202055544730657	0.04025824153545399	0.0	0.08005407427553557	1.1497274173632352	0.6451587158790835	0.35919604235559666	1.1265144997237047	-1	0.21203516778219522	2.444819391360057	0.4441110622804423	0.016871929136151653	0.6631022272994078	-1	0.33680593833196293	0.1800952408732419	0.21231333052789836
ERS227112_01759_1-293	1.1002596287486013	0.12031231581098956	0.08005407427553557	0.0	1.2297814916387708	0.725212790154619	0.2791419680800611	1.046460425448169	-1	0.13198109350665965	2.5248734656355927	0.5241651365559779	0.06318214513938392	0.7431563015749434	-1	0.25675186405642736	0.10004116659770634	0.29236740480343393
NCTC13441_01674_1-292	0.12952186289016954	1.1094691758277813	1.1497274173632352	1.2297814916387708	0.0	0.5045687014841518	1.508923459718832	2.27624191708694	-1	1.3617625851454305	1.2950919739968216	0.705616355082793	1.166599346499387	0.48662519006382743	-1	1.4865333556951983	1.3298226582364772	0.9374140868353369
SEN2091_1-292	0.37504683859398225	0.6049004743436295	0.6451587158790835	0.725212790154619	0.5045687014841518	0.0	1.0043547582346801	1.7716732156027881	-1	0.8571938836612787	1.7996606754809734	0.20104765359864119	0.6620306450152351	0.017943511420324354	-1	0.9819646542110464	0.8252539567523254	0.4328453853511851
Ecoli9000q_34040_1-293	1.3794015968286624	0.39945428389105064	0.35919604235559666	0.2791419680800611	1.508923459718832	1.0043547582346801	0.0	0.767318457368108	-1	0.14716087457340143	2.8040154337156533	0.8033071046360389	0.342324113219445	1.0222982696550045	-1	0.022390104023633728	0.17910080148235474	0.571509372883495
ENC_41270_1-292	2.1467200541967704	1.1667727412591586	1.1265144997237047	1.046460425448169	2.27624191708694	1.7716732156027881	0.767318457368108	0.0	-1	0.9144793319415094	3.5713338910837615	1.570625562004147	1.109642570587553	1.7896167270231125	-1	0.7897085613917418	0.9464192588504627	1.338827830251603
b3789_1-293	-1	-1	-1	-1	-1	-1	-1	-1	-1	-1	-1	-1	-1	-1	-1	-1	-1	-1
ETEC_4071_1-293	1.232240722255261	0.2522934093176492	0.21203516778219522	0.13198109350665965	1.3617625851454305	0.8571938836612787	0.14716087457340143	0.9144793319415094	-1	0.0	2.656854559142252	0.6561462300626375	0.19516323864604357	0.875137395081603	-1	0.1247707705497677	0.03193992690895331	0.4243484983100936
t0777_1-292	1.4246138368869912	2.4045611498246027	2.444819391360057	2.5248734656355927	1.2950919739968216	1.7996606754809734	2.8040154337156533	3.5713338910837615	-1	2.656854559142252	0.0	2.0007083290796146	2.4616913204962083	1.781717164060649	-1	2.78162532969202	2.624914632233299	2.2325060608321587
BN373_49171_1-293	0.5760944921926234	0.4038528207449883	0.4441110622804423	0.5241651365559779	0.705616355082793	0.20104765359864119	0.8033071046360389	1.570625562004147	-1	0.6561462300626375	2.0007083290796146	0.0	0.46098299141659393	0.21899116501896554	-1	0.7809170006124052	0.6242063031536842	0.23179773175254392
STM_MW21261_1-292	1.0370774836092174	0.05713017067160564	0.016871929136151653	0.06318214513938392	1.166599346499387	0.6620306450152351	0.342324113219445	1.109642570587553	-1	0.19516323864604357	2.4616913204962083	0.46098299141659393	0.0	0.6799741564355595	-1	0.3199340091958113	0.16322331173709026	0.22918525966405
CS17_04240_1-293	0.3571033271736579	0.6228439857639538	0.6631022272994078	0.7431563015749434	0.48662519006382743	0.017943511420324354	1.0222982696550045	1.7896167270231125	-1	0.875137395081603	1.781717164060649	0.21899116501896554	0.6799741564355595	0.0	-1	0.9999081656313707	0.8431974681726497	0.45078889677150946
b2039_1-292	-1	-1	-1	-1	-1	-1	-1	-1	-1	-1	-1	-1	-1	-1	-1	-1	-1	-1
t3374_1-293	1.3570114928050288	0.3770641798674169	0.33680593833196293	0.25675186405642736	1.4865333556951983	0.9819646542110464	0.022390104023633728	0.7897085613917418	-1	0.1247707705497677	2.78162532969202	0.7809170006124052	0.3199340091958113	0.9999081656313707	-1	0.0	0.15671069745872102	0.5491192688598613
STMMW_21261_1-292	1.2003007953463076	0.2203534824086959	0.1800952408732419	0.10004116659770634	1.3298226582364772	0.8252539567523254	0.17910080148235474	0.9464192588504627	-1	0.03193992690895331	2.624914632233299	0.6242063031536842	0.16322331173709026	0.8431974681726497	-1	0.15671069745872102	0.0	0.39240857140114027
ROD_39581_1-293	0.8078922239451674	0.17205508899244437	0.21231333052789836	0.29236740480343393	0.9374140868353369	0.4328453853511851	0.571509372883495	1.338827830251603	-1	0.4243484983100936	2.2325060608321587	0.23179773175254392	0.22918525966405	0.45078889677150946	-1	0.5491192688598613	0.39240857140114027	0.0
