BN373_25451_1-146	0.0	0.3697139694515761	0.29610480417424956	0.7270508123613327	0.37515067155192505	0.39580131519229145	0.2528273045259146	-1	1.1149551947506062	0.2133782290661289	1.3672525274646732	0.4935830367359909	0.53018500671312
STMMW_14631_1-146	0.3697139694515761	0.0	0.6658187736258256	0.35733684290975665	0.7448646410035011	0.7655152846438675	0.11688666492566147	-1	1.4846691642021823	0.15633574038544717	1.7369664969162493	0.12386906728441482	0.16047103726154388
ERS227112_04711_1-146	0.29610480417424956	0.6658187736258256	0.0	1.0231556165355822	0.0790458673776755	0.09969651101804189	0.5489321087001642	-1	0.8188503905763567	0.5094830332403785	1.0711477232904236	0.7896878409102405	0.8262898108873695
STM_MW14631_1-146	0.7270508123613327	0.35733684290975665	1.0231556165355822	0.0	1.102201483913258	1.122852127553624	0.4742235078354181	-1	1.842006007111939	0.5136725832952038	2.094303339826006	0.23346777562534182	0.19686580564821277
ROD_14411_1-146	0.37515067155192505	0.7448646410035011	0.0790458673776755	1.102201483913258	0.0	0.020650643640366395	0.6279779760778397	-1	0.7398045231986812	0.588528900618054	0.9921018559127481	0.868733708287916	0.905335678265045
NCTC13441_02255_1-146	0.39580131519229145	0.7655152846438675	0.09969651101804189	1.122852127553624	0.020650643640366395	0.0	0.6486286197182061	-1	0.7191538795583148	0.6091795442584204	0.9714512122723817	0.8893843519282824	0.9259863219054114
t1328_1-146	0.2528273045259146	0.11688666492566147	0.5489321087001642	0.4742235078354181	0.6279779760778397	0.6486286197182061	0.0	-1	1.3677824992765208	0.03944907545978571	1.6200798319905878	0.2407557322100763	0.27735770218720535
b1626_1-146	-1	-1	-1	-1	-1	-1	-1	-1	-1	-1	-1	-1	-1
CS17_01804_1-146	1.1149551947506062	1.4846691642021823	0.8188503905763567	1.842006007111939	0.7398045231986812	0.7191538795583148	1.3677824992765208	-1	0.0	1.3283334238167352	0.25229733271406696	1.6085382314865972	1.6451402014637262
ENC_12960_1-146	0.2133782290661289	0.15633574038544717	0.5094830332403785	0.5136725832952038	0.588528900618054	0.6091795442584204	0.03944907545978571	-1	1.3283334238167352	0.0	1.5806307565308022	0.280204807669862	0.31680677764699106
ETEC_1661_1-146	1.3672525274646732	1.7369664969162493	1.0711477232904236	2.094303339826006	0.9921018559127481	0.9714512122723817	1.6200798319905878	-1	0.25229733271406696	1.5806307565308022	0.0	1.8608355642006642	1.8974375341777932
SEN1587_1-146	0.4935830367359909	0.12386906728441482	0.7896878409102405	0.23346777562534182	0.868733708287916	0.8893843519282824	0.2407557322100763	-1	1.6085382314865972	0.280204807669862	1.8608355642006642	0.0	0.036601969977129056
SL1344_1392_1-146	0.53018500671312	0.16047103726154388	0.8262898108873695	0.19686580564821277	0.905335678265045	0.9259863219054114	0.27735770218720535	-1	1.6451402014637262	0.31680677764699106	1.8974375341777932	0.036601969977129056	0.0
