ERS227112_04371_1-329	0.0	2.92954442976664	3.290565071050224	2.56116828420537	2.04472702674622	-1	3.655215138244147	2.94495495460468	2.2081987518003396	1.8013452649994997	2.37434913997557	2.28880017158872	1.4240528412787397
SL1344_3216_1-329	2.92954442976664	0.0	0.361020641283584	0.36837614556126996	0.8848174030204199	-1	0.725670708477507	0.015410524838040063	0.7213456779662999	1.12819916476714	0.5551952897910699	0.6407442581779199	1.5054915884879
STMMW_32441_1-329	3.290565071050224	0.361020641283584	0.0	0.729396786844854	1.245838044304004	-1	0.364650067193923	0.34561011644554396	1.0823663192498838	1.4892198060507242	0.9162159310746539	1.001764899461504	1.8665122297714842
NCTC13441_00572_1-329	2.56116828420537	0.36837614556126996	0.729396786844854	0.0	0.5164412574591499	-1	1.094046854038777	0.38378667039931	0.35296953240502993	0.7598230192058701	0.18681914422979995	0.27236811261664995	1.1371154429266301
STM_MW32441_1-329	2.04472702674622	0.8848174030204199	1.245838044304004	0.5164412574591499	0.0	-1	1.610488111497927	0.90022792785846	0.16347172505412	0.24338176174672022	0.32962211322935	0.24407314484249998	0.6206741854674802
b3117_1-329	-1	-1	-1	-1	-1	-1	-1	-1	-1	-1	-1	-1	-1
CS17_03549_1-329	3.655215138244147	0.725670708477507	0.364650067193923	1.094046854038777	1.610488111497927	-1	0.0	0.710260183639467	1.4470163864438068	1.8538698732446472	1.280865998268577	1.366414966655427	2.2311622969654072
ETEC_3385_1-329	2.94495495460468	0.015410524838040063	0.34561011644554396	0.38378667039931	0.90022792785846	-1	0.710260183639467	0.0	0.73675620280434	1.1436096896051802	0.57060581462911	0.65615478301596	1.5209021133259402
SEN3085_1-329	2.2081987518003396	0.7213456779662999	1.0823663192498838	0.35296953240502993	0.16347172505412	-1	1.4470163864438068	0.73675620280434	0.0	0.4068534868008402	0.16615038817522998	0.08060141978837998	0.7841459105216002
ENC_33680_9-337	1.8013452649994997	1.12819916476714	1.4892198060507242	0.7598230192058701	0.24338176174672022	-1	1.8538698732446472	1.1436096896051802	0.4068534868008402	0.0	0.5730038749760702	0.4874549065892202	0.37729242372076
ROD_47601_1-329	2.37434913997557	0.5551952897910699	0.9162159310746539	0.18681914422979995	0.32962211322935	-1	1.280865998268577	0.57060581462911	0.16615038817522998	0.5730038749760702	0.0	0.08554896838685	0.9502962986968302
BN373_28741_1-329	2.28880017158872	0.6407442581779199	1.001764899461504	0.27236811261664995	0.24407314484249998	-1	1.366414966655427	0.65615478301596	0.08060141978837998	0.4874549065892202	0.08554896838685	0.0	0.8647473303099802
t3164_1-329	1.4240528412787397	1.5054915884879	1.8665122297714842	1.1371154429266301	0.6206741854674802	-1	2.2311622969654072	1.5209021133259402	0.7841459105216002	0.37729242372076	0.9502962986968302	0.8647473303099802	0.0
