ROD_37341_1-150	0.0	0.19234211586252853	0.550700767079551	0.3342181478514887	0.32378379022310544	0.25516585368448763	0.027813498222482413	0.39712918660287083	0.23813267593652176	-1	0.40879401574593904	0.22769011636420125	0.28999463580973195	0.2204138969234128	0.28652947199922657	0.6894820926598433	0.22769002146831763
SL1344_4276_1-177	0.19234211586252853	0.0	0.4437010499807443	0.17566352632151291	0.16274424721421304	0.07778508580901297	0.16923565317891862	0.25355670360234545	0.05669549071869052	-1	0.26799948856385863	0.043766056390846964	0.12090827300161903	0.03475701978798012	0.42375990296045074	0.6155328717285159	0.043765938895697735
Ecoli9000q_38120_1-177	0.550700767079551	0.4437010499807443	0.0	0.32515548227916097	0.33556867400636947	0.39677949092021686	0.5378466661499997	0.2547338120605249	0.4102657789231898	-1	0.24002928778310503	0.41823969569664743	0.3671889599977088	0.42366952008595576	0.6794382390579047	0.3088839584216792	0.4182397671791605
NCTC13441_04303_1-177	0.3342181478514887	0.17566352632151291	0.32515548227916097	0.0	0.015430505033036498	0.1061340897944204	0.31517064788369814	0.09449196992733445	0.1261183789882044	-1	0.11201246722750152	0.13793431075332874	0.06228616609424048	0.14598034839122273	0.5249842704142688	0.5336041282319428	0.13793441667774717
t4391_1-177	0.32378379022310544	0.16274424721421304	0.33556867400636947	0.015430505033036498	0.0	0.09212512191882138	0.30443777141472295	0.10846441614282569	0.11242261162974786	-1	0.12571456332122122	0.12442372666076025	0.04758999877685241	0.13259586451291255	0.5175396637677973	0.5408008520786473	0.12442383424526188
SEN4109_1-177	0.25516585368448763	0.07778508580901297	0.39677949092021686	0.1061340897944204	0.09212512191882138	0.0	0.23385672918346506	0.19059724050063548	0.022357144360934222	-1	0.2062582157671037	0.03557605295809369	0.04676045304519487	0.04457744516472065	0.468582788355266	0.5831046295659207	0.03557617145955708
ENC_03050_1-174	0.027813498222482413	0.16923565317891862	0.5378466661499997	0.31517064788369814	0.30443777141472295	0.23385672918346506	0.0	0.3798815224292277	0.21633624549353223	-1	0.3918800732440565	0.20559493242939522	0.26968193562437365	0.19811054602052733	0.30637358326156966	0.6805984173073636	0.20559483481861432
ROD_32141_1-190	0.39712918660287083	0.25355670360234545	0.2547338120605249	0.09449196992733445	0.10846441614282569	0.19059724050063548	0.3798815224292277	0.0	0.2086931748409013	-1	0.019348803896041735	0.21939259593701205	0.15089259348810902	0.22667834762839198	0.5698694424492945	0.4849345822691051	0.21939269185242352
STMMW_42871_1-177	0.23813267593652176	0.05669549071869052	0.4102657789231898	0.1261183789882044	0.11242261162974786	0.022357144360934222	0.21633624549353223	0.2086931748409013	0.0	-1	0.2240040154225041	0.01352120410936623	0.06807216720701498	0.022728443905276077	0.45643011803389383	0.5924252195461206	0.013521325320770473
b4149_1-177	-1	-1	-1	-1	-1	-1	-1	-1	-1	-1	-1	-1	-1	-1	-1	-1	-1
ERS227112_02205_1-177	0.40879401574593904	0.26799948856385863	0.24002928778310503	0.11201246722750152	0.12571456332122122	0.2062582157671037	0.3918800732440565	0.019348803896041735	0.2240040154225041	-1	0.0	0.23449641551802503	0.1673218061833842	0.24164119662869318	0.5781919542570382	0.4747720496572023	0.234496509577588
ETEC_4498_1-177	0.22769011636420125	0.043766056390846964	0.41823969569664743	0.13793431075332874	0.12442372666076025	0.03557605295809369	0.20559493242939522	0.21939259593701205	0.01352120410936623	-1	0.23449641551802503	0.0	0.08067295364940825	0.009333439131448507	0.4489796595421508	0.5979361213424677	1.228727923484474e-07
CS17_04630_1-177	0.28999463580973195	0.12090827300161903	0.3671889599977088	0.06228616609424048	0.04758999877685241	0.04676045304519487	0.26968193562437365	0.15089259348810902	0.06807216720701498	-1	0.1673218061833842	0.08067295364940825	0.0	0.08925343667841584	0.49343209792778797	0.562654138966556	0.08067306660968952
ERS227112_02027_1-178	0.2204138969234128	0.03475701978798012	0.42366952008595576	0.14598034839122273	0.13259586451291255	0.04457744516472065	0.19811054602052733	0.22667834762839198	0.022728443905276077	-1	0.24164119662869318	0.009333439131448507	0.08925343667841584	0.0	0.44378829141588194	0.6016887600808718	0.00933331740546693
BN373_03591_1-177	0.28652947199922657	0.42375990296045074	0.6794382390579047	0.5249842704142688	0.5175396637677973	0.468582788355266	0.30637358326156966	0.5698694424492945	0.45643011803389383	-1	0.5781919542570382	0.4489796595421508	0.49343209792778797	0.44378829141588194	0.0	0.7784546246963231	0.4489795918367346
STM_MW42871_1-178	0.6894820926598433	0.6155328717285159	0.3088839584216792	0.5336041282319428	0.5408008520786473	0.5831046295659207	0.6805984173073636	0.4849345822691051	0.5924252195461206	-1	0.4747720496572023	0.5979361213424677	0.562654138966556	0.6016887600808718	0.7784546246963231	0.0	0.5979361707451791
BN373_01621_1-177	0.22769002146831763	0.043765938895697735	0.4182397671791605	0.13793441667774717	0.12442383424526188	0.03557617145955708	0.20559483481861432	0.21939269185242352	0.013521325320770473	-1	0.234496509577588	1.228727923484474e-07	0.08067306660968952	0.00933331740546693	0.4489795918367346	0.5979361707451791	0.0
