STMMW_01141_7-327	0.0	0.0041772385362303785	0.09474722790735829	0.17221201682465373	0.5141382211097387	0.29477193831865056	0.7172408431613958	0.27373512122635996	0.4813044502124268	-1	0.21522261121285013
SL1344_0108_7-327	0.0041772385362303785	0.0	0.09094990883518086	0.17566988468780223	0.5161677816558006	0.29771784415473695	0.7184219956078141	0.2767689028654839	0.48347116525157063	-1	0.21850081356365406
CS17_00067_5-327	0.09474722790735829	0.09094990883518086	0.0	0.2506426335255407	0.5601722778057288	0.3615903422054379	0.7440314894372755	0.34254670521663594	0.5304494156826824	-1	0.2895780933248077
ETEC_0067_5-327	0.17221201682465373	0.17566988468780223	0.2506426335255407	0.0	0.4130601207491272	0.14805714021586075	0.6584159681154629	0.12264384898687405	0.3733956516282256	-1	0.05195846673590291
t0112_7-327	0.5141382211097387	0.5161677816558006	0.5601722778057288	0.4130601207491272	0.0	0.311057223486105	0.4180255185241287	0.3310129773717267	0.06330066049488701	-1	0.38089223029075003
ERS227112_02403_2-327	0.29477193831865056	0.29771784415473695	0.3615903422054379	0.14805714021586075	0.311057223486105	0.0	0.599052884871779	0.028965764016859886	0.2644995598290006	-1	0.10136546776499454
Ecoli9000q_41210_5-327	0.7172408431613958	0.7184219956078141	0.7440314894372755	0.6584159681154629	0.4180255185241287	0.599052884871779	0.0	0.6106666243918237	0.45486488759272076	-1	0.6396950767457762
NCTC13441_03917_5-327	0.27373512122635996	0.2767689028654839	0.34254670521663594	0.12264384898687405	0.3310129773717267	0.028965764016859886	0.6106666243918237	0.0	0.2858038920132903	-1	0.07455937295025684
ROD_00751_1-314	0.4813044502124268	0.48347116525157063	0.5304494156826824	0.3733956516282256	0.06330066049488701	0.2644995598290006	0.45486488759272076	0.2858038920132903	0.0	-1	0.3390539059882933
b0068_5-327	-1	-1	-1	-1	-1	-1	-1	-1	-1	-1	-1
BN373_05551_2-327	0.21522261121285013	0.21850081356365406	0.2895780933248077	0.05195846673590291	0.38089223029075003	0.10136546776499454	0.6396950767457762	0.07455937295025684	0.3390539059882933	-1	0.0
