CS17_04110_1-302	0.0	0.6281472159945171	0.7814027992100271	1.2755583164163968	0.345678577363537	0.721176959935267	1.942587605420207	1.1077155058523669	-1	0.9807563626229671	1.4173432281923568	0.500881268366307	0.25231177588921105
ENC_03500_14-313	0.6281472159945171	0.0	0.15325558321551003	0.6474111004218799	0.28246863863098004	0.09302974394074992	1.31444038942569	0.47956828985784994	-1	0.35260914662845	0.7891960121978399	0.12726594762821009	0.375835440105306
STMMW_37541_1-300	0.7814027992100271	0.15325558321551003	0.0	0.49415551720636985	0.43572422184649007	0.06022583927476011	1.16118480621018	0.3263127066423399	-1	0.19935356341293997	0.6359404289823298	0.2805215308437201	0.529091023320816
STM_MW37541_1-300	1.2755583164163968	0.6474111004218799	0.49415551720636985	0.0	0.9298797390528599	0.55438135648113	0.6670292890038101	0.16784281056402994	-1	0.2948019537934299	0.14178491177595998	0.77467704805009	1.023246540527186
BN373_46871_1-300	0.345678577363537	0.28246863863098004	0.43572422184649007	0.9298797390528599	0.0	0.37549838257172996	1.59690902805667	0.76203692848883	-1	0.63507778525943	1.07166465082882	0.15520269100276995	0.09336680147432597
SL1344_3730_1-300	0.721176959935267	0.09302974394074992	0.06022583927476011	0.55438135648113	0.37549838257172996	0.0	1.22141064548494	0.3865385459171	-1	0.2595794026877001	0.6961662682570899	0.22029569156896	0.4688651840460559
NCTC13441_04855_1-302	1.942587605420207	1.31444038942569	1.16118480621018	0.6670292890038101	1.59690902805667	1.22141064548494	0.0	0.83487209956784	-1	0.96183124279724	0.5252443772278501	1.4417063370539	1.690275829530996
SEN3587_1-300	1.1077155058523669	0.47956828985784994	0.3263127066423399	0.16784281056402994	0.76203692848883	0.3865385459171	0.83487209956784	0.0	-1	0.12695914322939994	0.3096277223399899	0.60683423748606	0.855403729963156
b3660_1-301	-1	-1	-1	-1	-1	-1	-1	-1	-1	-1	-1	-1	-1
ETEC_3953_1-301	0.9807563626229671	0.35260914662845	0.19935356341293997	0.2948019537934299	0.63507778525943	0.2595794026877001	0.96183124279724	0.12695914322939994	-1	0.0	0.43658686556938986	0.4798750942566601	0.728444586733756
t3753_1-300	1.4173432281923568	0.7891960121978399	0.6359404289823298	0.14178491177595998	1.07166465082882	0.6961662682570899	0.5252443772278501	0.3096277223399899	-1	0.43658686556938986	0.0	0.9164619598260499	1.165031452303146
ROD_41211_1-300	0.500881268366307	0.12726594762821009	0.2805215308437201	0.77467704805009	0.15520269100276995	0.22029569156896	1.4417063370539	0.60683423748606	-1	0.4798750942566601	0.9164619598260499	0.0	0.24856949247709592
ERS227112_00534_1-300	0.25231177588921105	0.375835440105306	0.529091023320816	1.023246540527186	0.09336680147432597	0.4688651840460559	1.690275829530996	0.855403729963156	-1	0.728444586733756	1.165031452303146	0.24856949247709592	0.0
