SEN2767_1-349	0.0	0.24865693476222972	0.03910975965067387	0.1612498991990442	0.14973721596596734	0.570735202055593	0.09712640926059213	-1	0.04775824290224273	0.10429222892896917	0.011521381683766263	0.023389861954719815
t2829_1-349	0.24865693476222972	0.0	0.20954717511155585	0.4099068339612739	0.39839415072819706	0.8193921368178227	0.1515305255016376	-1	0.29641517766447245	0.14436470583326055	0.23713555307846346	0.27204679671694953
STMMW_28911_1-349	0.03910975965067387	0.20954717511155585	0.0	0.20035965884971807	0.1888469756166412	0.6098449617062669	0.05801664960991826	-1	0.0868680025529166	0.0651824692782953	0.027588377966907607	0.062499621605393685
SL1344_2907_1-349	0.1612498991990442	0.4099068339612739	0.20035965884971807	0.0	0.01151268323307686	0.4094853028565488	0.25837630845963633	-1	0.11349165629680147	0.26554212812801337	0.17277128088281046	0.13786003724432438
ETEC_2936_1-349	0.14973721596596734	0.39839415072819706	0.1888469756166412	0.01151268323307686	0.0	0.4209979860896257	0.24686362522655947	-1	0.10197897306372461	0.2540294448949365	0.1612585976497336	0.12634735401124753
CS17_03070_1-349	0.570735202055593	0.8193921368178227	0.6098449617062669	0.4094853028565488	0.4209979860896257	0.0	0.6678616113161852	-1	0.5229769591533503	0.6750274309845622	0.5822565837393593	0.5473453401008732
STM_MW28911_1-349	0.09712640926059213	0.1515305255016376	0.05801664960991826	0.25837630845963633	0.24686362522655947	0.6678616113161852	0.0	-1	0.14488465216283486	0.007165819668377038	0.08560502757682587	0.12051627121531194
b2745_1-349	-1	-1	-1	-1	-1	-1	-1	-1	-1	-1	-1	-1
NCTC13441_01028_1-349	0.04775824290224273	0.29641517766447245	0.0868680025529166	0.11349165629680147	0.10197897306372461	0.5229769591533503	0.14488465216283486	-1	0.0	0.1520504718312119	0.059279624586008994	0.024368380947522916
ERS227112_01553_1-349	0.10429222892896917	0.14436470583326055	0.0651824692782953	0.26554212812801337	0.2540294448949365	0.6750274309845622	0.007165819668377038	-1	0.1520504718312119	0.0	0.0927708472452029	0.12768209088368898
ROD_30641_1-349	0.011521381683766263	0.23713555307846346	0.027588377966907607	0.17277128088281046	0.1612585976497336	0.5822565837393593	0.08560502757682587	-1	0.059279624586008994	0.0927708472452029	0.0	0.03491124363848608
BN373_37511_1-349	0.023389861954719815	0.27204679671694953	0.062499621605393685	0.13786003724432438	0.12634735401124753	0.5473453401008732	0.12051627121531194	-1	0.024368380947522916	0.12768209088368898	0.03491124363848608	0.0
