CS17_03147_1-365	0.0	0.2909868488621439	0.351285237697047	-1	0.4190416565989733	0.35041022789622356	0.621112965265782	0.4199414994886159	0.43226491364844377	0.4541033006911094	0.47136348996683164	0.21372970015868664	0.6984885645347273
NCTC13441_00961_1-365	0.2909868488621439	0.0	0.06029838883490313	-1	0.12805480773682942	0.05942337903407968	0.3301261164036381	0.12895465062647204	0.1412780647862999	0.1631164518289655	0.18037664110468776	0.07725714870345723	0.4075017156725834
SEN2832_1-365	0.351285237697047	0.06029838883490313	0.0	-1	0.0677564189019263	0.0008750098008234453	0.26982772756873497	0.06865626179156892	0.08097967595139677	0.10281806299406238	0.12007825226978464	0.13755553753836036	0.3472033268376803
b2813_1-365	-1	-1	-1	-1	-1	-1	-1	-1	-1	-1	-1	-1	-1
SL1344_2968_1-365	0.4190416565989733	0.12805480773682942	0.0677564189019263	-1	0.0	0.06863142870274974	0.20207130866680867	0.0008998428896426214	0.013223257049470472	0.03506164409213608	0.05232183336785834	0.20531195644028666	0.279446907935754
STM_MW29511_1-365	0.35041022789622356	0.05942337903407968	0.0008750098008234453	-1	0.06863142870274974	0.0	0.2707027373695584	0.06953127159239236	0.08185468575222021	0.10369307279488582	0.12095326207060808	0.13668052773753692	0.34807833663850374
ERS227112_01492_1-365	0.621112965265782	0.3301261164036381	0.26982772756873497	-1	0.20207130866680867	0.2707027373695584	0.0	0.20117146577716605	0.1888480516173382	0.1670096645746726	0.14974947529895033	0.4073832651070953	0.07737559926894533
ETEC_3003_1-365	0.4199414994886159	0.12895465062647204	0.06865626179156892	-1	0.0008998428896426214	0.06953127159239236	0.20117146577716605	0.0	0.01232341415982785	0.03416180120249346	0.05142199047821572	0.20621179932992928	0.2785470650461114
t2896_1-365	0.43226491364844377	0.1412780647862999	0.08097967595139677	-1	0.013223257049470472	0.08185468575222021	0.1888480516173382	0.01232341415982785	0.0	0.021838387042665608	0.03909857631838787	0.21853521348975713	0.2662236508862835
BN373_38111_1-365	0.4541033006911094	0.1631164518289655	0.10281806299406238	-1	0.03506164409213608	0.10369307279488582	0.1670096645746726	0.03416180120249346	0.021838387042665608	0.0	0.01726018927572226	0.24037360053242274	0.24438526384361792
STMMW_29511_1-365	0.47136348996683164	0.18037664110468776	0.12007825226978464	-1	0.05232183336785834	0.12095326207060808	0.14974947529895033	0.05142199047821572	0.03909857631838787	0.01726018927572226	0.0	0.257633789808145	0.22712507456789566
ENC_30510_1-365	0.21372970015868664	0.07725714870345723	0.13755553753836036	-1	0.20531195644028666	0.13668052773753692	0.4073832651070953	0.20621179932992928	0.21853521348975713	0.24037360053242274	0.257633789808145	0.0	0.48475886437604065
ROD_28581_1-365	0.6984885645347273	0.4075017156725834	0.3472033268376803	-1	0.279446907935754	0.34807833663850374	0.07737559926894533	0.2785470650461114	0.2662236508862835	0.24438526384361792	0.22712507456789566	0.48475886437604065	0.0
