ROD_25301_1-451	0.0	0.009009916106439333	0.021619553882850834	0.3873392408248121	0.003757695315787273	1.2185553988452418	0.7551600585050678	0.01733018415992523	0.9266310381826506	0.04026420219395616	0.5908434534788559	0.2072785037114808	0.015903823361427233	0.3657089331019418	-1	0.48283776576461707	0.001244269479240473	0.011784603679610695	1.2461974698507006	0.0028748257452758767	0.01733018415992523	0.7814479456990034	-1	0.6302216753014536	0.48956072401219314	0.40107725358951485	0.6766832373142898	0.5646219141798098
NCTC13441_01154_1-451	0.009009916106439333	0.0	0.030629469989290167	0.3963491569312514	0.00525222079065206	1.227565314951681	0.7641699746115073	0.008320268053485898	0.93564095428909	0.04927411830039549	0.5998533695852953	0.21628841981792013	0.024913739467866566	0.3747188492083811	-1	0.4918476818710564	0.00776564662719886	0.0027746875731713624	1.2552073859571398	0.006135090361163456	0.008320268053485898	0.7904578618054429	-1	0.639231591407893	0.49857064011863245	0.41008716969595416	0.6856931534207292	0.5736318302862492
STMMW_26721_1-451	0.021619553882850834	0.030629469989290167	0.0	0.3657196869419612	0.025377249198638107	1.1969358449623908	0.7335405046222171	0.038949738042776065	0.9050114842997998	0.01864464831110533	0.5692238995960052	0.18565894982862996	0.005715730521423601	0.34408937921909094	-1	0.4612182118817662	0.022863823362091307	0.033404157562461526	1.2245779159678496	0.02449437962812671	0.038949738042776065	0.7598283918161527	-1	0.6086021214186028	0.4679411701293423	0.379457699706664	0.6550636834314391	0.543002360296959
STMMW_17341_96-477	0.3873392408248121	0.3963491569312514	0.3657196869419612	0.0	0.3910969361405993	0.8312161580204296	0.3678208176802558	0.4046694249847373	0.5392917973578386	0.34707503863085587	0.2035042126540439	0.18006073711333126	0.3714354174633848	0.02163030772287028	-1	0.09549852493980499	0.3885835103040525	0.39912384450442273	0.8588582290258884	0.39021406657008795	0.4046694249847373	0.3941087048741914	-1	0.24288243447664154	0.10222148318738106	0.013738012764702767	0.2893439964894778	0.17728267335499776
ETEC_2798_1-451	0.003757695315787273	0.00525222079065206	0.025377249198638107	0.3910969361405993	0.0	1.222313094161029	0.7589177538208551	0.013572488844137958	0.9303887334984379	0.04402189750974343	0.5946011487946432	0.21103619902726808	0.019661518677214506	0.36946662841772904	-1	0.4865954610804043	0.0025134258365468003	0.008026908363823422	1.2499551651664877	0.0008828695705113965	0.013572488844137958	0.7852056410147907	-1	0.6339793706172409	0.4933184193279804	0.4048349489053021	0.6804409326300771	0.5683796094955971
ETEC_1111_1-473	1.2185553988452418	1.227565314951681	1.1969358449623908	0.8312161580204296	1.222313094161029	0.0	0.4633953403401738	1.235885583005167	0.2919243606625911	1.1782911966512855	0.6277119453663857	1.011276895133761	1.2026515754838145	0.8528464657432999	-1	0.7357176330806247	1.2197996683244823	1.2303400025248523	0.02764207100545879	1.2214302245905175	1.235885583005167	0.4371074531462382	-1	0.5883337235437881	0.7289946748330486	0.8174781452557269	0.5418721615309519	0.6539334846654319
t1772_5-495	0.7551600585050678	0.7641699746115073	0.7335405046222171	0.3678208176802558	0.7589177538208551	0.4633953403401738	0.0	0.7724902426649931	0.17147097967758274	0.7148958563111117	0.16431660502621193	0.5478815547935871	0.7392562351436407	0.3894511254031261	-1	0.27232229274045083	0.7564043279843083	0.7669446621846786	0.4910374113456326	0.7580348842503437	0.7724902426649931	0.0262878871939356	-1	0.12493838320361428	0.26559933449287476	0.35408280491555305	0.07847682119077803	0.19053814432525806
t0258_1-451	0.01733018415992523	0.008320268053485898	0.038949738042776065	0.4046694249847373	0.013572488844137958	1.235885583005167	0.7724902426649931	0.0	0.9439612223425758	0.057594386353881394	0.6081736376387812	0.22460868787140603	0.033234007521352464	0.383039117261867	-1	0.5001679499245423	0.01608591468068476	0.005545580480314536	1.2635276540106257	0.014455358414649355	0.0	0.7987781298589287	-1	0.6475518594613788	0.5068909081721183	0.41840743774944006	0.6940134214742151	0.581952098339735
NCTC13441_02865_13-493	0.9266310381826506	0.93564095428909	0.9050114842997998	0.5392917973578386	0.9303887334984379	0.2919243606625911	0.17147097967758274	0.9439612223425758	0.0	0.8863668359886945	0.33578758470379466	0.7193525344711698	0.9107272148212234	0.5609221050807088	-1	0.44379327241803357	0.9278753076618911	0.9384156418622613	0.3195664316680499	0.9295058639279264	0.9439612223425758	0.14518309248364714	-1	0.296409362881197	0.4370703141704575	0.5255537845931357	0.24994780086836077	0.3620091240028408
SEN2579_1-451	0.04026420219395616	0.04927411830039549	0.01864464831110533	0.34707503863085587	0.04402189750974343	1.1782911966512855	0.7148958563111117	0.057594386353881394	0.8863668359886945	0.0	0.5505792512848998	0.16701430151752464	0.02436037883252893	0.32544473090798565	-1	0.4425735635706609	0.041508471673196635	0.05204880587356686	1.2059332676567442	0.043139027939232036	0.057594386353881394	0.7411837435050473	-1	0.5899574731074975	0.449296521818237	0.36081305139555864	0.6364190351203337	0.5243577119858537
SL1344_1670_96-477	0.5908434534788559	0.5998533695852953	0.5692238995960052	0.2035042126540439	0.5946011487946432	0.6277119453663857	0.16431660502621193	0.6081736376387812	0.33578758470379466	0.5505792512848998	0.0	0.38356494976737515	0.5749396301174288	0.22513452037691417	-1	0.10800568771423891	0.5920877229580964	0.6026280571584667	0.6553540163718445	0.5937182792241318	0.6081736376387812	0.19060449222014753	-1	0.03937822182259765	0.10128272946666284	0.18976619988934113	0.08583978383543389	0.026221539299046137
STM_MW17341_96-477	0.2072785037114808	0.21628841981792013	0.18565894982862996	0.18006073711333126	0.21103619902726808	1.011276895133761	0.5478815547935871	0.22460868787140603	0.7193525344711698	0.16701430151752464	0.38356494976737515	0.0	0.19137468035005356	0.15843042939046098	-1	0.27555926205313624	0.20852277319072127	0.2190631073910915	1.0389189661392197	0.2101533294567567	0.22460868787140603	0.5741694419875227	-1	0.4229431715899728	0.2822822203007123	0.19379874987803403	0.46940473360280904	0.357343410468329
SL1344_2616_1-451	0.015903823361427233	0.024913739467866566	0.005715730521423601	0.3714354174633848	0.019661518677214506	1.2026515754838145	0.7392562351436407	0.033234007521352464	0.9107272148212234	0.02436037883252893	0.5749396301174288	0.19137468035005356	0.0	0.34980510974051454	-1	0.4669339424031898	0.017148092840667706	0.027688427041037928	1.2302936464892733	0.01877864910670311	0.033234007521352464	0.7655441223375763	-1	0.6143178519400264	0.4736569006507659	0.3851734302280876	0.6607794139528627	0.5487180908183826
Ecoli9000q_54090_1-476	0.3657089331019418	0.3747188492083811	0.34408937921909094	0.02163030772287028	0.36946662841772904	0.8528464657432999	0.3894511254031261	0.383039117261867	0.5609221050807088	0.32544473090798565	0.22513452037691417	0.15843042939046098	0.34980510974051454	0.0	-1	0.11712883266267526	0.36695320258118225	0.37749353678155245	0.8804885367487587	0.36858375884721767	0.383039117261867	0.4157390125970617	-1	0.2645127421995118	0.12385179091025134	0.035368320487573046	0.31097430421234806	0.19891298107786803
b2585_1-451	-1	-1	-1	-1	-1	-1	-1	-1	-1	-1	-1	-1	-1	-1	-1	-1	-1	-1	-1	-1	-1	-1	-1	-1	-1	-1	-1	-1
SEN1900_5-495	0.48283776576461707	0.4918476818710564	0.4612182118817662	0.09549852493980499	0.4865954610804043	0.7357176330806247	0.27232229274045083	0.5001679499245423	0.44379327241803357	0.4425735635706609	0.10800568771423891	0.27555926205313624	0.4669339424031898	0.11712883266267526	-1	0.0	0.4840820352438575	0.4946223694442277	0.7633597040860834	0.48571259150989293	0.5001679499245423	0.29861017993438643	-1	0.14738390953683655	0.006722958247576072	0.08176051217510222	0.1938454715496728	0.08178414841519277
BN373_35661_1-451	0.001244269479240473	0.00776564662719886	0.022863823362091307	0.3885835103040525	0.0025134258365468003	1.2197996683244823	0.7564043279843083	0.01608591468068476	0.9278753076618911	0.041508471673196635	0.5920877229580964	0.20852277319072127	0.017148092840667706	0.36695320258118225	-1	0.4840820352438575	0.0	0.010540334200370222	1.247441739329941	0.0016305562660354038	0.01608591468068476	0.7826922151782439	-1	0.6314659447806941	0.4908049934914336	0.4023215230687553	0.6779275067935303	0.5658661836590503
CS17_02874_1-451	0.011784603679610695	0.0027746875731713624	0.033404157562461526	0.39912384450442273	0.008026908363823422	1.2303400025248523	0.7669446621846786	0.005545580480314536	0.9384156418622613	0.05204880587356686	0.6026280571584667	0.2190631073910915	0.027688427041037928	0.37749353678155245	-1	0.4946223694442277	0.010540334200370222	0.0	1.257982073530311	0.008909777934334819	0.005545580480314536	0.7932325493786142	-1	0.6420062789810643	0.5013453276918038	0.4128618572691255	0.6884678409939006	0.5764065178594205
CS17_01185_13-493	1.2461974698507006	1.2552073859571398	1.2245779159678496	0.8588582290258884	1.2499551651664877	0.02764207100545879	0.4910374113456326	1.2635276540106257	0.3195664316680499	1.2059332676567442	0.6553540163718445	1.0389189661392197	1.2302936464892733	0.8804885367487587	-1	0.7633597040860834	1.247441739329941	1.257982073530311	0.0	1.2490722955959763	1.2635276540106257	0.464749524151697	-1	0.6159757945492469	0.7566367458385074	0.8451202162611857	0.5695142325364106	0.6815755556708907
ERS227112_00005_1-451	0.0028748257452758767	0.006135090361163456	0.02449437962812671	0.39021406657008795	0.0008828695705113965	1.2214302245905175	0.7580348842503437	0.014455358414649355	0.9295058639279264	0.043139027939232036	0.5937182792241318	0.2101533294567567	0.01877864910670311	0.36858375884721767	-1	0.48571259150989293	0.0016305562660354038	0.008909777934334819	1.2490722955959763	0.0	0.014455358414649355	0.7843227714442793	-1	0.6330965010467294	0.492435549757469	0.4039520793347907	0.6795580630595657	0.5674967399250856
STM_MW26721_1-451	0.01733018415992523	0.008320268053485898	0.038949738042776065	0.4046694249847373	0.013572488844137958	1.235885583005167	0.7724902426649931	0.0	0.9439612223425758	0.057594386353881394	0.6081736376387812	0.22460868787140603	0.033234007521352464	0.383039117261867	-1	0.5001679499245423	0.01608591468068476	0.005545580480314536	1.2635276540106257	0.014455358414649355	0.0	0.7987781298589287	-1	0.6475518594613788	0.5068909081721183	0.41840743774944006	0.6940134214742151	0.581952098339735
SL1344_1085_5-495	0.7814479456990034	0.7904578618054429	0.7598283918161527	0.3941087048741914	0.7852056410147907	0.4371074531462382	0.0262878871939356	0.7987781298589287	0.14518309248364714	0.7411837435050473	0.19060449222014753	0.5741694419875227	0.7655441223375763	0.4157390125970617	-1	0.29861017993438643	0.7826922151782439	0.7932325493786142	0.464749524151697	0.7843227714442793	0.7987781298589287	0.0	-1	0.15122627039754988	0.29188722168681036	0.38037069210948865	0.10476470838471363	0.21682603151919366
b1046_1-473	-1	-1	-1	-1	-1	-1	-1	-1	-1	-1	-1	-1	-1	-1	-1	-1	-1	-1	-1	-1	-1	-1	-1	-1	-1	-1	-1	-1
t1651_96-477	0.6302216753014536	0.639231591407893	0.6086021214186028	0.24288243447664154	0.6339793706172409	0.5883337235437881	0.12493838320361428	0.6475518594613788	0.296409362881197	0.5899574731074975	0.03937822182259765	0.4229431715899728	0.6143178519400264	0.2645127421995118	-1	0.14738390953683655	0.6314659447806941	0.6420062789810643	0.6159757945492469	0.6330965010467294	0.6475518594613788	0.15122627039754988	-1	0.0	0.14066095128926048	0.22914442171193877	0.046461562012836244	0.06559976112164378
SEN1295_96-477	0.48956072401219314	0.49857064011863245	0.4679411701293423	0.10222148318738106	0.4933184193279804	0.7289946748330486	0.26559933449287476	0.5068909081721183	0.4370703141704575	0.449296521818237	0.10128272946666284	0.2822822203007123	0.4736569006507659	0.12385179091025134	-1	0.006722958247576072	0.4908049934914336	0.5013453276918038	0.7566367458385074	0.492435549757469	0.5068909081721183	0.29188722168681036	-1	0.14066095128926048	0.0	0.08848347042267829	0.18712251330209673	0.0750611901676167
STM_MW11561_6-494	0.40107725358951485	0.41008716969595416	0.379457699706664	0.013738012764702767	0.4048349489053021	0.8174781452557269	0.35408280491555305	0.41840743774944006	0.5255537845931357	0.36081305139555864	0.18976619988934113	0.19379874987803403	0.3851734302280876	0.035368320487573046	-1	0.08176051217510222	0.4023215230687553	0.4128618572691255	0.8451202162611857	0.4039520793347907	0.41840743774944006	0.38037069210948865	-1	0.22914442171193877	0.08848347042267829	0.0	0.275605983724775	0.163544660590295
ROD_11051_1-473	0.6766832373142898	0.6856931534207292	0.6550636834314391	0.2893439964894778	0.6804409326300771	0.5418721615309519	0.07847682119077803	0.6940134214742151	0.24994780086836077	0.6364190351203337	0.08583978383543389	0.46940473360280904	0.6607794139528627	0.31097430421234806	-1	0.1938454715496728	0.6779275067935303	0.6884678409939006	0.5695142325364106	0.6795580630595657	0.6940134214742151	0.10476470838471363	-1	0.046461562012836244	0.18712251330209673	0.275605983724775	0.0	0.11206132313448003
STMMW_11561_6-494	0.5646219141798098	0.5736318302862492	0.543002360296959	0.17728267335499776	0.5683796094955971	0.6539334846654319	0.19053814432525806	0.581952098339735	0.3620091240028408	0.5243577119858537	0.026221539299046137	0.357343410468329	0.5487180908183826	0.19891298107786803	-1	0.08178414841519277	0.5658661836590503	0.5764065178594205	0.6815755556708907	0.5674967399250856	0.581952098339735	0.21682603151919366	-1	0.06559976112164378	0.0750611901676167	0.163544660590295	0.11206132313448003	0.0
