ERS227112_02632_2-131	0.0	0.853957878886906	0.42391630357733	0.016940762214550098	5.67724608430769	0.6298226778906021	0.53248166468239	0.20180207027838004	0.4432588743022401	0.09560598668681997	0.09812590784353015	0.03526162587438986	0.511393886952594	0.62873178216664	0.4198871386045241	0.15560587323511	0.6836427029735899	0.05435327050840999	5.67724608430769	0.31572784827297995	0.523409777210002	0.26190402232243004	0.60625873579699	0.981224994968793	0.3416724223584571	0.32085304009903015	0.628324766001596	0.2833856610152701	0.764826284228874
NCTC13441_01534_1-188	0.853957878886906	0.0	0.43004157530957604	0.8370171166723559	6.531203963194596	0.22413520099630396	1.386439543569296	0.652155808608526	0.41069900458466596	0.758351892200086	0.7558319710433758	0.8892195047612959	0.34256399193431203	0.225226096720266	0.43407074028238196	1.009563752122016	1.5376005818604959	0.908311149395316	6.531203963194596	1.169685727159886	0.330548101676904	0.592053856564476	1.460216614683896	0.127267116081887	0.5122854565284489	0.5331048387878758	0.22563311288531002	0.5705722178716359	0.08913159465803205
SEN2207_1-190	0.42391630357733	0.43004157530957604	0.0	0.4069755413627799	6.10116238788502	0.20590637431327208	0.95639796825972	0.22211423329894997	0.01934257072491008	0.32831031689051005	0.32579039573379986	0.45917792945171987	0.08747758337526401	0.20481547858931004	0.004029164972805921	0.57952217681244	1.10755900655092	0.47826957408574	6.10116238788502	0.73964415185031	0.09949347363267202	0.16201228125489997	1.03017503937432	0.5573086913914631	0.08224388121887294	0.10306326347829986	0.20440846242426602	0.14053064256205994	0.340909980651544
CS17_02426_1-188	0.016940762214550098	0.8370171166723559	0.4069755413627799	0.0	5.69418684652224	0.612881915676052	0.5494224268969401	0.18486130806382994	0.42631811208769	0.07866522447226987	0.08118514562898005	0.052202388088939955	0.4944531247380439	0.61179101995209	0.402946376389974	0.1725466354496601	0.70058346518814	0.07129403272296009	5.69418684652224	0.33266861048753005	0.5064690149954519	0.24496326010787994	0.6231994980115401	0.9642842327542429	0.324731660143907	0.30391227788448005	0.6113840037870459	0.26644489880072	0.7478855220143239
b1708_1-154	5.67724608430769	6.531203963194596	6.10116238788502	5.69418684652224	0.0	6.307068762198292	5.1447644196253	5.87904815458607	6.12050495860993	5.77285207099451	5.77537199215122	5.6419844584333	6.188639971260284	6.30597786647433	6.097133222912214	5.5216402110725795	4.9936033813341005	5.62289281379928	0.0	5.36151823603471	6.200655861517692	5.9391501066301196	5.0709873485107	6.658471079276483	6.018918506666147	5.99809912440672	6.3055708503092855	5.96063174532296	6.442072368536564
ERS227112_04508_1-154	0.6298226778906021	0.22413520099630396	0.20590637431327208	0.612881915676052	6.307068762198292	0.0	1.162304342572992	0.42802060761222205	0.186563803588362	0.5342166912037821	0.5316967700470719	0.665084303764992	0.11842879093800807	0.0010908957239620376	0.209935539286078	0.7854285511257121	1.313465380864192	0.6841759483990121	6.307068762198292	0.945550526163582	0.10641290068060005	0.36791865556817205	1.2360814136875922	0.351402317078191	0.288150255532145	0.30896963779157194	0.0014979118890060539	0.346437016875332	0.1350036063382719
ROD_13471_1-154	0.53248166468239	1.386439543569296	0.95639796825972	0.5494224268969401	5.1447644196253	1.162304342572992	0.0	0.73428373496077	0.9757405389846301	0.62808765136921	0.6306075725259201	0.49722003880800014	1.043875551634984	1.16121344684903	0.9523688032869141	0.37687579144728	0.15116103829119987	0.47812839417398	5.1447644196253	0.21675381640941005	1.055891441892392	0.79438568700482	0.07377707111459997	1.513706659651183	0.8741540870408471	0.8533347047814202	1.160806430683986	0.8158673256976601	1.297307948911264
SEN1701_1-154	0.20180207027838004	0.652155808608526	0.22211423329894997	0.18486130806382994	5.87904815458607	0.42802060761222205	0.73428373496077	0.0	0.24145680402386005	0.10619608359156008	0.1036761624348499	0.2370636961527699	0.309591816674214	0.42692971188826	0.21808506832614405	0.35740794351349003	0.8854447732519699	0.25615534078679003	5.87904815458607	0.51752991855136	0.321607706931622	0.06010195204405	0.80806080607537	0.779422924690413	0.13987035208007703	0.11905096982065011	0.426522695723216	0.08158359073689003	0.563024213950494
STMMW_22451_1-190	0.4432588743022401	0.41069900458466596	0.01934257072491008	0.42631811208769	6.12050495860993	0.186563803588362	0.9757405389846301	0.24145680402386005	0.0	0.3476528876154201	0.34513296645870994	0.47852050017662995	0.06813501265035393	0.18547290786439996	0.023371735697716	0.5988647475373501	1.12690157727583	0.4976121448106501	6.12050495860993	0.75898672257522	0.08015090290776195	0.18135485197981005	1.04951761009923	0.5379661206665529	0.10158645194378302	0.12240583420320994	0.18506589169935594	0.15987321328697002	0.3215674099266339
ROD_23061_1-188	0.09560598668681997	0.758351892200086	0.32831031689051005	0.07866522447226987	5.77285207099451	0.5342166912037821	0.62808765136921	0.10619608359156008	0.3476528876154201	0.0	0.002519921156710181	0.13086761256120982	0.41578790026577406	0.5331257954798201	0.3242811519177041	0.25121185992192996	0.7792486896604098	0.14995925719522996	5.77285207099451	0.4113338349597999	0.42780379052318207	0.16629803563561008	0.7018647224838099	0.885619008281973	0.2460664356716371	0.22524705341221019	0.5327187793147761	0.1877796743284501	0.669220297542054
NCTC13441_02171_1-154	0.09812590784353015	0.7558319710433758	0.32579039573379986	0.08118514562898005	5.77537199215122	0.5316967700470719	0.6306075725259201	0.1036761624348499	0.34513296645870994	0.002519921156710181	0.0	0.13338753371792	0.4132679791090639	0.5306058743231099	0.32176123076099394	0.25373178107864014	0.78176861081712	0.15247917835194014	5.77537199215122	0.4138537561165101	0.4252838693664719	0.1637781144788999	0.7043846436405201	0.8830990871252629	0.24354651451492693	0.2227271322555	0.5301988581580659	0.18525975317173993	0.6667003763853439
t1224_1-154	0.03526162587438986	0.8892195047612959	0.45917792945171987	0.052202388088939955	5.6419844584333	0.665084303764992	0.49722003880800014	0.2370636961527699	0.47852050017662995	0.13086761256120982	0.13338753371792	0.0	0.5466555128269839	0.6639934080410299	0.45514876447891395	0.12034424736072014	0.6483810770992	0.019091644634020133	5.6419844584333	0.2804662223985901	0.5586714030843919	0.2971656481968199	0.5709971099226001	1.0164866208431829	0.37693404823284693	0.35611466597342	0.6635863918759859	0.31864728688965993	0.8000879101032639
ETEC_2312_1-188	0.511393886952594	0.34256399193431203	0.08747758337526401	0.4944531247380439	6.188639971260284	0.11842879093800807	1.043875551634984	0.309591816674214	0.06813501265035393	0.41578790026577406	0.4132679791090639	0.5466555128269839	0.0	0.11733789521404603	0.09150674834806993	0.666999760187704	1.195036589926184	0.565747157461004	6.188639971260284	0.827121735225574	0.012015890257408013	0.24948986463016398	1.117652622749584	0.46983110801619904	0.16972146459413695	0.19054084685356387	0.11693087904900201	0.22800822593732395	0.25343239727628
STM_MW13501_1-154	0.62873178216664	0.225226096720266	0.20481547858931004	0.61179101995209	6.30597786647433	0.0010908957239620376	1.16121344684903	0.42692971188826	0.18547290786439996	0.5331257954798201	0.5306058743231099	0.6639934080410299	0.11733789521404603	0.0	0.20884464356211596	0.78433765540175	1.31237448514023	0.68308505267505	6.30597786647433	0.94445963043962	0.10532200495663802	0.36682775984421	1.23499051796363	0.352493212802153	0.287059359808183	0.3078787420676099	0.0004070161650440163	0.34534612115137	0.13609450206223395
BN373_32141_1-189	0.4198871386045241	0.43407074028238196	0.004029164972805921	0.402946376389974	6.097133222912214	0.209935539286078	0.9523688032869141	0.21808506832614405	0.023371735697716	0.3242811519177041	0.32176123076099394	0.45514876447891395	0.09150674834806993	0.20884464356211596	0.0	0.5754930118396341	1.1035298415781138	0.4742404091129341	6.097133222912214	0.735614986877504	0.10352263860547795	0.15798311628209405	1.026145874401514	0.561337856364269	0.07821471624606702	0.09903409850549394	0.20843762739707195	0.13650147758925402	0.3449391456243499
BN373_07711_3-169	0.15560587323511	1.009563752122016	0.57952217681244	0.1725466354496601	5.5216402110725795	0.7854285511257121	0.37687579144728	0.35740794351349003	0.5988647475373501	0.25121185992192996	0.25373178107864014	0.12034424736072014	0.666999760187704	0.78433765540175	0.5754930118396341	0.0	0.5280368297384799	0.1012526027267	5.5216402110725795	0.16012197503786996	0.679015650445112	0.41750989555754003	0.45065286256188	1.136830868203903	0.49727829559356707	0.47645891333414014	0.783930639236706	0.43899153425038007	0.920432157463984
CS17_01891_1-154	0.6836427029735899	1.5376005818604959	1.10755900655092	0.70058346518814	4.9936033813341005	1.313465380864192	0.15116103829119987	0.8854447732519699	1.12690157727583	0.7792486896604098	0.78176861081712	0.6483810770992	1.195036589926184	1.31237448514023	1.1035298415781138	0.5280368297384799	0.0	0.6292894324651799	4.9936033813341005	0.3679148547006099	1.207052480183592	0.9455467252960199	0.0773839671765999	1.6648676979423829	1.025315125332047	1.00449574307262	1.311967468975186	0.9670283639888599	1.4484689872024639
ROD_14151_47-266	0.05435327050840999	0.908311149395316	0.47826957408574	0.07129403272296009	5.62289281379928	0.6841759483990121	0.47812839417398	0.25615534078679003	0.4976121448106501	0.14995925719522996	0.15247917835194014	0.019091644634020133	0.565747157461004	0.68308505267505	0.4742404091129341	0.1012526027267	0.6292894324651799	0.0	5.62289281379928	0.26137457776456996	0.577763047718412	0.31625729283084003	0.55190546528858	1.035578265477203	0.39602569286686706	0.37520631060744014	0.682678036510006	0.33773893152368006	0.819179554737284
b2175_1-188	5.67724608430769	6.531203963194596	6.10116238788502	5.69418684652224	0.0	6.307068762198292	5.1447644196253	5.87904815458607	6.12050495860993	5.77285207099451	5.77537199215122	5.6419844584333	6.188639971260284	6.30597786647433	6.097133222912214	5.5216402110725795	4.9936033813341005	5.62289281379928	0.0	5.36151823603471	6.200655861517692	5.9391501066301196	5.0709873485107	6.658471079276483	6.018918506666147	5.99809912440672	6.3055708503092855	5.96063174532296	6.442072368536564
ERS227112_03972_1-189	0.31572784827297995	1.169685727159886	0.73964415185031	0.33266861048753005	5.36151823603471	0.945550526163582	0.21675381640941005	0.51752991855136	0.75898672257522	0.4113338349597999	0.4138537561165101	0.2804662223985901	0.827121735225574	0.94445963043962	0.735614986877504	0.16012197503786996	0.3679148547006099	0.26137457776456996	5.36151823603471	0.0	0.839137625482982	0.57763187059541	0.29053088752401	1.296952843241773	0.657400270631437	0.6365808883720101	0.944052614274576	0.59911350928825	1.080554132501854
SL1344_1277_1-154	0.523409777210002	0.330548101676904	0.09949347363267202	0.5064690149954519	6.200655861517692	0.10641290068060005	1.055891441892392	0.321607706931622	0.08015090290776195	0.42780379052318207	0.4252838693664719	0.5586714030843919	0.012015890257408013	0.10532200495663802	0.10352263860547795	0.679015650445112	1.207052480183592	0.577763047718412	6.200655861517692	0.839137625482982	0.0	0.261505754887572	1.1296685130069921	0.457815217758791	0.18173735485154496	0.20255673711097189	0.104914988791594	0.24002411619473196	0.24141650701887196
SL1344_2191_1-190	0.26190402232243004	0.592053856564476	0.16201228125489997	0.24496326010787994	5.9391501066301196	0.36791865556817205	0.79438568700482	0.06010195204405	0.18135485197981005	0.16629803563561008	0.1637781144788999	0.2971656481968199	0.24948986463016398	0.36682775984421	0.15798311628209405	0.41750989555754003	0.9455467252960199	0.31625729283084003	5.9391501066301196	0.57763187059541	0.261505754887572	0.0	0.86816275811942	0.719320972646363	0.07976840003602703	0.05894901777660011	0.366420743679166	0.021481638692840033	0.502922261906444
ENC_14070_1-154	0.60625873579699	1.460216614683896	1.03017503937432	0.6231994980115401	5.0709873485107	1.2360814136875922	0.07377707111459997	0.80806080607537	1.04951761009923	0.7018647224838099	0.7043846436405201	0.5709971099226001	1.117652622749584	1.23499051796363	1.026145874401514	0.45065286256188	0.0773839671765999	0.55190546528858	5.0709873485107	0.29053088752401	1.1296685130069921	0.86816275811942	0.0	1.587483730765783	0.947931158155447	0.9271117758960201	1.234583501798586	0.88964439681226	1.371085020025864
STM_MW22451_1-190	0.981224994968793	0.127267116081887	0.5573086913914631	0.9642842327542429	6.658471079276483	0.351402317078191	1.513706659651183	0.779422924690413	0.5379661206665529	0.885619008281973	0.8830990871252629	1.0164866208431829	0.46983110801619904	0.352493212802153	0.561337856364269	1.136830868203903	1.6648676979423829	1.035578265477203	6.658471079276483	1.296952843241773	0.457815217758791	0.719320972646363	1.587483730765783	0.0	0.6395525726103359	0.6603719548697629	0.352900228967197	0.6978393339535229	0.21639871073991906
ETEC_1741_1-154	0.3416724223584571	0.5122854565284489	0.08224388121887294	0.324731660143907	6.018918506666147	0.288150255532145	0.8741540870408471	0.13987035208007703	0.10158645194378302	0.2460664356716371	0.24354651451492693	0.37693404823284693	0.16972146459413695	0.287059359808183	0.07821471624606702	0.49727829559356707	1.025315125332047	0.39602569286686706	6.018918506666147	0.657400270631437	0.18173735485154496	0.07976840003602703	0.947931158155447	0.6395525726103359	0.0	0.020819382259426922	0.28665234364313896	0.058286761343187	0.4231538618704169
ENC_39940_2-141	0.32085304009903015	0.5331048387878758	0.10306326347829986	0.30391227788448005	5.99809912440672	0.30896963779157194	0.8533347047814202	0.11905096982065011	0.12240583420320994	0.22524705341221019	0.2227271322555	0.35611466597342	0.19054084685356387	0.3078787420676099	0.09903409850549394	0.47645891333414014	1.00449574307262	0.37520631060744014	5.99809912440672	0.6365808883720101	0.20255673711097189	0.05894901777660011	0.9271117758960201	0.6603719548697629	0.020819382259426922	0.0	0.3074717259025659	0.03746737908376008	0.44397324412984385
STMMW_13501_1-154	0.628324766001596	0.22563311288531002	0.20440846242426602	0.6113840037870459	6.3055708503092855	0.0014979118890060539	1.160806430683986	0.426522695723216	0.18506589169935594	0.5327187793147761	0.5301988581580659	0.6635863918759859	0.11693087904900201	0.0004070161650440163	0.20843762739707195	0.783930639236706	1.311967468975186	0.682678036510006	6.3055708503092855	0.944052614274576	0.104914988791594	0.366420743679166	1.234583501798586	0.352900228967197	0.28665234364313896	0.3074717259025659	0.0	0.34493910498632596	0.13650151822727796
t0641_1-190	0.2833856610152701	0.5705722178716359	0.14053064256205994	0.26644489880072	5.96063174532296	0.346437016875332	0.8158673256976601	0.08158359073689003	0.15987321328697002	0.1877796743284501	0.18525975317173993	0.31864728688965993	0.22800822593732395	0.34534612115137	0.13650147758925402	0.43899153425038007	0.9670283639888599	0.33773893152368006	5.96063174532296	0.59911350928825	0.24002411619473196	0.021481638692840033	0.88964439681226	0.6978393339535229	0.058286761343187	0.03746737908376008	0.34493910498632596	0.0	0.4814406232136039
BN373_27511_1-154	0.764826284228874	0.08913159465803205	0.340909980651544	0.7478855220143239	6.442072368536564	0.1350036063382719	1.297307948911264	0.563024213950494	0.3215674099266339	0.669220297542054	0.6667003763853439	0.8000879101032639	0.25343239727628	0.13609450206223395	0.3449391456243499	0.920432157463984	1.4484689872024639	0.819179554737284	6.442072368536564	1.080554132501854	0.24141650701887196	0.502922261906444	1.371085020025864	0.21639871073991906	0.4231538618704169	0.44397324412984385	0.13650151822727796	0.4814406232136039	0.0
