t3588_1-82	0.0	1.19938646269348	1.6654532550296999	0.006371132210192032	0.693218467144131	-1	0.3926485994509801	0.53669274686924	0.21042158628280005	-1	0.25531364404055	0.11460149161695099
NCTC13441_04609_1-73	1.19938646269348	0.0	0.46606679233621984	1.193015330483288	1.892604929837611	-1	0.8067378632425	0.6626937158242401	0.98896487641068	-1	1.45470010673403	1.084784971076529
NCTC13441_04606_1-81	1.6654532550296999	0.46606679233621984	0.0	1.6590821228195078	2.3586717221738307	-1	1.2728046555787198	1.12876050816046	1.4550316687468998	-1	1.9207668990702498	1.5508517634127488
ENC_00380_1-80	0.006371132210192032	1.193015330483288	1.6590821228195078	0.0	0.6995895993543231	-1	0.38627746724078804	0.5303216146590479	0.20405045407260802	-1	0.26168477625074205	0.10823035940675896
CS17_04344_1-73	0.693218467144131	1.892604929837611	2.3586717221738307	0.6995895993543231	0.0	-1	1.0858670665951111	1.229911214013371	0.9036400534269311	-1	0.437904823103581	0.8078199587610819
b3890_1-72	-1	-1	-1	-1	-1	-1	-1	-1	-1	-1	-1	-1
ETEC_4160_1-72	0.3926485994509801	0.8067378632425	1.2728046555787198	0.38627746724078804	1.0858670665951111	-1	0.0	0.14404414741825988	0.18222701316818002	-1	0.6479622434915301	0.2780471078340291
ERS227112_00398_1-83	0.53669274686924	0.6626937158242401	1.12876050816046	0.5303216146590479	1.229911214013371	-1	0.14404414741825988	0.0	0.3262711605864399	-1	0.79200639090979	0.42209125525228897
BN373_48171_1-74	0.21042158628280005	0.98896487641068	1.4550316687468998	0.20405045407260802	0.9036400534269311	-1	0.18222701316818002	0.3262711605864399	0.0	-1	0.46573523032335007	0.09582009466584906
b3889_1-70	-1	-1	-1	-1	-1	-1	-1	-1	-1	-1	-1	-1
CS17_04345_1-81	0.25531364404055	1.45470010673403	1.9207668990702498	0.26168477625074205	0.437904823103581	-1	0.6479622434915301	0.79200639090979	0.46573523032335007	-1	0.0	0.369915135657501
ETEC_4159_1-72	0.11460149161695099	1.084784971076529	1.5508517634127488	0.10823035940675896	0.8078199587610819	-1	0.2780471078340291	0.42209125525228897	0.09582009466584906	-1	0.369915135657501	0.0
