BN373_34961_1-71	0.0	-1	0.07491067810690955	0.26143871546251984	0.6007181239608973	0.09104978555948617	0.0011931522733813482	0.2873798151125021	0.14996843179560249	0.2009873778401241	1.8947147861493598	0.2236784190405905	0.3454461606739935
b2510_1-71	-1	-1	-1	-1	-1	-1	-1	-1	-1	-1	-1	-1	-1
STM_MW25351_1-73	0.07491067810690955	-1	0.0	0.1865280373556103	0.5258074458539878	0.01613910745257663	0.0761038303802909	0.21246913700559256	0.22487910990251203	0.27589805594703365	1.81980410804245	0.29858909714750004	0.27053548256708393
CS17_02796_1-72	0.26143871546251984	-1	0.1865280373556103	0.0	0.33927940849837745	0.17038892990303367	0.2626318677359012	0.025941099649982258	0.41140714725812233	0.46242609330264395	1.6332760706868399	0.48511713450311034	0.08400744521147363
SEN2498_1-73	0.6007181239608973	-1	0.5258074458539878	0.33927940849837745	0.0	0.5096683384014111	0.6019112762342786	0.3133383088483952	0.7506865557564998	0.8017055018010214	1.2939966621884624	0.8243965430014878	0.2552719632869038
STMMW_25351_1-73	0.09104978555948617	-1	0.01613910745257663	0.17038892990303367	0.5096683384014111	0.0	0.09224293783286752	0.19633002955301593	0.24101821735508866	0.2920371633996103	1.8036650005898736	0.31472820460007667	0.2543963751145073
ENC_37550_1-73	0.0011931522733813482	-1	0.0761038303802909	0.2626318677359012	0.6019112762342786	0.09224293783286752	0.0	0.28857296738588345	0.14877527952222114	0.19979422556674276	1.895907938422741	0.22248526676720914	0.3466393129473748
ETEC_2667_1-71	0.2873798151125021	-1	0.21246913700559256	0.025941099649982258	0.3133383088483952	0.19633002955301593	0.28857296738588345	0.0	0.4373482469081046	0.4883671929526262	1.6073349710368576	0.5110582341530926	0.05806634556149137
ERS227112_00076_1-72	0.14996843179560249	-1	0.22487910990251203	0.41140714725812233	0.7506865557564998	0.24101821735508866	0.14877527952222114	0.4373482469081046	0.0	0.05101894604452162	2.044683217944962	0.073709987244988	0.49541459246959596
SL1344_2480_1-73	0.2009873778401241	-1	0.27589805594703365	0.46242609330264395	0.8017055018010214	0.2920371633996103	0.19979422556674276	0.4883671929526262	0.05101894604452162	0.0	2.095702163989484	0.02269104120046639	0.5464335385141176
NCTC13441_01226_1-72	1.8947147861493598	-1	1.81980410804245	1.6332760706868399	1.2939966621884624	1.8036650005898736	1.895907938422741	1.6073349710368576	2.044683217944962	2.095702163989484	0.0	2.11839320518995	1.5492686254753663
ROD_24531_1-73	0.2236784190405905	-1	0.29858909714750004	0.48511713450311034	0.8243965430014878	0.31472820460007667	0.22248526676720914	0.5110582341530926	0.073709987244988	0.02269104120046639	2.11839320518995	0.0	0.569124579714584
t0338_1-73	0.3454461606739935	-1	0.27053548256708393	0.08400744521147363	0.2552719632869038	0.2543963751145073	0.3466393129473748	0.05806634556149137	0.49541459246959596	0.5464335385141176	1.5492686254753663	0.569124579714584	0.0
