SL1344_0755_5-234	0.0	-1	0.780926962083231	0.33487506580687554	1.198317634381561	0.3802027504791716	0.725955678118683	1.1781167967153938	0.9126456743263854	1.3857140763892115	0.5752191995423812	1.3047696063694554	0.6219154629641694	1.0486940179520858
b0760_4-234	-1	-1	-1	-1	-1	-1	-1	-1	-1	-1	-1	-1	-1	-1
CS17_00759_5-234	0.780926962083231	-1	0.0	0.44605189627635544	0.4173906722983299	0.40072421160405935	0.05497128396454798	0.39718983463216295	0.13171871224315446	0.6047871143059804	0.20570776254084977	0.5238426442862245	0.15901149911906154	0.26776705586885474
STMMW_08301_5-234	0.33487506580687554	-1	0.44605189627635544	0.0	0.8634425685746854	0.04532768467229609	0.39108061231180746	0.8432417309085184	0.5777706085195099	1.0508390105823358	0.24034413373550567	0.9698945405625798	0.2870403971572939	0.7138189521452102
ERS227112_03207_5-234	1.198317634381561	-1	0.4173906722983299	0.8634425685746854	0.0	0.8181148839023893	0.47236195626287786	0.020200837666166926	0.2856719600551754	0.18739644200765054	0.6230984348391797	0.10645197198789458	0.5764021714173915	0.14962361642947514
SEN0723_5-234	0.3802027504791716	-1	0.40072421160405935	0.04532768467229609	0.8181148839023893	0.0	0.3457529276395114	0.7979140462362223	0.5324429238472138	1.0055113259100397	0.19501644906320958	0.9245668558902838	0.24171271248499782	0.6684912674729141
ENC_19810_6-234	0.725955678118683	-1	0.05497128396454798	0.39108061231180746	0.47236195626287786	0.3457529276395114	0.0	0.45216111859671093	0.18668999620770244	0.6597583982705284	0.1507364785763018	0.5788139282507725	0.10404021515451356	0.3227383398334027
t2109_5-234	1.1781167967153938	-1	0.39718983463216295	0.8432417309085184	0.020200837666166926	0.7979140462362223	0.45216111859671093	0.0	0.2654711223890085	0.20759727967381747	0.6028975971730127	0.1266528096540615	0.5562013337512245	0.1294227787633082
ETEC_0764_4-234	0.9126456743263854	-1	0.13171871224315446	0.5777706085195099	0.2856719600551754	0.5324429238472138	0.18668999620770244	0.2654711223890085	0.0	0.47306840206282597	0.3374264747840042	0.39212393204307	0.290730211362216	0.13604834362570029
NCTC13441_03234_4-234	1.3857140763892115	-1	0.6047871143059804	1.0508390105823358	0.18739644200765054	1.0055113259100397	0.6597583982705284	0.20759727967381747	0.47306840206282597	0.0	0.8104948768468302	0.08094447001975597	0.763798613425042	0.3370200584371257
STM_MW08301_5-234	0.5752191995423812	-1	0.20570776254084977	0.24034413373550567	0.6230984348391797	0.19501644906320958	0.1507364785763018	0.6028975971730127	0.3374264747840042	0.8104948768468302	0.0	0.7295504068270742	0.04669626342178823	0.4734748184097045
Ecoli9000q_48610_5-238	1.3047696063694554	-1	0.5238426442862245	0.9698945405625798	0.10645197198789458	0.9245668558902838	0.5788139282507725	0.1266528096540615	0.39212393204307	0.08094447001975597	0.7295504068270742	0.0	0.6828541434052859	0.2560755884173697
BN373_13301_5-234	0.6219154629641694	-1	0.15901149911906154	0.2870403971572939	0.5764021714173915	0.24171271248499782	0.10404021515451356	0.5562013337512245	0.290730211362216	0.763798613425042	0.04669626342178823	0.6828541434052859	0.0	0.4267785549879163
ROD_07561_5-234	1.0486940179520858	-1	0.26776705586885474	0.7138189521452102	0.14962361642947514	0.6684912674729141	0.3227383398334027	0.1294227787633082	0.13604834362570029	0.3370200584371257	0.4734748184097045	0.2560755884173697	0.4267785549879163	0.0
