ETEC_1901_1-272	0.0	0.22992809643035095	0.4201317668536302	0.40665041783633094	0.5335169242593101	0.32096474381677986	0.16842441083605286	0.02840228074550999	0.523889825871445	0.02422218015767008	-1
NCTC13441_02013_1-273	0.22992809643035095	0.0	0.6500598632839811	0.17672232140598	0.763445020689661	0.09103664738642891	0.061503685594298085	0.25833037717586094	0.293961729441094	0.25415027658802103	-1
CS17_02057_1-273	0.4201317668536302	0.6500598632839811	0.0	0.8267821846899611	0.11338515740567989	0.74109651067041	0.588556177689683	0.3917294861081202	0.9440215927250751	0.3959095866959601	-1
STM_MW18861_1-273	0.40665041783633094	0.17672232140598	0.8267821846899611	0.0	0.940167342095641	0.08568567401955107	0.23822600700027807	0.4350526985818409	0.11723940803511401	0.430872597994001	-1
BN373_29681_1-272	0.5335169242593101	0.763445020689661	0.11338515740567989	0.940167342095641	0.0	0.8544816680760899	0.7019413350953629	0.5051146435138001	1.0574067501307551	0.50929474410164	-1
SEN1100_1-272	0.32096474381677986	0.09103664738642891	0.74109651067041	0.08568567401955107	0.8544816680760899	0.0	0.152540332980727	0.34936702456228985	0.20292508205466508	0.34518692397444994	-1
STMMW_18861_1-272	0.16842441083605286	0.061503685594298085	0.588556177689683	0.23822600700027807	0.7019413350953629	0.152540332980727	0.0	0.19682669158156285	0.3554654150353921	0.19264659099372294	-1
ERS227112_04279_1-273	0.02840228074550999	0.25833037717586094	0.3917294861081202	0.4350526985818409	0.5051146435138001	0.34936702456228985	0.19682669158156285	0.0	0.5522921066169549	0.004180100587839908	-1
t0974_1-272	0.523889825871445	0.293961729441094	0.9440215927250751	0.11723940803511401	1.0574067501307551	0.20292508205466508	0.3554654150353921	0.5522921066169549	0.0	0.548112006029115	-1
SL1344_1838_1-272	0.02422218015767008	0.25415027658802103	0.3959095866959601	0.430872597994001	0.50929474410164	0.34518692397444994	0.19264659099372294	0.004180100587839908	0.548112006029115	0.0	-1
b1868_1-272	-1	-1	-1	-1	-1	-1	-1	-1	-1	-1	-1
