NCTC13441_00217_1-249	0.0	1.8366218534069125	2.431532211743682	1.3131882436404132	2.0695248650616787	-1	2.531968282818265	1.907653418719611	1.9245884080343822	1.5223682311606161	1.914977538615627
CS17_04580_2-242	1.8366218534069125	0.0	0.5949103583367692	0.5234336097664993	0.232903011654766	-1	0.6953464294113522	0.0710315653126985	0.08796655462746972	0.3142536222462964	0.07835568520871439
Ecoli9000q_37630_2-242	2.431532211743682	0.5949103583367692	0.0	1.1183439681032685	0.3620073466820032	-1	0.10043607107458297	0.5238787930240707	0.5069438037092995	0.9091639805830656	0.5165546731280548
BN373_01121_1-241	1.3131882436404132	0.5234336097664993	1.1183439681032685	0.0	0.7563366214212653	-1	1.2187800391778514	0.5944651750791978	0.611400164393969	0.20917998752020295	0.6017892949752137
ERS227112_01976_1-242	2.0695248650616787	0.232903011654766	0.3620073466820032	0.7563366214212653	0.0	-1	0.46244341775658615	0.16187144634206752	0.1449364570272963	0.5471566339010624	0.15454732644605162
b4102_2-241	-1	-1	-1	-1	-1	-1	-1	-1	-1	-1	-1
NCTC13441_01613_24-248	2.531968282818265	0.6953464294113522	0.10043607107458297	1.2187800391778514	0.46244341775658615	-1	0.0	0.6243148640986537	0.6073798747838824	1.0096000516576487	0.6169907442026378
ERS227112_00488_1-230	1.907653418719611	0.0710315653126985	0.5238787930240707	0.5944651750791978	0.16187144634206752	-1	0.6243148640986537	0.0	0.01693498931477122	0.3852851875589949	0.00732411989601589
NCTC13441_04361_2-242	1.9245884080343822	0.08796655462746972	0.5069438037092995	0.611400164393969	0.1449364570272963	-1	0.6073798747838824	0.01693498931477122	0.0	0.4022201768737661	0.00961086941875533
ENC_05360_1-241	1.5223682311606161	0.3142536222462964	0.9091639805830656	0.20917998752020295	0.5471566339010624	-1	1.0096000516576487	0.3852851875589949	0.4022201768737661	0.0	0.39260930745501077
ETEC_4411_2-241	1.914977538615627	0.07835568520871439	0.5165546731280548	0.6017892949752137	0.15454732644605162	-1	0.6169907442026378	0.00732411989601589	0.00961086941875533	0.39260930745501077	0.0
