STMMW_12231_1-85	0.0	0.05693045278239079	-1	0.14495745633445614	0.6948349894879444	0.6266482635381414	0.4238890314984077	0.15252513857102534	0.7683186988626817	0.4209018306658058	0.5939984453700432	0.6647200799425559	0.4632557034377886
ERS227112_03588_1-85	0.05693045278239079	0.0	-1	0.0933409458631936	0.7122081717097388	0.6479033469420069	0.456687289788105	0.10136546776499454	0.7815084202376427	0.3859433049845158	0.5694892748601565	0.6838077176002699	0.4938127992694411
b1112_1-85	-1	-1	-1	-1	-1	-1	-1	-1	-1	-1	-1	-1	-1
CS17_01250_1-85	0.14495745633445614	0.0933409458631936	-1	0.0	0.7390709331740496	0.6807683815737047	0.5074006120587785	0.008850649938571197	0.8019026309558044	0.3227258998697114	0.5251680075596715	0.7133214043141027	0.5410607913694737
NCTC13441_02800_1-85	0.6948349894879444	0.7122081717097388	-1	0.7390709331740496	0.0	0.18263401315871167	0.470301682841138	0.7413803250033241	0.24079991756405614	0.8232795010676185	0.8761025313134383	0.08982020020831821	0.4314517872539976
ETEC_1177_1-85	0.6266482635381414	0.6479033469420069	-1	0.6807683815737047	0.18263401315871167	0.0	0.3519447521839248	0.6835937888777194	0.3794556754097573	0.7837926928971951	0.8484186145726915	0.1019730529853951	0.3044141524127306
SEN1835_1-85	0.4238890314984077	0.456687289788105	-1	0.5074006120587785	0.470301682841138	0.3519447521839248	0.0	0.5117604368014007	0.5978529939468112	0.6663751928073782	0.7660980511489835	0.4180289243069368	0.06833175220004875
BN373_17241_1-85	0.15252513857102534	0.10136546776499454	-1	0.008850649938571197	0.7413803250033241	0.6835937888777194	0.5117604368014007	0.0	0.8036559214229667	0.3166780565529171	0.5209279081796303	0.7158586962093998	0.5451227016481474
Ecoli9000q_54730_1-85	0.7683186988626817	0.7815084202376427	-1	0.8019026309558044	0.24079991756405614	0.3794556754097573	0.5978529939468112	0.8036559214229667	0.0	0.8658337826424148	0.9059370315595575	0.3089914209666243	0.5683581500144264
SL1344_1151_1-85	0.4209018306658058	0.3859433049845158	-1	0.3227258998697114	0.8232795010676185	0.7837926928971951	0.6663751928073782	0.3166780565529171	0.8658337826424148	0.0	0.29890720411575744	0.805840012080219	0.6891723604602535
ROD_11761_1-85	0.5939984453700432	0.5694892748601565	-1	0.5251680075596715	0.8761025313134383	0.8484186145726915	0.7660980511489835	0.5209279081796303	0.9059370315595575	0.29890720411575744	0.0	0.8638758312204701	0.7820809811569795
t1706_1-85	0.6647200799425559	0.6838077176002699	-1	0.7133214043141027	0.08982020020831821	0.1019730529853951	0.4180289243069368	0.7158586962093998	0.3089914209666243	0.805840012080219	0.8638758312204701	0.0	0.37534516490463815
STM_MW12231_1-85	0.4632557034377886	0.4938127992694411	-1	0.5410607913694737	0.4314517872539976	0.3044141524127306	0.06833175220004875	0.5451227016481474	0.5683581500144264	0.6891723604602535	0.7820809811569795	0.37534516490463815	0.0
