ETEC_0390_1-483	0.0	0.2533209248182311	-1	0.10779816394226371	0.24142554935252547	0.3121297869360308	0.18648006647268878	0.08083051820207687	0.07665529856166353	0.13542707596937453	0.2263900978679212
SL1344_0365_1-483	0.2533209248182311	0.0	-1	0.3611190887604948	0.49474647417075657	0.5654507117542619	0.4398009912909199	0.33415144302030797	0.32997622337989463	0.11789384884885656	0.4797110226861523
b0334_1-483	-1	-1	-1	-1	-1	-1	-1	-1	-1	-1	-1
NCTC13441_03630_1-483	0.10779816394226371	0.3611190887604948	-1	0.0	0.13362738541026176	0.20433162299376706	0.07868190253042506	0.02696764574018684	0.031142865380600182	0.24322523991163825	0.11859193392565748
t2494_1-483	0.24142554935252547	0.49474647417075657	-1	0.13362738541026176	0.0	0.0707042375835053	0.05494548287983669	0.1605950311504486	0.16477025079086194	0.3768526253219	0.015035451484604279
Ecoli9000q_44380_1-483	0.3121297869360308	0.5654507117542619	-1	0.20433162299376706	0.0707042375835053	0.0	0.125649720463342	0.2312992687339539	0.23547448837436724	0.4475568629054053	0.08573968906810958
STM_MW04401_1-483	0.18648006647268878	0.4398009912909199	-1	0.07868190253042506	0.05494548287983669	0.125649720463342	0.0	0.1056495482706119	0.10982476791102525	0.3219071424420633	0.039910031395232415
SEN0353_1-483	0.08083051820207687	0.33415144302030797	-1	0.02696764574018684	0.1605950311504486	0.2312992687339539	0.1056495482706119	0.0	0.004175219640413341	0.2162575941714514	0.14555957966584432
STMMW_04401_1-483	0.07665529856166353	0.32997622337989463	-1	0.031142865380600182	0.16477025079086194	0.23547448837436724	0.10982476791102525	0.004175219640413341	0.0	0.21208237453103806	0.14973479930625766
CS17_00374_1-483	0.13542707596937453	0.11789384884885656	-1	0.24322523991163825	0.3768526253219	0.4475568629054053	0.3219071424420633	0.2162575941714514	0.21208237453103806	0.0	0.3618171738372957
ROD_03961_1-483	0.2263900978679212	0.4797110226861523	-1	0.11859193392565748	0.015035451484604279	0.08573968906810958	0.039910031395232415	0.14555957966584432	0.14973479930625766	0.3618171738372957	0.0
