NCTC13441_01662_1-407	0.0	0.25039469762745303	6.183938483538233	0.06117043748267792	0.20254326663757316	0.23680402579180304	0.154940818184647	0.209008875719781	0.454087577436623	0.3130872085183729
CS17_02290_1-407	0.25039469762745303	0.0	5.93354378591078	0.31156513511013095	0.04785143098987987	0.013590671835649992	0.09545387944280603	0.45940357334723403	0.20369287980916995	0.5634819061458259
b2050_1-407	6.183938483538233	5.93354378591078	0.0	6.245108921020911	5.98139521690066	5.94713445774643	6.028997665353586	6.392947359258014	5.7298509061016105	6.497025692056606
STM_MW21371_1-407	0.06117043748267792	0.31156513511013095	6.245108921020911	0.0	0.2637137041202511	0.29797446327448096	0.21611125566732492	0.14783843823710308	0.5152580149193009	0.251916771035695
STMMW_21371_1-407	0.20254326663757316	0.04785143098987987	5.98139521690066	0.2637137041202511	0.0	0.03426075915422988	0.04760244845292616	0.41155214235735416	0.2515443107990498	0.5156304751559461
ETEC_2193_1-407	0.23680402579180304	0.013590671835649992	5.94713445774643	0.29797446327448096	0.03426075915422988	0.0	0.08186320760715604	0.44581290151158404	0.21728355164481994	0.549891234310176
ROD_21861_1-407	0.154940818184647	0.09545387944280603	6.028997665353586	0.21611125566732492	0.04760244845292616	0.08186320760715604	0.0	0.363949693904428	0.299146759251976	0.4680280267030199
SEN2102_1-407	0.209008875719781	0.45940357334723403	6.392947359258014	0.14783843823710308	0.41155214235735416	0.44581290151158404	0.363949693904428	0.0	0.663096453156404	0.10407833279859191
SL1344_2083_1-407	0.454087577436623	0.20369287980916995	5.7298509061016105	0.5152580149193009	0.2515443107990498	0.21728355164481994	0.299146759251976	0.663096453156404	0.0	0.7671747859549959
t0766_1-407	0.3130872085183729	0.5634819061458259	6.497025692056606	0.251916771035695	0.5156304751559461	0.549891234310176	0.4680280267030199	0.10407833279859191	0.7671747859549959	0.0
