STM_MW07681_1-247	0.0	0.03453383301800872	0.0580744805258121	0.4567286611413016	0.24622171927675307	0.039763939854036034	0.1653339603018767	0.670546399575356	0.0105153150045868	0.08238420986994921	0.04625614610227935	-1	0.24084644442188652
STMMW_07681_1-247	0.03453383301800872	0.0	0.02354064750780338	0.4221948281232929	0.21168788625874435	0.005230106836027315	0.1998677933198854	0.6360125665573473	0.02401851801342192	0.04785037685194049	0.01172231308427063	-1	0.2063126114038778
NCTC13441_03291_1-247	0.0580744805258121	0.02354064750780338	0.0	0.3986541806154895	0.18814723875094097	0.018310540671776065	0.2234084408276888	0.6124719190495439	0.0475591655212253	0.02430972934413711	0.01181833442353275	-1	0.18277196389607442
SL1344_0692_1-247	0.4567286611413016	0.4221948281232929	0.3986541806154895	0.0	0.21050694186454855	0.4169647212872656	0.6220626214431784	0.21381773843405438	0.4462133461367148	0.3743444512713524	0.41047251503902227	-1	0.2158822167194151
ETEC_0722_1-247	0.24622171927675307	0.21168788625874435	0.18814723875094097	0.21050694186454855	0.0	0.20645777942271704	0.41155567957862976	0.42432468029860293	0.23570640427216627	0.16383750940680386	0.19996557317447372	-1	0.005375274854866552
t2165_1-247	0.039763939854036034	0.005230106836027315	0.018310540671776065	0.4169647212872656	0.20645777942271704	0.0	0.20509790015591273	0.63078245972132	0.029248624849449234	0.042620270015913175	0.006492206248243315	-1	0.20108250456785048
Ecoli9000q_48040_1-247	0.1653339603018767	0.1998677933198854	0.2234084408276888	0.6220626214431784	0.41155567957862976	0.20509790015591273	0.0	0.8358803598772326	0.1758492753064635	0.2477181701718259	0.21159010640415604	-1	0.4061804047237632
CS17_00708_1-247	0.670546399575356	0.6360125665573473	0.6124719190495439	0.21381773843405438	0.42432468029860293	0.63078245972132	0.8358803598772326	0.0	0.6600310845707692	0.5881621897054068	0.6242902534730767	-1	0.4296999551534695
SEN0674_1-247	0.0105153150045868	0.02401851801342192	0.0475591655212253	0.4462133461367148	0.23570640427216627	0.029248624849449234	0.1758492753064635	0.6600310845707692	0.0	0.07186889486536241	0.03574083109769255	-1	0.23033112941729972
BN373_12921_1-247	0.08238420986994921	0.04785037685194049	0.02430972934413711	0.3743444512713524	0.16383750940680386	0.042620270015913175	0.2477181701718259	0.5881621897054068	0.07186889486536241	0.0	0.03612806376766986	-1	0.1584622345519373
ERS227112_03162_1-247	0.04625614610227935	0.01172231308427063	0.01181833442353275	0.41047251503902227	0.19996557317447372	0.006492206248243315	0.21159010640415604	0.6242902534730767	0.03574083109769255	0.03612806376766986	0.0	-1	0.19459029831960717
b0710_1-247	-1	-1	-1	-1	-1	-1	-1	-1	-1	-1	-1	-1	-1
ROD_07101_1-247	0.24084644442188652	0.2063126114038778	0.18277196389607442	0.2158822167194151	0.005375274854866552	0.20108250456785048	0.4061804047237632	0.4296999551534695	0.23033112941729972	0.1584622345519373	0.19459029831960717	-1	0.0
