b1098_1-213	-1	-1	-1	-1	-1	-1	-1	-1	-1	-1	-1	-1	-1	-1
STM_MW12091_1-213	-1	0	1.0	1.0	0	0	1.0	1.0	1.0	1.0	0	0	1.0	0
CS17_01236_1-213	-1	1.0	0.0	0.3126509722898789	1.0	1.0	0.5604261532816243	0.2056337108709956	0.24910914985554958	0.1828204032439184	1.0	1.0	0.06352483312821407	1.0
ENC_15400_1-213	-1	1.0	0.3126509722898789	0.0	1.0	1.0	0.36047942312103	0.4539931035214819	0.4838759042367858	0.4383123987051585	1.0	1.0	0.26602535547616185	1.0
ERS227112_03574_1-213	-1	0	1.0	1.0	0	0	1.0	1.0	1.0	1.0	0	0	1.0	0
NCTC13441_02814_1-213	-1	0	1.0	1.0	0	0	1.0	1.0	1.0	1.0	0	0	1.0	0
t1720_1-213	-1	1.0	0.5604261532816243	0.36047942312103	1.0	1.0	0.0	0.650817354584162	0.6699280205363725	0.640789221194158	1.0	1.0	0.5306081119195781	1.0
SEN1849_1-213	-1	1.0	0.2056337108709956	0.4539931035214819	1.0	1.0	0.650817354584162	0.0	0.054729712954238396	0.027917128275887097	1.0	1.0	0.25609569683059424	1.0
SL1344_1137_1-213	-1	1.0	0.24910914985554958	0.4838759042367858	1.0	1.0	0.6699280205363725	0.054729712954238396	0.0	0.08111894481307955	1.0	1.0	0.2968093658084786	1.0
ETEC_1163_1-213	-1	1.0	0.1828204032439184	0.4383123987051585	1.0	1.0	0.640789221194158	0.027917128275887097	0.08111894481307955	0.0	1.0	1.0	0.23473160076362973	1.0
BN373_17101_1-213	-1	0	1.0	1.0	0	0	1.0	1.0	1.0	1.0	0	0	1.0	0
Ecoli9000q_54580_1-213	-1	0	1.0	1.0	0	0	1.0	1.0	1.0	1.0	0	0	1.0	0
STMMW_12091_1-213	-1	1.0	0.06352483312821407	0.26602535547616185	1.0	1.0	0.5306081119195781	0.25609569683059424	0.2968093658084786	0.23473160076362973	1.0	1.0	0.0	1.0
ROD_11601_1-213	-1	0	1.0	1.0	0	0	1.0	1.0	1.0	1.0	0	0	1.0	0
