SEN0691_1-379	0.0	0.814003975924343	0.7815972414085928	0.8549575122779387	0.7837561178745406	0.5536574180983566	0.7416571079314861	0.7378664647300318	0.8194327179558453	-1	0.870388950436785	0.8432771206569994	-1	0.8209002958343327	0.8302566162401268	0.8295489536590133	0.785924279529526	0.805203270230096	0.6232344161848321	0.6297355319462654	0.2840423105728017	0.7352112369569985	1.0	0.7204995256600146	0.7253582234590208	0.7631590098654721	0.8362758650505403	0.8965805349960118	0.8648349576783658	0.8760976751272687	0.7985128328136244	0.7428737441708684	0.8997724937924312	0.6431628676381546	0.6828114379005819	0.8396868042267864
BN373_13111_1-379	0.814003975924343	0.0	0.9593779552548427	0.2201850096372872	0.1398784453576054	0.9169820543906311	0.2800420302396794	0.29045315058944354	0.02918740902382957	-1	0.9758928601049691	0.1573858628330091	-1	0.03707778133571532	0.0873816545087691	0.08357693564646873	0.13116712317074725	0.04517891909501015	0.5063348881491733	0.9311322810855173	0.740213665105737	0.9507503428540904	1.0	0.9480140230455025	0.3227686391407228	0.2146797563630795	0.11974389902623826	0.44396948527286395	0.2732906899845688	0.33384422872215824	0.07688401860546004	0.2766354276972128	0.46113092091259045	0.4787649400594041	0.41361055756682963	0.13808267370272645
ENC_20040_1-379	0.7815972414085928	0.9593779552548427	0.0	0.9683223205685414	0.9527717396152845	0.5106835703174413	0.9435771997097544	0.942749312777721	0.9605636074902039	-1	0.40655030916667906	0.9657712908171003	-1	0.9608841305473133	0.9629275767342038	0.9627730212743366	0.9532452721018054	0.957455856853668	0.9177133571524653	0.4101438905563265	0.84363286559437	0.1751811667478547	1.0	0.21859610754813474	0.9400174783790053	0.9482732744070989	0.9642421972790461	0.9774129035510815	0.9704795818918307	0.9729393904519067	0.9559946468657274	0.9438429164206378	0.9781100361575296	0.9220657859243259	0.9307251430438452	0.9649871558045258
SL1344_1721_1-378	0.8549575122779387	0.2201850096372872	0.9683223205685414	0.0	0.3292643181557795	0.9352613615446977	0.4385659827497973	0.4466847304650137	0.19673992940430032	-1	0.9812008909350839	0.07452894988852111	-1	0.19015785984829456	0.14551905052602757	0.14906660395674937	0.32247109852858824	0.2554162079959603	0.61503254555964	0.9462959204384006	0.7974147217580658	0.9615943790873956	1.0	0.9594605558822323	0.4718848328581959	0.3875955017766316	0.1141044185890202	0.2869712411292435	0.06810035842293913	0.1457515186159798	0.28014031986515064	0.4359094630209741	0.30897830158821754	0.5935330867557161	0.5427247226001807	0.09525546526285265
STMMW_17851_1-378	0.7837561178745406	0.1398784453576054	0.9527717396152845	0.3292643181557795	0.0	0.9034811473316878	0.16295787976194667	0.1750621228117476	0.16498316498316515	-1	0.971972403476095	0.2752494183762679	-1	0.17176984428277162	0.2150372898809125	0.21176476917809345	0.010026464719716346	0.09918038903460112	0.4260519234911237	0.9199325740149422	0.6979655567377658	0.9427410499363829	1.0	0.9395597323728142	0.2126329619296148	0.08696597661312372	0.2428727539469954	0.5217461692442849	0.3749416584964254	0.42702506237449933	0.06824107481811816	0.15899727381726372	0.5365070899466218	0.3939983748491161	0.31824817170525566	0.25864632933197296
STMMW_07981_1-379	0.5536574180983566	0.9169820543906311	0.5106835703174413	0.9352613615446977	0.9034811473316878	0.0	0.8846905665382019	0.8829986410645968	0.9194051331254498	-1	0.7096153160852212	0.9300479053909855	-1	0.9200601756248756	0.9242362998318968	0.9239204398883274	0.9044488902027542	0.9130539246885044	0.8318334765482579	0.17044780608602902	0.6804375963687294	0.4067589027359469	1.0	0.37379832067742	0.8774156803606451	0.8942877809632132	0.9269229468870451	0.9538394889712333	0.9396700860273169	0.9446971164126889	0.9100676975779851	0.8852336030985228	0.9552641961017507	0.8407283930232353	0.8584252382428759	0.9284453942856803
Ecoli9000q_52180_1-378	0.7416571079314861	0.2800420302396794	0.9435771997097544	0.4385659827497973	0.16295787976194667	0.8846905665382019	0.0	0.014460733524805775	0.3010557379830398	-1	0.9665159066118035	0.3933532365139089	-1	0.3067364744133581	0.34295314881411054	0.3402139111465	0.17135045304943008	0.24597604288550418	0.3143139841688654	0.9043448064927883	0.6391645820925521	0.9315937051682266	1.0	0.9277930391244867	0.059345976703705935	0.08323008913395466	0.3662526046737947	0.5996813994922651	0.4767998405553667	0.5203958433666845	0.22007853371502792	0.004709385381733439	0.612036911853615	0.27602015418466863	0.18552267345775225	0.3794557516577711
ERS227112_04744_1-336	0.7378664647300318	0.29045315058944354	0.942749312777721	0.4466847304650137	0.1750621228117476	0.8829986410645968	0.014460733524805775	0.0	0.31116298470475906	-1	0.9660245973679433	0.4021257937043672	-1	0.3167615735193339	0.3524545282424224	0.3497549019607843	0.18333333333333332	0.2568797824006565	0.3042529717932927	0.9029412660042203	0.6338700748089067	0.9305899854437761	1.0	0.9267335525516266	0.04554384052036136	0.09648725451854849	0.3754170568796467	0.6054703000992306	0.48436569864123147	0.5273312712731482	0.2313567702092507	0.01910201773946835	0.6176471426887606	0.2653972597107538	0.173571917174598	0.388429276673399
STMMW_04311_1-336	0.8194327179558453	0.02918740902382957	0.9605636074902039	0.19673992940430032	0.16498316498316515	0.9194051331254498	0.3010557379830398	0.31116298470475906	0.0	-1	0.97659648505748	0.13205273087803027	-1	0.008127595774125498	0.05994385118802808	0.05602474373344238	0.1565261037201132	0.07304767252795916	0.520743693689558	0.9331423513660124	0.7477961551210974	0.9521878127414914	1.0	0.9495313590183768	0.3425352678738873	0.2376012195288038	0.09327906420265154	0.427252468812712	0.25144222811870287	0.31381630453720266	0.10382738233085632	0.29774856534236177	0.44492986175059135	0.4939784409514506	0.43072574607038194	0.11216919278869325
b0979_1-378	-1	-1	-1	-1	-1	-1	-1	-1	-1	-1	-1	-1	-1	-1	-1	-1	-1	-1	-1	-1	-1	-1	-1	-1	-1	-1	-1	-1	-1	-1	-1	-1	-1	-1	-1	-1
ETEC_0744_1-379	0.870388950436785	0.9758928601049691	0.40655030916667906	0.9812008909350839	0.971972403476095	0.7096153160852212	0.9665159066118035	0.9660245973679433	0.97659648505748	-1	0.0	0.9796869831177846	-1	0.9767866993666265	0.9779993818744712	0.9779076609845965	0.9722534211838204	0.9747521914030407	0.9511670172424186	0.6499500742145065	0.9072039724304864	0.5105115184130139	1.0	0.536276101608487	0.9644033910886177	0.9693027906890728	0.9787795430303711	0.9865956945955668	0.9824811170004366	0.9839408896299229	0.9738850367874549	0.9666735961117264	0.9870094077253333	0.9537499647514532	0.9588888575568474	0.9792216384370006
t2503_1-336	0.8432771206569994	0.1573858628330091	0.9657712908171003	0.07452894988852111	0.2752494183762679	0.9300479053909855	0.3933532365139089	0.4021257937043672	0.13205273087803027	-1	0.9796869831177846	0.0	-1	0.1249406018112022	0.0767069922165099	0.08054023306212518	0.2679091351482047	0.19545425876438835	0.5840307977283696	0.9419710864482143	0.7811003615752956	0.9585015426382293	1.0	0.956195880883703	0.42935528120713307	0.33827806050810516	0.042762513960573886	0.34011252576819656	0.1375538601111667	0.2094177608773947	0.22216942383217966	0.3904827850519175	0.36047942312103004	0.56079996970697	0.5058999659203413	0.022395638817480995
b0734_1-379	-1	-1	-1	-1	-1	-1	-1	-1	-1	-1	-1	-1	-1	-1	-1	-1	-1	-1	-1	-1	-1	-1	-1	-1	-1	-1	-1	-1	-1	-1	-1	-1	-1	-1	-1	-1
SEN0344_1-336	0.8209002958343327	0.03707778133571532	0.9608841305473133	0.19015785984829456	0.17176984428277162	0.9200601756248756	0.3067364744133581	0.3167615735193339	0.008127595774125498	-1	0.9767866993666265	0.1249406018112022	-1	0.0	0.052240847908601264	0.0482896265237857	0.16338151859510275	0.08058156634753671	0.5246388952194497	0.933685743308518	0.7498459660249533	0.9525764108726054	1.0	0.9499415477315449	0.347878875452352	0.24379768863515994	0.08584921615495908	0.42255926392639226	0.24530839985862582	0.3081935816146208	0.11111111111111104	0.3034561811350588	0.4403815088669358	0.49809117963639	0.4353525770909387	0.10489413413590126
BN373_25101_1-336	0.8302566162401268	0.0873816545087691	0.9629275767342038	0.14551905052602757	0.2150372898809125	0.9242362998318968	0.34295314881411054	0.3524545282424224	0.05994385118802808	-1	0.9779993818744712	0.0767069922165099	-1	0.052240847908601264	0.0	0.004151705702632348	0.20708717743970095	0.12861276490433945	0.5494721623959551	0.9371500563065096	0.7629142248675669	0.9550538593794896	1.0	0.9525566437230413	0.3819462359378317	0.28330233857130327	0.03546087439218602	0.3907305091178679	0.20370950945077843	0.27006094654028334	0.15754742036320105	0.3398442208380585	0.4095351230339831	0.5243113219849908	0.46485023723311464	0.05555555555555563
ERS227112_03180_1-379	0.8295489536590133	0.08357693564646873	0.9627730212743366	0.14906660395674937	0.21176476917809345	0.9239204398883274	0.3402139111465	0.3497549019607843	0.05602474373344238	-1	0.9779076609845965	0.08054023306212518	-1	0.0482896265237857	0.004151705702632348	0.0	0.203781512605042	0.12497993912769821	0.5475939054332366	0.9368880339973521	0.7619258108990268	0.9548664782799847	1.0	0.9523588516959474	0.37936956100502905	0.2803144158273916	0.039465356980384	0.39326001673760314	0.20701547322134356	0.27309143867110613	0.15403522357669833	0.3370920220054982	0.411986559430887	0.5223281691207425	0.46261919026083537	0.05947661094137507
ERS227112_03625_1-336	0.785924279529526	0.13116712317074725	0.9532452721018054	0.32247109852858824	0.010026464719716346	0.9044488902027542	0.17135045304943008	0.18333333333333332	0.1565261037201132	-1	0.9722534211838204	0.2679091351482047	-1	0.16338151859510275	0.20708717743970095	0.203781512605042	0.0	0.09005687640896715	0.431806593631189	0.92073536723678	0.7009938944272738	0.9433151547790838	1.0	0.9401657345838283	0.2205274697582951	0.09612048003651291	0.2352045594444654	0.5169024082847722	0.36861105956069157	0.42122196482426305	0.058804208419490675	0.1674295579805202	0.5318128277821559	0.40007442876378224	0.32508373235925503	0.2511378898041621
ROD_03911_1-336	0.805203270230096	0.04517891909501015	0.957455856853668	0.2554162079959603	0.09918038903460112	0.9130539246885044	0.24597604288550418	0.2568797824006565	0.07304767252795916	-1	0.9747521914030407	0.19545425876438835	-1	0.08058156634753671	0.12861276490433945	0.12497993912769821	0.09005687640896715	0.0	0.4829763170049351	0.9278736924731394	0.7279214503223633	0.9484200148794053	1.0	0.9455542216294339	0.29072433107845724	0.17752104625446122	0.15951291819502095	0.46909034291207813	0.3061226311073466	0.36394042641739394	0.03320527808246488	0.24240825137922764	0.48547644343948315	0.4541018517871813	0.385864583260579	0.1770231668540984
Ecoli9000q_48400_1-379	0.6232344161848321	0.5063348881491733	0.9177133571524653	0.61503254555964	0.4260519234911237	0.8318334765482579	0.3143139841688654	0.3042529717932927	0.520743693689558	-1	0.9511670172424186	0.5840307977283696	-1	0.5246388952194497	0.5494721623959551	0.5475939054332366	0.431806593631189	0.4829763170049351	0.0	0.860497091527722	0.4737599869671082	0.9002367071044074	1.0	0.8946938406086791	0.27105397005764764	0.371383692384397	0.5654482734554153	0.7255071337547556	0.641248967188195	0.6711421366620505	0.46521875712188093	0.3175431438682796	0.733979135799362	0.052893502775717506	0.15812755802286002	0.574501486707291
SL1344_0723_1-379	0.6297355319462654	0.9311322810855173	0.4101438905563265	0.9462959204384006	0.9199325740149422	0.17044780608602902	0.9043448064927883	0.9029412660042203	0.9331423513660124	-1	0.6499500742145065	0.9419710864482143	-1	0.933685743308518	0.9371500563065096	0.9368880339973521	0.92073536723678	0.9278736924731394	0.860497091527722	0.0	0.7349063069752576	0.2848658570052852	1.0	0.24513287540347284	0.8983099087037216	0.9123061967745192	0.9393787702653804	0.9617074468038964	0.9499531875053195	0.9541233715903772	0.9253964612220827	0.9047952836627781	0.9628893157297022	0.8678758890042212	0.8825563457815299	0.9406417198450369
t2135_1-379	0.2840423105728017	0.740213665105737	0.84363286559437	0.7974147217580658	0.6979655567377658	0.6804375963687294	0.6391645820925521	0.6338700748089067	0.7477961551210974	-1	0.9072039724304864	0.7811003615752956	-1	0.7498459660249533	0.7629142248675669	0.7619258108990268	0.7009938944272738	0.7279214503223633	0.4737599869671082	0.7349063069752576	0.0	0.8104224490254467	1.0	0.7998894861977383	0.6163994317028618	0.6691969460876768	0.7713214937597122	0.8555508704896668	0.8112108518175524	0.8269418337110686	0.7185767117780726	0.6408638951348571	0.8600091769560352	0.5015946645571571	0.5569730351619174	0.7760856568193687
CS17_00732_1-379	0.7352112369569985	0.9507503428540904	0.1751811667478547	0.9615943790873956	0.9427410499363829	0.4067589027359469	0.9315937051682266	0.9305899854437761	0.9521878127414914	-1	0.5105115184130139	0.9585015426382293	-1	0.9525764108726054	0.9550538593794896	0.9548664782799847	0.9433151547790838	0.9484200148794053	0.9002367071044074	0.2848658570052852	0.8104224490254467	0.0	1.0	0.05263572926566311	0.9272779437097817	0.9372871671843986	0.9566476888264471	0.9726156877870249	0.9642098156369995	0.9671920566587974	0.9466484622316811	0.9319158567731259	0.973460882608413	0.9055135371140952	0.9160120329903069	0.9575508671917402
NCTC13441_03261_1-379	1.0	1.0	1.0	1.0	1.0	1.0	1.0	1.0	1.0	-1	1.0	1.0	-1	1.0	1.0	1.0	1.0	1.0	1.0	1.0	1.0	1.0	0	1.0	1.0	1.0	1.0	1.0	1.0	1.0	1.0	1.0	1.0	1.0	1.0	1.0
STM_MW07981_1-379	0.7204995256600146	0.9480140230455025	0.21859610754813474	0.9594605558822323	0.9395597323728142	0.37379832067742	0.9277930391244867	0.9267335525516266	0.9495313590183768	-1	0.536276101608487	0.956195880883703	-1	0.9499415477315449	0.9525566437230413	0.9523588516959474	0.9401657345838283	0.9455542216294339	0.8946938406086791	0.24513287540347284	0.7998894861977383	0.05263572926566311	1.0	0.0	0.92323749318322	0.9338028309142477	0.9542390266207222	0.9710942104753978	0.9622213065569191	0.9653692414262447	0.9436842411979881	0.9281330895304932	0.9719863644730707	0.900263852242744	0.9113456464379946	0.9551923857384279
t1083_1-378	0.7253582234590208	0.3227686391407228	0.9400174783790053	0.4718848328581959	0.2126329619296148	0.8774156803606451	0.059345976703705935	0.04554384052036136	0.3425352678738873	-1	0.9644033910886177	0.42935528120713307	-1	0.347878875452352	0.3819462359378317	0.37936956100502905	0.2205274697582951	0.29072433107845724	0.27105397005764764	0.8983099087037216	0.6163994317028618	0.9272779437097817	1.0	0.92323749318322	0.0	0.13763669490686956	0.403862962832858	0.6234386978320573	0.5078496650291432	0.5488584204732458	0.26636373488389603	0.06377587901028625	0.6350609602446482	0.23034417768360846	0.1341371998940595	0.41628255616350773
NCTC13441_02917_1-378	0.7631590098654721	0.2146797563630795	0.9482732744070989	0.3875955017766316	0.08696597661312372	0.8942877809632132	0.08323008913395466	0.09648725451854849	0.2376012195288038	-1	0.9693027906890728	0.33827806050810516	-1	0.24379768863515994	0.28330233857130327	0.2803144158273916	0.09612048003651291	0.17752104625446122	0.371383692384397	0.9123061967745192	0.6691969460876768	0.9372871671843986	1.0	0.9338028309142477	0.13763669490686956	0.0	0.30871706432039975	0.5633379807049232	0.4293004676054632	0.4768543873999446	0.149272399714555	0.07889223770319288	0.5768152035226726	0.33627706128306545	0.2533116939434486	0.323118875317342
ETEC_1048_1-378	0.8362758650505403	0.11974389902623826	0.9642421972790461	0.1141044185890202	0.2428727539469954	0.9269229468870451	0.3662526046737947	0.3754170568796467	0.09327906420265154	-1	0.9787795430303711	0.042762513960573886	-1	0.08584921615495908	0.03546087439218602	0.039465356980384	0.2352045594444654	0.15951291819502095	0.5654482734554153	0.9393787702653804	0.7713214937597122	0.9566476888264471	1.0	0.9542390266207222	0.403862962832858	0.30871706432039975	0.0	0.3683309730974419	0.17443422520840599	0.24322504491485686	0.18742152547107468	0.36325392200219575	0.38782693071789126	0.541179658445866	0.4838271157515993	0.020833453646275615
ENC_09290_1-336	0.8965805349960118	0.44396948527286395	0.9774129035510815	0.2869712411292435	0.5217461692442849	0.9538394889712333	0.5996813994922651	0.6054703000992306	0.427252468812712	-1	0.9865956945955668	0.34011252576819656	-1	0.42255926392639226	0.3907305091178679	0.39326001673760314	0.5169024082847722	0.46909034291207813	0.7255071337547556	0.9617074468038964	0.8555508704896668	0.9726156877870249	1.0	0.9710942104753978	0.6234386978320573	0.5633379807049232	0.3683309730974419	0.0	0.23486529336561127	0.16531457250525633	0.48671934571234865	0.5977872245271066	0.03086419753086431	0.7101774013274008	0.6739495764933259	0.3548911273012718
SL1344_0356_1-336	0.8648349576783658	0.2732906899845688	0.9704795818918307	0.06810035842293913	0.3749416584964254	0.9396700860273169	0.4767998405553667	0.48436569864123147	0.25144222811870287	-1	0.9824811170004366	0.1375538601111667	-1	0.24530839985862582	0.20370950945077843	0.20701547322134356	0.36861105956069157	0.3061226311073466	0.641248967188195	0.9499531875053195	0.8112108518175524	0.9642098156369995	1.0	0.9622213065569191	0.5078496650291432	0.4293004676054632	0.17443422520840599	0.23486529336561127	0.0	0.08332566805330133	0.32916302209655623	0.474324230772234	0.25848056208889497	0.6212136292347176	0.5738653328890573	0.15686889235964768
CS17_01042_1-378	0.8760976751272687	0.33384422872215824	0.9729393904519067	0.1457515186159798	0.42702506237449933	0.9446971164126889	0.5203958433666845	0.5273312712731482	0.31381630453720266	-1	0.9839408896299229	0.2094177608773947	-1	0.3081935816146208	0.27006094654028334	0.27309143867110613	0.42122196482426305	0.36394042641739394	0.6711421366620505	0.9541233715903772	0.8269418337110686	0.9671920566587974	1.0	0.9653692414262447	0.5488584204732458	0.4768543873999446	0.24322504491485686	0.16531457250525633	0.08332566805330133	0.0	0.3850609614352184	0.5181265154225707	0.19107646841558804	0.6527762566282203	0.6093732887067478	0.22712335516029997
SEN1244_1-378	0.7985128328136244	0.07688401860546004	0.9559946468657274	0.28014031986515064	0.06824107481811816	0.9100676975779851	0.22007853371502792	0.2313567702092507	0.10382738233085632	-1	0.9738850367874549	0.22216942383217966	-1	0.11111111111111104	0.15754742036320105	0.15403522357669833	0.058804208419490675	0.03320527808246488	0.46521875712188093	0.9253964612220827	0.7185767117780726	0.9466484622316811	1.0	0.9436842411979881	0.26636373488389603	0.149272399714555	0.18742152547107468	0.48671934571234865	0.32916302209655623	0.3850609614352184	0.0	0.21638820377694118	0.502561341215054	0.4353525770909388	0.36477164922730615	0.2043503414541344
ROD_07281_1-379	0.7428737441708684	0.2766354276972128	0.9438429164206378	0.4359094630209741	0.15899727381726372	0.8852336030985228	0.004709385381733439	0.01910201773946835	0.29774856534236177	-1	0.9666735961117264	0.3904827850519175	-1	0.3034561811350588	0.3398442208380585	0.3370920220054982	0.1674295579805202	0.24240825137922764	0.3175431438682796	0.9047952836627781	0.6408638951348571	0.9319158567731259	1.0	0.9281330895304932	0.06377587901028625	0.07889223770319288	0.36325392200219575	0.5977872245271066	0.474324230772234	0.5181265154225707	0.21638820377694118	0.0	0.6102011990787392	0.279429654287221	0.18935836107312365	0.37651954190261083
ENC_31040_1-336	0.8997724937924312	0.46113092091259045	0.9781100361575296	0.30897830158821754	0.5365070899466218	0.9552641961017507	0.612036911853615	0.6176471426887606	0.44492986175059135	-1	0.9870094077253333	0.36047942312103004	-1	0.4403815088669358	0.4095351230339831	0.411986559430887	0.5318128277821559	0.48547644343948315	0.733979135799362	0.9628893157297022	0.8600091769560352	0.973460882608413	1.0	0.9719863644730707	0.6350609602446482	0.5768152035226726	0.38782693071789126	0.03086419753086431	0.25848056208889497	0.19107646841558804	0.502561341215054	0.6102011990787392	0.0	0.7191225432617404	0.6840128611694579	0.37480189497715855
STM_MW17851_1-378	0.6431628676381546	0.4787649400594041	0.9220657859243259	0.5935330867557161	0.3939983748491161	0.8407283930232353	0.27602015418466863	0.2653972597107538	0.4939784409514506	-1	0.9537499647514532	0.56079996970697	-1	0.49809117963639	0.5243113219849908	0.5223281691207425	0.40007442876378224	0.4541018517871813	0.052893502775717506	0.8678758890042212	0.5015946645571571	0.9055135371140952	1.0	0.900263852242744	0.23034417768360846	0.33627706128306545	0.541179658445866	0.7101774013274008	0.6212136292347176	0.6527762566282203	0.4353525770909388	0.279429654287221	0.7191225432617404	0.0	0.1111111111111111	0.5507384707636025
STM_MW04311_1-336	0.6828114379005819	0.41361055756682963	0.9307251430438452	0.5427247226001807	0.31824817170525566	0.8584252382428759	0.18552267345775225	0.173571917174598	0.43072574607038194	-1	0.9588888575568474	0.5058999659203413	-1	0.4353525770909387	0.46485023723311464	0.46261919026083537	0.32508373235925503	0.385864583260579	0.15812755802286002	0.8825563457815299	0.5569730351619174	0.9160120329903069	1.0	0.9113456464379946	0.1341371998940595	0.2533116939434486	0.4838271157515993	0.6739495764933259	0.5738653328890573	0.6093732887067478	0.36477164922730615	0.18935836107312365	0.6840128611694579	0.1111111111111111	0.0	0.4945807796090528
BN373_17791_1-336	0.8396868042267864	0.13808267370272645	0.9649871558045258	0.09525546526285265	0.25864632933197296	0.9284453942856803	0.3794557516577711	0.388429276673399	0.11216919278869325	-1	0.9792216384370006	0.022395638817480995	-1	0.10489413413590126	0.05555555555555563	0.05947661094137507	0.2511378898041621	0.1770231668540984	0.574501486707291	0.9406417198450369	0.7760856568193687	0.9575508671917402	1.0	0.9551923857384279	0.41628255616350773	0.323118875317342	0.020833453646275615	0.3548911273012718	0.15686889235964768	0.22712335516029997	0.2043503414541344	0.37651954190261083	0.37480189497715855	0.5507384707636025	0.4945807796090528	0.0
