t2603_1-240	0.0	0.26367925165502526	0.13261152348777383	0.3543202937195338	0.3840455737841243	0.03870751869353484	-1	0.06092583558531128	0.26157763044602533	0.13939826661476495	0.280402206676145	0.43307800234077265	0.06812293916833068	0.03330481077859537
STM_MW02611_1-241	0.26367925165502526	0.0	0.13106772816725143	0.617999545374559	0.12036632212909903	0.3023867703485601	-1	0.32460508724033654	0.0021016212089999264	0.1242809850402603	0.016722955021119756	0.1693987506857474	0.19555631248669458	0.29698406243362063
SL1344_0257_1-240	0.13261152348777383	0.13106772816725143	0.0	0.4869318172073076	0.25143405029635046	0.17131904218130867	-1	0.1935373590730851	0.1289661069582515	0.006786743126991124	0.14779068318837119	0.3004664788529988	0.06448858431944315	0.1659163342663692
BN373_07131_3-242	0.3543202937195338	0.617999545374559	0.4869318172073076	0.0	0.7383658675036581	0.31561277502599894	-1	0.2933944581342225	0.6158979241655591	0.49371856033429873	0.6347225003956788	0.7873982960603064	0.42244323288786445	0.3210154829409384
NCTC13441_03763_1-241	0.3840455737841243	0.12036632212909903	0.25143405029635046	0.7383658675036581	0.0	0.42275309247765913	-1	0.4449714093694356	0.12246794333809896	0.24464730716935934	0.10364336710797928	0.049032428556648355	0.3159226346157936	0.41735038456271967
ERS227112_02568_1-241	0.03870751869353484	0.3023867703485601	0.17131904218130867	0.31561277502599894	0.42275309247765913	0.0	-1	0.022218316891776446	0.30028514913956017	0.1781057853082998	0.31910972536967985	0.4717855210343075	0.10683045786186551	0.005402707914939464
b0213_1-240	-1	-1	-1	-1	-1	-1	-1	-1	-1	-1	-1	-1	-1	-1
ENC_24810_1-199	0.06092583558531128	0.32460508724033654	0.1935373590730851	0.2933944581342225	0.4449714093694356	0.022218316891776446	-1	0.0	0.3225034660313366	0.20032410220007624	0.3413280422614563	0.49400383792608393	0.12904877475364196	0.02762102480671591
ETEC_0203_1-240	0.26157763044602533	0.0021016212089999264	0.1289661069582515	0.6158979241655591	0.12246794333809896	0.30028514913956017	-1	0.3225034660313366	0.0	0.12217936383126038	0.018824576230119683	0.17150037189474732	0.19345469127769466	0.2948824412246207
SEN0264_1-240	0.13939826661476495	0.1242809850402603	0.006786743126991124	0.49371856033429873	0.24464730716935934	0.1781057853082998	-1	0.20032410220007624	0.12217936383126038	0.0	0.14100394006138006	0.2936797357260077	0.07127532744643428	0.17270307739336033
CS17_00223_1-241	0.280402206676145	0.016722955021119756	0.14779068318837119	0.6347225003956788	0.10364336710797928	0.31910972536967985	-1	0.3413280422614563	0.018824576230119683	0.14100394006138006	0.0	0.15267579566462763	0.21227926750781434	0.3137070174547404
Ecoli9000q_42630_1-231	0.43307800234077265	0.1693987506857474	0.3004664788529988	0.7873982960603064	0.049032428556648355	0.4717855210343075	-1	0.49400383792608393	0.17150037189474732	0.2936797357260077	0.15267579566462763	0.0	0.364955063172442	0.466382813119368
STMMW_02611_1-240	0.06812293916833068	0.19555631248669458	0.06448858431944315	0.42244323288786445	0.3159226346157936	0.10683045786186551	-1	0.12904877475364196	0.19345469127769466	0.07127532744643428	0.21227926750781434	0.364955063172442	0.0	0.10142774994692605
ROD_02181_1-244	0.03330481077859537	0.29698406243362063	0.1659163342663692	0.3210154829409384	0.41735038456271967	0.005402707914939464	-1	0.02762102480671591	0.2948824412246207	0.17270307739336033	0.3137070174547404	0.466382813119368	0.10142774994692605	0.0
