ROD_07581_1-83	0.0	0.948176076126419	0.265046154269693	0.317139924857458	-1	0.37311384200463804	0.007585793955950992	0.18761386295063398	0.14228255898007403	0.423418173906581	0.05738594834722299	0.202032829341946	0.010654396086669016
BN373_13321_1-49	0.948176076126419	0.0	1.213222230396112	0.631036151268961	-1	0.5750622341217809	0.9405902821704679	0.760562213175785	0.8058935171463449	0.524757902219838	0.890790127779196	0.746143246784473	0.958830472213088
NCTC13441_03232_1-50	0.265046154269693	1.213222230396112	0.0	0.582186079127151	-1	0.6381599962743311	0.27263194822564396	0.452660017220327	0.40732871324976705	0.688464328176274	0.322432102616916	0.467078983611639	0.25439175818302395
STMMW_08321_1-83	0.317139924857458	0.631036151268961	0.582186079127151	0.0	-1	0.05597391714718003	0.309554130901507	0.12952606190682403	0.17485736587738399	0.10627824904912297	0.259753976510235	0.11510709551551201	0.327794320944127
b0762_1-49	-1	-1	-1	-1	-1	-1	-1	-1	-1	-1	-1	-1	-1
CS17_00761_1-50	0.37311384200463804	0.5750622341217809	0.6381599962743311	0.05597391714718003	-1	0.0	0.36552804804868705	0.18549997905400406	0.23083128302456402	0.050304331901942945	0.31572789365741505	0.17108101266269204	0.38376823809130706
SEN0725_1-83	0.007585793955950992	0.9405902821704679	0.27263194822564396	0.309554130901507	-1	0.36552804804868705	0.0	0.180028068994683	0.13469676502412303	0.41583237995063	0.049800154391272	0.194447035385995	0.018240190042620008
ENC_19790_1-50	0.18761386295063398	0.760562213175785	0.452660017220327	0.12952606190682403	-1	0.18549997905400406	0.180028068994683	0.0	0.045331303970559955	0.235804310955947	0.130227914603411	0.014418966391312016	0.198268259037303
SL1344_0757_1-49	0.14228255898007403	0.8058935171463449	0.40732871324976705	0.17485736587738399	-1	0.23083128302456402	0.13469676502412303	0.045331303970559955	0.0	0.28113561492650696	0.08489661063285103	0.05975027036187197	0.15293695506674304
ERS227112_03209_1-50	0.423418173906581	0.524757902219838	0.688464328176274	0.10627824904912297	-1	0.050304331901942945	0.41583237995063	0.235804310955947	0.28113561492650696	0.0	0.366032225559358	0.221385344564635	0.43407256999325
t2107_1-49	0.05738594834722299	0.890790127779196	0.322432102616916	0.259753976510235	-1	0.31572789365741505	0.049800154391272	0.130227914603411	0.08489661063285103	0.366032225559358	0.0	0.144646880994723	0.06804034443389201
ETEC_0766_1-49	0.202032829341946	0.746143246784473	0.467078983611639	0.11510709551551201	-1	0.17108101266269204	0.194447035385995	0.014418966391312016	0.05975027036187197	0.221385344564635	0.144646880994723	0.0	0.212687225428615
STM_MW08321_1-84	0.010654396086669016	0.958830472213088	0.25439175818302395	0.327794320944127	-1	0.38376823809130706	0.018240190042620008	0.198268259037303	0.15293695506674304	0.43407256999325	0.06804034443389201	0.212687225428615	0.0
