ERS227112_00346_2-514	0.0	2.874626447686334	1.0218042837356074	2.1807747414720557	2.5746355288789404	2.4515756273677143	3.215750013734977	2.4267187427040233	1.7492106123437459	-1	2.2324999243712282	2.567504746232543	2.613244615283741	2.452998022793667	2.3049104086442536	2.4509671119877057	2.627011874457076	1.1185363455575414	0.6529305516734536	1.6484713457314506	0.6578082441998898	2.461455178818139
Ecoli9000q_45960_1-549	2.874626447686334	0.0	1.8528221639507265	0.6938517062142783	0.2999909188073935	0.4230508203186196	0.34112356604864297	0.4479077049823108	1.1254158353425883	-1	0.6421265233151056	0.3071217014537909	0.2613818324025927	0.42162842489266716	0.5697160390420805	0.42365933569862824	0.24761457322925795	1.7560901021287925	2.2216958960128803	1.2261551019548835	2.216818203486444	0.4131712688681949
SEN0033_1-520	1.0218042837356074	1.8528221639507265	0.0	1.1589704577364484	1.552831245143333	1.429771343632107	2.1939457299993697	1.404914458968416	0.7274063286081385	-1	1.210695640635621	1.5457004624969357	1.5914403315481338	1.4311937390580596	1.2831061249086462	1.4291628282520983	1.6052075907214687	0.09673206182193406	0.3688737320621538	0.6266670619958432	0.3639960395357176	1.4396508950825317
ENC_41760_1-509	2.1807747414720557	0.6938517062142783	1.1589704577364484	0.0	0.3938607874068848	0.27080088589565865	1.0349752722629213	0.24594400123196747	0.4315641291283099	-1	0.05172518289917272	0.38673000476048736	0.43246987381168556	0.2722232813216111	0.12413566717219782	0.27019237051565004	0.4462371329850203	1.0622383959145143	1.5278441897986021	0.5323033957406051	1.522966497272166	0.2806804373460834
ETEC_0532_1-549	2.5746355288789404	0.2999909188073935	1.552831245143333	0.3938607874068848	0.0	0.12305990151122614	0.6411144848560364	0.14791678617491733	0.8254249165351947	-1	0.3421356045077121	0.007130782646397438	0.03860908640480076	0.12163750608527368	0.269725120234687	0.12366841689123476	0.05237634557813553	1.456099183321399	1.9217049772054868	0.9261641831474899	1.9168272846790506	0.1131803500608014
BN373_09501_1-549	2.4515756273677143	0.4230508203186196	1.429771343632107	0.27080088589565865	0.12305990151122614	0.0	0.7641743863672625	0.02485688466369118	0.7023650150239685	-1	0.21907570299648593	0.1159291188648287	0.1616689879160269	0.0014223954259524607	0.14666521872346083	0.0006085153800086118	0.17543624708936167	1.3330392818101728	1.7986450756942607	0.8031042816362638	1.7937673831678245	0.00987955145042474
ENC_41750_1-517	3.215750013734977	0.34112356604864297	2.1939457299993697	1.0349752722629213	0.6411144848560364	0.7641743863672625	0.0	0.7890312710309537	1.4665394013912312	-1	0.9832500893637485	0.6482452675024338	0.6025053984512356	0.7627519909413101	0.9108396050907234	0.7647829017472711	0.5887381392779009	2.0972136681774356	2.5628194620615234	1.5672786680035264	2.5579417695350872	0.7542948349168378
CS17_00512_1-549	2.4267187427040233	0.4479077049823108	1.404914458968416	0.24594400123196747	0.14791678617491733	0.02485688466369118	0.7890312710309537	0.0	0.6775081303602773	-1	0.19421881833279475	0.1407860035285199	0.1865258725797181	0.026279280089643642	0.12180833405976965	0.02424836928368257	0.20029313175305286	1.3081823971464819	1.7737881910305697	0.7782473969725726	1.7689104985041335	0.03473643611411592
SL1344_0034_1-520	1.7492106123437459	1.1254158353425883	0.7274063286081385	0.4315641291283099	0.8254249165351947	0.7023650150239685	1.4665394013912312	0.6775081303602773	0.0	-1	0.4832893120274826	0.8182941338887972	0.8640340029399954	0.703787410449921	0.5556997963005077	0.7017564996439599	0.8778012621133302	0.6306742667862044	1.0962800606702923	0.10073926661229526	1.091402368143856	0.7122445664743933
b0480_1-549	-1	-1	-1	-1	-1	-1	-1	-1	-1	-1	-1	-1	-1	-1	-1	-1	-1	-1	-1	-1	-1	-1
SEN0475_1-552	2.2324999243712282	0.6421265233151056	1.210695640635621	0.05172518289917272	0.3421356045077121	0.21907570299648593	0.9832500893637485	0.19421881833279475	0.4832893120274826	-1	0.0	0.33500482186131464	0.38074469091251284	0.2204980984224384	0.0724104842730251	0.21846718761647732	0.3945119500858476	1.113963578813687	1.5795693726977749	0.5840285786397779	1.5746916801713386	0.22895525444691067
ROD_05381_1-547	2.567504746232543	0.3071217014537909	1.5457004624969357	0.38673000476048736	0.007130782646397438	0.1159291188648287	0.6482452675024338	0.1407860035285199	0.8182941338887972	-1	0.33500482186131464	0.0	0.0457398690511982	0.11450672343887625	0.26259433758828954	0.11653763424483732	0.05950712822453297	1.4489684006750017	1.9145741945590895	0.9190334005010925	1.9096965020326533	0.10604956741440397
STM_MW05641_1-549	2.613244615283741	0.2613818324025927	1.5914403315481338	0.43246987381168556	0.03860908640480076	0.1616689879160269	0.6025053984512356	0.1865258725797181	0.8640340029399954	-1	0.38074469091251284	0.0457398690511982	0.0	0.16024659249007445	0.30833420663948774	0.16227750329603552	0.013767259173334767	1.4947082697261997	1.9603140636102876	0.9647732695522907	1.9554363710838514	0.15178943646560217
STMMW_05641_1-549	2.452998022793667	0.42162842489266716	1.4311937390580596	0.2722232813216111	0.12163750608527368	0.0014223954259524607	0.7627519909413101	0.026279280089643642	0.703787410449921	-1	0.2204980984224384	0.11450672343887625	0.16024659249007445	0.0	0.1480876141494133	0.0020309108059610725	0.1740138516634092	1.3344616772361255	1.8000674711202134	0.8045266770622163	1.7951897785937772	0.008457156024472279
SL1344_0487_1-549	2.3049104086442536	0.5697160390420805	1.2831061249086462	0.12413566717219782	0.269725120234687	0.14666521872346083	0.9108396050907234	0.12180833405976965	0.5556997963005077	-1	0.0724104842730251	0.26259433758828954	0.30833420663948774	0.1480876141494133	0.0	0.14605670334345222	0.3221014658128225	1.1863740630867121	1.6519798569708	0.656439062912803	1.6471021644443637	0.15654477017388557
ENC_22470_1-549	2.4509671119877057	0.42365933569862824	1.4291628282520983	0.27019237051565004	0.12366841689123476	0.0006085153800086118	0.7647829017472711	0.02424836928368257	0.7017564996439599	-1	0.21846718761647732	0.11653763424483732	0.16227750329603552	0.0020309108059610725	0.14605670334345222	0.0	0.1760447624693703	1.3324307664301642	1.798036560314252	0.8024957662562552	1.7931588677878159	0.010488066830433351
NCTC13441_03498_1-549	2.627011874457076	0.24761457322925795	1.6052075907214687	0.4462371329850203	0.05237634557813553	0.17543624708936167	0.5887381392779009	0.20029313175305286	0.8778012621133302	-1	0.3945119500858476	0.05950712822453297	0.013767259173334767	0.1740138516634092	0.3221014658128225	0.1760447624693703	0.0	1.5084755288995346	1.9740813227836225	0.9785405287256255	1.9692036302571863	0.16555669563893693
BN373_48691_2-514	1.1185363455575414	1.7560901021287925	0.09673206182193406	1.0622383959145143	1.456099183321399	1.3330392818101728	2.0972136681774356	1.3081823971464819	0.6306742667862044	-1	1.113963578813687	1.4489684006750017	1.4947082697261997	1.3344616772361255	1.1863740630867121	1.3324307664301642	1.5084755288995346	0.0	0.46560579388408785	0.5299350001739092	0.46072810135765163	1.3429188332605977
t0035_1-520	0.6529305516734536	2.2216958960128803	0.3688737320621538	1.5278441897986021	1.9217049772054868	1.7986450756942607	2.5628194620615234	1.7737881910305697	1.0962800606702923	-1	1.5795693726977749	1.9145741945590895	1.9603140636102876	1.8000674711202134	1.6519798569708	1.798036560314252	1.9740813227836225	0.46560579388408785	0.0	0.995540794057997	0.004877692526436217	1.8085246271446855
STMMW_00341_1-520	1.6484713457314506	1.2261551019548835	0.6266670619958432	0.5323033957406051	0.9261641831474899	0.8031042816362638	1.5672786680035264	0.7782473969725726	0.10073926661229526	-1	0.5840285786397779	0.9190334005010925	0.9647732695522907	0.8045266770622163	0.656439062912803	0.8024957662562552	0.9785405287256255	0.5299350001739092	0.995540794057997	0.0	0.9906631015315608	0.8129838330866885
STM_MW00341_1-520	0.6578082441998898	2.216818203486444	0.3639960395357176	1.522966497272166	1.9168272846790506	1.7937673831678245	2.5579417695350872	1.7689104985041335	1.091402368143856	-1	1.5746916801713386	1.9096965020326533	1.9554363710838514	1.7951897785937772	1.6471021644443637	1.7931588677878159	1.9692036302571863	0.46072810135765163	0.004877692526436217	0.9906631015315608	0.0	1.8036469346182493
ERS227112_02814_1-549	2.461455178818139	0.4131712688681949	1.4396508950825317	0.2806804373460834	0.1131803500608014	0.00987955145042474	0.7542948349168378	0.03473643611411592	0.7122445664743933	-1	0.22895525444691067	0.10604956741440397	0.15178943646560217	0.008457156024472279	0.15654477017388557	0.010488066830433351	0.16555669563893693	1.3429188332605977	1.8085246271446855	0.8129838330866885	1.8036469346182493	0.0
