ROD_21571_1-299	0.0	0.14048555908035	0.36363676478598495	0.019498888253900004	0.446433577189856	5.97235559935991	0.03696040543024992	0.21632367791453	0.5595629168609	0.03155203108021998	0.06218448769002605	0.5059338027931499	0.08839655708000005
ERS227112_04105_1-299	0.14048555908035	0.0	0.22315120570563496	0.12098667082644998	0.305948018109506	6.1128411584402595	0.1774459645105999	0.07583811883418001	0.41907735778055	0.17203759016056996	0.07830107139032394	0.6464193618734999	0.22888211616035004
STM_MW21021_1-299	0.36363676478598495	0.22315120570563496	0.0	0.34413787653208494	0.08279681240387105	6.335992364145895	0.40059717021623487	0.14731308687145495	0.19592615207491504	0.3951887958662049	0.3014522770959589	0.8695705675791349	0.452033321865985
BN373_30781_1-299	0.019498888253900004	0.12098667082644998	0.34413787653208494	0.0	0.426934688935956	5.99185448761381	0.056459293684149925	0.19682478966063	0.540064028607	0.05105091933411998	0.04268559943612604	0.5254326910470499	0.10789544533390005
SEN2070_1-299	0.446433577189856	0.305948018109506	0.08279681240387105	0.426934688935956	0.0	6.418789176549766	0.4833939826201059	0.230109899275326	0.113129339671044	0.47798560827007597	0.38424908949982994	0.9523673799830059	0.534830134269856
b2019_1-299	5.97235559935991	6.1128411584402595	6.335992364145895	5.99185448761381	6.418789176549766	0.0	5.93539519392966	6.18867927727444	6.53191851622081	5.94080356827969	6.034540087049936	5.46642179656676	5.88395904227991
NCTC13441_01693_1-299	0.03696040543024992	0.1774459645105999	0.40059717021623487	0.056459293684149925	0.4833939826201059	5.93539519392966	0.0	0.2532840833447799	0.5965233222911499	0.005408374350029943	0.09914489312027597	0.4689733973629	0.05143615164975013
STMMW_21021_1-299	0.21632367791453	0.07583811883418001	0.14731308687145495	0.19682478966063	0.230109899275326	6.18867927727444	0.2532840833447799	0.0	0.34323923894637	0.24787570899474998	0.15413919022450395	0.7222574807076799	0.30472023499453005
t0802_1-299	0.5595629168609	0.41907735778055	0.19592615207491504	0.540064028607	0.113129339671044	6.53191851622081	0.5965233222911499	0.34323923894637	0.0	0.59111494794112	0.49737842917087394	1.06549671965405	0.6479594739409
ETEC_2163_1-299	0.03155203108021998	0.17203759016056996	0.3951887958662049	0.05105091933411998	0.47798560827007597	5.94080356827969	0.005408374350029943	0.24787570899474998	0.59111494794112	0.0	0.09373651877024602	0.47438177171292994	0.05684452599978007
ENC_41500_1-299	0.06218448769002605	0.07830107139032394	0.3014522770959589	0.04268559943612604	0.38424908949982994	6.034540087049936	0.09914489312027597	0.15413919022450395	0.49737842917087394	0.09373651877024602	0.0	0.568118290483176	0.1505810447700261
CS17_02250_1-299	0.5059338027931499	0.6464193618734999	0.8695705675791349	0.5254326910470499	0.9523673799830059	5.46642179656676	0.4689733973629	0.7222574807076799	1.06549671965405	0.47438177171292994	0.568118290483176	0.0	0.4175372457131499
SL1344_2048_1-299	0.08839655708000005	0.22888211616035004	0.452033321865985	0.10789544533390005	0.534830134269856	5.88395904227991	0.05143615164975013	0.30472023499453005	0.6479594739409	0.05684452599978007	0.1505810447700261	0.4175372457131499	0.0
