SEN1825_1-336	0.0	0.646405935817839	0.12154731040020406	0.259543531370672	0.14974326731571608	0.38005407938797503	0.34467547794531594	0.7762632552524806	0.09330102057673106	0.10867077041267503
STMMW_15971_1-316	0.646405935817839	0.0	0.524858625417635	0.386862404447167	0.7961492031335551	0.266351856429864	0.991081413763155	0.12985731943464163	0.5531049152411079	0.537735165405164
STMMW_12331_1-336	0.12154731040020406	0.524858625417635	0.0	0.13799622097046793	0.27129057771592013	0.258506768987771	0.46622278834552	0.6547159448522766	0.028246289823472992	0.012876539987529023
STM_MW15971_1-317	0.259543531370672	0.386862404447167	0.13799622097046793	0.0	0.40928679868638806	0.12051054801730304	0.6042190093159879	0.5167197238818086	0.16624251079394092	0.15087276095799695
t1696_1-336	0.14974326731571608	0.7961492031335551	0.27129057771592013	0.40928679868638806	0.0	0.5297973467036912	0.19493221062959987	0.9260065225681967	0.24304428789244714	0.2584140377283911
SL1344_1161_1-336	0.38005407938797503	0.266351856429864	0.258506768987771	0.12051054801730304	0.5297973467036912	0.0	0.724729557333291	0.3962091758645056	0.28675305881124397	0.2713833089753
STM_MW12331_1-337	0.34467547794531594	0.991081413763155	0.46622278834552	0.6042190093159879	0.19493221062959987	0.724729557333291	0.0	1.1209387331977965	0.437976498522047	0.453346248357991
SL1344_1532_1-316	0.7762632552524806	0.12985731943464163	0.6547159448522766	0.5167197238818086	0.9260065225681967	0.3962091758645056	1.1209387331977965	0.0	0.6829622346757496	0.6675924848398056
t1511_1-316	0.09330102057673106	0.5531049152411079	0.028246289823472992	0.16624251079394092	0.24304428789244714	0.28675305881124397	0.437976498522047	0.6829622346757496	0.0	0.015369749835943969
SEN1454_1-316	0.10867077041267503	0.537735165405164	0.012876539987529023	0.15087276095799695	0.2584140377283911	0.2713833089753	0.453346248357991	0.6675924848398056	0.015369749835943969	0.0
