t0359_1-208	0.0	0.437310269275021	0.13267198861289708	0.4834510843195471	0.943851925417177	0.4036576613848871	0.3620236759623471	0.229016264777251	1.1331013885671672	1.190036707459027	1.365371413850367	6.239598461888017
STM_MW25151_1-208	0.437310269275021	0.0	0.5699822578879181	0.920761353594568	1.381162194692198	0.840967930659908	0.799333945237368	0.6663265340522719	1.570411657842188	1.627346976734048	1.8026816831253878	6.676908731163038
STMMW_25151_1-208	0.13267198861289708	0.5699822578879181	0.0	0.35077909570665	0.8111799368042799	0.27098567277199004	0.22935168734945	0.09634427616435393	1.0004293999542702	1.05736471884613	1.23269942523747	6.10692647327512
ETEC_2603_1-208	0.4834510843195471	0.920761353594568	0.35077909570665	0.0	0.4604008410976299	0.07979342293465996	0.1214274083572	0.2544348195422961	0.64965030424762	0.70658562313948	0.8819203295308198	5.75614737756847
ROD_24411_1-208	0.943851925417177	1.381162194692198	0.8111799368042799	0.4604008410976299	0.0	0.5401942640322899	0.5818282494548299	0.714835660639926	0.18924946314999014	0.24618478204185013	0.42151948843318987	5.2957465364708405
SL1344_2461_1-208	0.4036576613848871	0.840967930659908	0.27098567277199004	0.07979342293465996	0.5401942640322899	0.0	0.04163398542254004	0.1746413966076361	0.72944372718228	0.78637904607414	0.9617137524654797	5.8359408005031295
NCTC13441_01242_1-208	0.3620236759623471	0.799333945237368	0.22935168734945	0.1214274083572	0.5818282494548299	0.04163398542254004	0.0	0.13300741118509607	0.77107771260482	0.82801303149668	1.0033477378880198	5.87757478592567
SEN2479_1-208	0.229016264777251	0.6663265340522719	0.09634427616435393	0.2544348195422961	0.714835660639926	0.1746413966076361	0.13300741118509607	0.0	0.9040851237899161	0.9610204426817761	1.1363551490731159	6.010582197110766
BN373_34801_1-208	1.1331013885671672	1.570411657842188	1.0004293999542702	0.64965030424762	0.18924946314999014	0.72944372718228	0.77107771260482	0.9040851237899161	0.0	0.05693531889185999	0.23227002528319973	5.10649707332085
ERS227112_03758_1-208	1.190036707459027	1.627346976734048	1.05736471884613	0.70658562313948	0.24618478204185013	0.78637904607414	0.82801303149668	0.9610204426817761	0.05693531889185999	0.0	0.17533470639133975	5.04956175442899
CS17_02783_1-208	1.365371413850367	1.8026816831253878	1.23269942523747	0.8819203295308198	0.42151948843318987	0.9617137524654797	1.0033477378880198	1.1363551490731159	0.23227002528319973	0.17533470639133975	0.0	4.87422704803765
b2498_1-208	6.239598461888017	6.676908731163038	6.10692647327512	5.75614737756847	5.2957465364708405	5.8359408005031295	5.87757478592567	6.010582197110766	5.10649707332085	5.04956175442899	4.87422704803765	0.0
