STMMW_05141_1-318	0.0	0.36673107382261994	0.0210388639748762	0.1040092359929834	0.08062742686602076	0.1629792009054063	0.288840286640609	0.3398117932009117	0.40181844668703004	0.22476011906451765	1.3000621200491305	1.2808313907670208	0.20969863537906885	-1
ETEC_0485_1-315	0.36673107382261994	0.0	0.38776993779749613	0.47074030981560333	0.4473585006886407	0.20375187291721364	0.07789078718201092	0.02691928062170823	0.76854952050965	0.14197095475810229	0.9333310462265105	0.9141003169444009	0.15703243844355108	-1
ERS227112_02745_1-315	0.0210388639748762	0.38776993779749613	0.0	0.0829703720181072	0.05958856289114456	0.1840180648802825	0.3098791506154852	0.3608506571757879	0.38077958271215384	0.24579898303939385	1.3211009840240067	1.301870254741897	0.23073749935394505	-1
NCTC13441_03547_1-316	0.1040092359929834	0.47074030981560333	0.0829703720181072	0.0	0.023381809126962638	0.2669884368983897	0.3928495226335924	0.4438210291938951	0.29780921069404664	0.32876935505750104	1.4040713560421139	1.3848406267600042	0.31370787137205225	-1
SL1344_0437_1-318	0.08062742686602076	0.4473585006886407	0.05958856289114456	0.023381809126962638	0.0	0.24360662777142705	0.36946771350662977	0.42043922006693246	0.3211910198210093	0.3053875459305384	1.3806895469151512	1.3614588176330416	0.2903260622450896	-1
Ecoli9000q_45430_1-304	0.1629792009054063	0.20375187291721364	0.1840180648802825	0.2669884368983897	0.24360662777142705	0.0	0.12586108573520272	0.1768325922955054	0.5647976475924363	0.06178091815911135	1.1370829191437242	1.1178521898616145	0.04671943447366256	-1
ROD_04871_1-318	0.288840286640609	0.07789078718201092	0.3098791506154852	0.3928495226335924	0.36946771350662977	0.12586108573520272	0.0	0.05097150656030269	0.690658733327639	0.06408016757609136	1.0112218334085215	0.9919911041264118	0.07914165126154016	-1
ENC_23130_1-265	0.3398117932009117	0.02691928062170823	0.3608506571757879	0.4438210291938951	0.42043922006693246	0.1768325922955054	0.05097150656030269	0.0	0.7416302398879417	0.11505167413639406	0.9602503268482188	0.9410195975661091	0.13011315782184285	-1
STM_MW05141_1-318	0.40181844668703004	0.76854952050965	0.38077958271215384	0.29780921069404664	0.3211910198210093	0.5647976475924363	0.690658733327639	0.7416302398879417	0.0	0.6265785657515477	1.7018805667361605	1.6826498374540508	0.6115170820660989	-1
SEN0425_1-318	0.22476011906451765	0.14197095475810229	0.24579898303939385	0.32876935505750104	0.3053875459305384	0.06178091815911135	0.06408016757609136	0.11505167413639406	0.6265785657515477	0.0	1.0753020009846128	1.0560712717025031	0.015061483685448795	-1
BN373_08831_1-314	1.3000621200491305	0.9333310462265105	1.3211009840240067	1.4040713560421139	1.3806895469151512	1.1370829191437242	1.0112218334085215	0.9602503268482188	1.7018805667361605	1.0753020009846128	0.0	0.01923072928210967	1.0903634846700616	-1
CS17_00463_1-316	1.2808313907670208	0.9141003169444009	1.301870254741897	1.3848406267600042	1.3614588176330416	1.1178521898616145	0.9919911041264118	0.9410195975661091	1.6826498374540508	1.0560712717025031	0.01923072928210967	0.0	1.071132755387952	-1
t2417_1-318	0.20969863537906885	0.15703243844355108	0.23073749935394505	0.31370787137205225	0.2903260622450896	0.04671943447366256	0.07914165126154016	0.13011315782184285	0.6115170820660989	0.015061483685448795	1.0903634846700616	1.071132755387952	0.0	-1
b0432_1-315	-1	-1	-1	-1	-1	-1	-1	-1	-1	-1	-1	-1	-1	-1
