CS17_00721_1-115	0.0	0.35204083430560884	0.7719983913510582	0.21848947813587993	-1	0.4241146889899524	0.8934927245133719	0.5728600596717536	0.6404915930166915	0.3204790301963816	0.20526833833715008	0.8674865700642597	0.41539981206363186	0.05631150172738897
ROD_07201_1-115	0.35204083430560884	0.0	0.4199575570454493	0.1335513561697289	-1	0.07207385468434357	0.5414518902077631	0.22081922536614473	0.28845075871108256	0.031561804109227265	0.14677249596845876	0.5154457357586508	0.06335897775802302	0.2957293325782199
NCTC13441_03273_1-115	0.7719983913510582	0.4199575570454493	0.0	0.5535089132151783	-1	0.3478837023611057	0.12149433316231378	0.19913833167930456	0.13150679833436674	0.45151936115467656	0.5667300530139081	0.09548817871320153	0.3565985792874263	0.7156868896236692
SL1344_0715_1-115	0.21848947813587993	0.1335513561697289	0.5535089132151783	0.0	-1	0.20562521085407248	0.675003246377492	0.35437058153587364	0.42200211488081146	0.10198955206050164	0.013221139798729853	0.6489970919283797	0.19691033392775192	0.16217797640849096
b0722_1-115	-1	-1	-1	-1	-1	-1	-1	-1	-1	-1	-1	-1	-1	-1
STMMW_07901_1-115	0.4241146889899524	0.07207385468434357	0.3478837023611057	0.20562521085407248	-1	0.0	0.4693780355234195	0.14874537068180116	0.21637690402673898	0.10363565879357084	0.21884635065280234	0.44337188107430725	0.008714876926320558	0.36780318726256345
STM_MW07901_1-115	0.8934927245133719	0.5414518902077631	0.12149433316231378	0.675003246377492	-1	0.4693780355234195	0.0	0.32063266484161834	0.2530011314966805	0.5730136943169903	0.6882243861762218	0.02600615444911225	0.47809291244974006	0.837181222785983
SEN0683_1-115	0.5728600596717536	0.22081922536614473	0.19913833167930456	0.35437058153587364	-1	0.14874537068180116	0.32063266484161834	0.0	0.06763153334493782	0.252381029475372	0.3675917213346035	0.2946265103925061	0.15746024760812172	0.5165485579443646
ERS227112_03172_1-115	0.6404915930166915	0.28845075871108256	0.13150679833436674	0.42200211488081146	-1	0.21637690402673898	0.2530011314966805	0.06763153334493782	0.0	0.3200125628203098	0.4352232546795413	0.22699497704756827	0.22509178095305954	0.5841800912893025
ETEC_0733_1-115	0.3204790301963816	0.031561804109227265	0.45151936115467656	0.10198955206050164	-1	0.10363565879357084	0.5730136943169903	0.252381029475372	0.3200125628203098	0.0	0.1152106918592315	0.5470075398678781	0.09492078186725028	0.2641675284689926
t2143_1-115	0.20526833833715008	0.14677249596845876	0.5667300530139081	0.013221139798729853	-1	0.21884635065280234	0.6882243861762218	0.3675917213346035	0.4352232546795413	0.1152106918592315	0.0	0.6622182317271096	0.21013147372648178	0.1489568366097611
Ecoli9000q_48180_1-115	0.8674865700642597	0.5154457357586508	0.09548817871320153	0.6489970919283797	-1	0.44337188107430725	0.02600615444911225	0.2946265103925061	0.22699497704756827	0.5470075398678781	0.6622182317271096	0.0	0.4520867580006278	0.8111750683368707
ENC_20160_1-115	0.41539981206363186	0.06335897775802302	0.3565985792874263	0.19691033392775192	-1	0.008714876926320558	0.47809291244974006	0.15746024760812172	0.22509178095305954	0.09492078186725028	0.21013147372648178	0.4520867580006278	0.0	0.3590883103362429
BN373_13021_1-115	0.05631150172738897	0.2957293325782199	0.7156868896236692	0.16217797640849096	-1	0.36780318726256345	0.837181222785983	0.5165485579443646	0.5841800912893025	0.2641675284689926	0.1489568366097611	0.8111750683368707	0.3590883103362429	0.0
