CS17_02456_1-87	0.0	0.6848725198790628	0.4889246510424119	0.11830897050065015	0.2076837270476949	0.16248435287180985	0.0597994738123202	0.4460426464365159	0.00016934602996987458	-1
t0603_1-87	0.6848725198790628	0.0	0.195947868836651	0.803181490379713	0.477188792831368	0.522388167007253	0.744671993691383	0.23882987344254697	0.684703173849093	-1
STM_MW22851_1-87	0.4889246510424119	0.195947868836651	0.0	0.607233621543062	0.281240923994717	0.32644029817060205	0.5487241248547321	0.042882004605895974	0.488755305012442	-1
SL1344_2230_1-87	0.11830897050065015	0.803181490379713	0.607233621543062	0.0	0.32599269754834503	0.28079332337246	0.05850949668832994	0.5643516169371661	0.11847831653062002	-1
ROD_23381_1-87	0.2076837270476949	0.477188792831368	0.281240923994717	0.32599269754834503	0.0	0.04519937417588504	0.2674832008600151	0.23835891938882103	0.207514381017725	-1
NCTC13441_01502_1-87	0.16248435287180985	0.522388167007253	0.32644029817060205	0.28079332337246	0.04519937417588504	0.0	0.22228382668413005	0.2835582935647061	0.16231500684183997	-1
STMMW_22851_1-87	0.0597994738123202	0.744671993691383	0.5487241248547321	0.05850949668832994	0.2674832008600151	0.22228382668413005	0.0	0.5058421202488361	0.05996881984229008	-1
SEN2243_1-87	0.4460426464365159	0.23882987344254697	0.042882004605895974	0.5643516169371661	0.23835891938882103	0.2835582935647061	0.5058421202488361	0.0	0.44587330040654605	-1
ETEC_2341_1-87	0.00016934602996987458	0.684703173849093	0.488755305012442	0.11847831653062002	0.207514381017725	0.16231500684183997	0.05996881984229008	0.44587330040654605	0.0	-1
b2207_1-87	-1	-1	-1	-1	-1	-1	-1	-1	-1	-1
