NCTC13441_03083_1-193	0.0	1.041738356465258	0.14020728836895802	0.36293922433956793	0.06558602951856596	0.6604078086657479	0.737866287464038	0.388575369354778	0.5849764332642979	0.43605919673320603	0.02483980104778505	0.320121295207608	0.1649179324846779	0.08782409946090808	0.705375635176468	1.3109515665251281
STMMW_31891_6-213	1.041738356465258	0.0	0.9015310680963	0.6787991321256901	0.9761523269466921	0.38133054779951014	0.30387206900122	0.65316298711048	0.4567619232009601	1.4777975531984642	1.066578157513043	0.72161706125765	0.8768204239805801	1.129562455926166	0.3363627212887901	0.2692132100598701
ROD_09081_1-176	0.14020728836895802	0.9015310680963	0.0	0.22273193597060992	0.07462125885039206	0.5202005202967899	0.59765899909508	0.24836808098581997	0.4447691448953399	0.576266485102164	0.16504708941674306	0.17991400683865	0.024710644115719882	0.2280313878298661	0.5651683468075099	1.17074427815617
NCTC13441_03027_1-199	0.36293922433956793	0.6787991321256901	0.22273193597060992	0.0	0.297353194821002	0.29746858432617995	0.3749270631244701	0.025636145015210055	0.22203720892473	0.798998421072774	0.387779025387353	0.04281792913195992	0.19802129185489004	0.450763323800476	0.3424364108369	0.9480123421855602
ROD_36651_1-193	0.06558602951856596	0.9761523269466921	0.07462125885039206	0.297353194821002	0.0	0.5948217791471819	0.6722802579454721	0.32298933983621203	0.519390403745732	0.501645226251772	0.090425830566351	0.25453526568904206	0.09933190296611194	0.15341012897947404	0.639789605657902	1.2453655370065622
CS17_02907_1-193	0.6604078086657479	0.38133054779951014	0.5202005202967899	0.29746858432617995	0.5948217791471819	0.0	0.07745847879829015	0.2718324393109699	0.07543137540144995	1.0964670053989538	0.6852476097135329	0.34028651345813987	0.49548987618107	0.748231908126656	0.044967826510720066	0.6505437578593802
CS17_02125_1-193	0.737866287464038	0.30387206900122	0.59765899909508	0.3749270631244701	0.6722802579454721	0.07745847879829015	0.0	0.34929091810926005	0.1528898541997401	1.1739254841972442	0.7627060885118231	0.41774499225643	0.5729483549793601	0.8256903869249461	0.03249065228757009	0.5730852790610901
t3429_4-192	0.388575369354778	0.65316298711048	0.24836808098581997	0.025636145015210055	0.32298933983621203	0.2718324393109699	0.34929091810926005	0.0	0.19640106390951995	0.824634566087984	0.41341517040256304	0.06845407414716997	0.2236574368701001	0.47639946881568607	0.31680026582168996	0.9223761971703501
CS17_02604_2-194	0.5849764332642979	0.4567619232009601	0.4447691448953399	0.22203720892473	0.519390403745732	0.07543137540144995	0.1528898541997401	0.19640106390951995	0.0	1.0210356299975039	0.609816234312083	0.2648551380566899	0.42005850077962004	0.672800532725206	0.12039920191217002	0.7259751332608302
NCTC13441_05010_1-193	0.43605919673320603	1.4777975531984642	0.576266485102164	0.798998421072774	0.501645226251772	1.0964670053989538	1.1739254841972442	0.824634566087984	1.0210356299975039	0.0	0.411219395685421	0.756180491940814	0.6009771292178839	0.34823509727229796	1.1414348319096739	1.7470107632583343
t4309_4-192	0.02483980104778505	1.066578157513043	0.16504708941674306	0.387779025387353	0.090425830566351	0.6852476097135329	0.7627060885118231	0.41341517040256304	0.609816234312083	0.411219395685421	0.0	0.34496109625539306	0.18975773353246295	0.06298429841312303	0.730215436224253	1.3357913675729132
ETEC_2001_1-193	0.320121295207608	0.72161706125765	0.17991400683865	0.04281792913195992	0.25453526568904206	0.34028651345813987	0.41774499225643	0.06845407414716997	0.2648551380566899	0.756180491940814	0.34496109625539306	0.0	0.15520336272293012	0.4079453946685161	0.38525433996885994	0.9908302713175201
SL1344_2680_4-192	0.1649179324846779	0.8768204239805801	0.024710644115719882	0.19802129185489004	0.09933190296611194	0.49548987618107	0.5729483549793601	0.2236574368701001	0.42005850077962004	0.6009771292178839	0.18975773353246295	0.15520336272293012	0.0	0.252742031945586	0.54045770269179	1.1460336340404502
t1355_1-175	0.08782409946090808	1.129562455926166	0.2280313878298661	0.450763323800476	0.15341012897947404	0.748231908126656	0.8256903869249461	0.47639946881568607	0.672800532725206	0.34823509727229796	0.06298429841312303	0.4079453946685161	0.252742031945586	0.0	0.793199734637376	1.3987756659860362
BN373_14781_4-190	0.705375635176468	0.3363627212887901	0.5651683468075099	0.3424364108369	0.639789605657902	0.044967826510720066	0.03249065228757009	0.31680026582168996	0.12039920191217002	1.1414348319096739	0.730215436224253	0.38525433996885994	0.54045770269179	0.793199734637376	0.0	0.6055759313486602
ERS227112_03347_4-190	1.3109515665251281	0.2692132100598701	1.17074427815617	0.9480123421855602	1.2453655370065622	0.6505437578593802	0.5730852790610901	0.9223761971703501	0.7259751332608302	1.7470107632583343	1.3357913675729132	0.9908302713175201	1.1460336340404502	1.3987756659860362	0.6055759313486602	0.0
