ETEC_2581_1-237	0.0	0.0024517719152284956	-1	0.13167040798426743	0.33925541064671383	0.08720468591892094	0.07413550778240519	0.1759067213994141	0.10453324279263954	0.22775210867395235	0.15338718685266373	0.47939697849161683	0.2034732963118554
ENC_37970_3-239	0.0024517719152284956	0.0	-1	0.13412217989949593	0.3417071825619423	0.08965645783414944	0.07168373586717669	0.1783584933146426	0.10208147087741104	0.23020388058918084	0.15583895876789222	0.4818487504068453	0.2059250682270839
b2476_1-237	-1	-1	-1	-1	-1	-1	-1	-1	-1	-1	-1	-1	-1
t0372_1-237	0.13167040798426743	0.13412217989949593	-1	0.0	0.2075850026624464	0.04446572206534649	0.20580591576667262	0.044236313415146666	0.23620365077690697	0.09608170068968491	0.02171677886839629	0.3477265705073494	0.07180288832758797
SL1344_2450_1-237	0.33925541064671383	0.3417071825619423	-1	0.2075850026624464	0.0	0.2520507247277929	0.413390918429119	0.16334868924729973	0.44378865343935336	0.11150330197276148	0.1858682237940501	0.140141567844903	0.13578211433485843
STMMW_25051_1-237	0.08720468591892094	0.08965645783414944	-1	0.04446572206534649	0.2520507247277929	0.0	0.16134019370132613	0.08870203548049316	0.19173792871156048	0.1405474227550314	0.06618250093374278	0.3921922925726959	0.11626861039293446
BN373_34691_1-237	0.07413550778240519	0.07168373586717669	-1	0.20580591576667262	0.413390918429119	0.16134019370132613	0.0	0.2500422291818193	0.03039773501023435	0.30188761645635753	0.2275226946350689	0.5535324862740221	0.2776088040942606
SEN2466_1-237	0.1759067213994141	0.1783584933146426	-1	0.044236313415146666	0.16334868924729973	0.08870203548049316	0.2500422291818193	0.0	0.28043996419205364	0.051845387274538246	0.022519534546750375	0.30349025709220273	0.0275665749124413
CS17_02758_1-237	0.10453324279263954	0.10208147087741104	-1	0.23620365077690697	0.44378865343935336	0.19173792871156048	0.03039773501023435	0.28043996419205364	0.0	0.3322853514665919	0.25792042964530326	0.5839302212842563	0.30800653910449494
NCTC13441_01253_1-237	0.22775210867395235	0.23020388058918084	-1	0.09608170068968491	0.11150330197276148	0.1405474227550314	0.30188761645635753	0.051845387274538246	0.3322853514665919	0.0	0.07436492182128862	0.2516448698176645	0.024278812362096946
ERS227112_03769_1-237	0.15338718685266373	0.15583895876789222	-1	0.02171677886839629	0.1858682237940501	0.06618250093374278	0.2275226946350689	0.022519534546750375	0.25792042964530326	0.07436492182128862	0.0	0.3260097916389531	0.050086109459191674
STM_MW25051_1-237	0.47939697849161683	0.4818487504068453	-1	0.3477265705073494	0.140141567844903	0.3921922925726959	0.5535324862740221	0.30349025709220273	0.5839302212842563	0.2516448698176645	0.3260097916389531	0.0	0.27592368217976143
ROD_24251_1-237	0.2034732963118554	0.2059250682270839	-1	0.07180288832758797	0.13578211433485843	0.11626861039293446	0.2776088040942606	0.0275665749124413	0.30800653910449494	0.024278812362096946	0.050086109459191674	0.27592368217976143	0.0
