SEN3938_1-1407	0.0	0.009443650625448496	0.033580230153333696	0.0432882541598108	0.0427651675049485	0.0260304520529068	0.058754122839448794	0.026052433584318996	0.041817262800347796	0.0370432317910136	0.0592074628357432	0.0242601103710801
STMMW_41071_1-1407	0.009443650625448496	0.0	0.024136579527885203	0.0527319047852593	0.0333215168795	0.035474102678355296	0.06819777346489729	0.0166087829588705	0.05126091342579629	0.0275995811655651	0.0497638122102947	0.014816459745631602
ERS227112_01836_1-1407	0.033580230153333696	0.024136579527885203	0.0	0.0768684843131445	0.0091849373516148	0.059610682206240495	0.09233435299278249	0.007527796569014703	0.07539749295368149	0.0034630016376798987	0.0256272326824095	0.0093201197822536
t3473_1-1407	0.0432882541598108	0.0527319047852593	0.0768684843131445	0.0	0.0860534216647593	0.017257802106904002	0.015465868679637992	0.0693406877441298	0.0014709913594630059	0.0803314859508244	0.102495716995554	0.0675483645308909
STM_MW41071_1-1407	0.0427651675049485	0.0333215168795	0.0091849373516148	0.0860534216647593	0.0	0.06879561955785529	0.1015192903443973	0.016712733920629504	0.0845824303052963	0.005721935713934902	0.0164422953307947	0.0185050571338684
BN373_49811_1-1407	0.0260304520529068	0.035474102678355296	0.059610682206240495	0.017257802106904002	0.06879561955785529	0.0	0.032723670786541995	0.052082885637225795	0.015786810747440996	0.0630736838439204	0.08523791488865	0.0502905624239869
ROD_37641_1-1407	0.058754122839448794	0.06819777346489729	0.09233435299278249	0.015465868679637992	0.1015192903443973	0.032723670786541995	0.0	0.08480655642376779	0.016936860039100998	0.09579735463046239	0.117961585675192	0.08301423321052889
ETEC_4247_1-1407	0.026052433584318996	0.0166087829588705	0.007527796569014703	0.0693406877441298	0.016712733920629504	0.052082885637225795	0.08480655642376779	0.0	0.06786969638466679	0.010990798206694602	0.0331550292514242	0.0017923232132388972
CS17_04450_1-1407	0.041817262800347796	0.05126091342579629	0.07539749295368149	0.0014709913594630059	0.0845824303052963	0.015786810747440996	0.016936860039100998	0.06786969638466679	0.0	0.0788604945913614	0.101024725636091	0.0660773731714279
SL1344_4093_1-1407	0.0370432317910136	0.0275995811655651	0.0034630016376798987	0.0803314859508244	0.005721935713934902	0.0630736838439204	0.09579735463046239	0.010990798206694602	0.0788604945913614	0.0	0.0221642310447296	0.0127831214199335
b3988_1-1407	0.0592074628357432	0.0497638122102947	0.0256272326824095	0.102495716995554	0.0164422953307947	0.08523791488865	0.117961585675192	0.0331550292514242	0.101024725636091	0.0221642310447296	0.0	0.0349473524646631
NCTC13441_04507_1-1407	0.0242601103710801	0.014816459745631602	0.0093201197822536	0.0675483645308909	0.0185050571338684	0.0502905624239869	0.08301423321052889	0.0017923232132388972	0.0660773731714279	0.0127831214199335	0.0349473524646631	0.0
