BN373_29401_1-317	0.0	0.8567963400985001	-1	0.9207020825307801	1.6854721236585783	1.4974190675776402	1.69767039589038	1.2842532270383802	0.030764916906819817	0.39178748477202996	1.3779101087676702	1.8804118461643062	1.792591284318731	0.7281022081180002	1.5973333024046052	1.2850973504997203	1.7269031102536212	1.3105114331498202	0.9023602027300901
t1993_1-316	0.8567963400985001	0.0	-1	0.06390574243227998	0.8286757835600781	0.6406227274791401	0.84087405579188	0.42745688693988004	0.88756125700532	1.24858382487053	0.52111376866917	1.023615506065806	0.935794944220231	0.12869413198049995	0.7405369623061051	0.42830101040122015	0.8701067701551211	0.4537150930513201	0.04556386263158996
b0877_15-330	-1	-1	-1	-1	-1	-1	-1	-1	-1	-1	-1	-1	-1	-1	-1	-1	-1	-1	-1
STMMW_09531_7-322	0.9207020825307801	0.06390574243227998	-1	0.0	0.7647700411277981	0.5767169850468601	0.7769683133596	0.36355114450760007	0.9514669994375999	1.31248956730281	0.45720802623689005	0.9597097636335261	0.871889201787951	0.19259987441277993	0.6766312198738251	0.3643952679689402	0.8062010277228411	0.3898093506190401	0.01834187980069002
ETEC_0944_15-330	1.6854721236585783	0.8286757835600781	-1	0.7647700411277981	0.0	0.18805305608093803	0.012198272231801921	0.40121889662019805	1.7162370405653982	2.0772596084306083	0.30756201489090806	0.194939722505728	0.10711916066015292	0.957369915540578	0.08813882125397299	0.40037477315885794	0.04143098659504296	0.374960690508758	0.7831119209284881
ENC_06560_1-259	1.4974190675776402	0.6406227274791401	-1	0.5767169850468601	0.18805305608093803	0.0	0.20025132831273995	0.21316584053926002	1.52818398448446	1.8892065523496702	0.11950895880997003	0.382992778586666	0.29517221674109095	0.76931685945964	0.09991423482696504	0.2123217170779199	0.229484042675981	0.18690763442782	0.5950588648475501
SEN0848_7-322	1.69767039589038	0.84087405579188	-1	0.7769683133596	0.012198272231801921	0.20025132831273995	0.0	0.41341716885199997	1.7284353127971999	2.08945788066241	0.31976028712271	0.18274145027392608	0.094920888428351	0.96956818777238	0.10033709348577491	0.41257304539065986	0.02923271436324104	0.38715896274055994	0.7953101931602901
ROD_08881_1-316	1.2842532270383802	0.42745688693988004	-1	0.36355114450760007	0.40121889662019805	0.21316584053926002	0.41341716885199997	0.0	1.3150181439452	1.6760407118104101	0.09365688172928999	0.596158619125926	0.508338057280351	0.55615101892038	0.31308007536622506	0.0008441234613401072	0.442649883215241	0.02625820611144003	0.3818930243082901
t2675_1-308	0.030764916906819817	0.88756125700532	-1	0.9514669994375999	1.7162370405653982	1.52818398448446	1.7284353127971999	1.3150181439452	0.0	0.36102256786521014	1.40867502567449	1.911176763071126	1.8233562012255509	0.75886712502482	1.628098219311425	1.31586226740654	1.757668027160441	1.34127635005664	0.9331251196369099
STM_MW27481_1-308	0.39178748477202996	1.24858382487053	-1	1.31248956730281	2.0772596084306083	1.8892065523496702	2.08945788066241	1.6760407118104101	0.36102256786521014	0.0	1.7696975935397001	2.272199330936336	2.184378769090761	1.1198896928900302	1.9891207871766352	1.6768848352717503	2.118690595025651	1.7022989179218502	1.29414768750212
STMMW_27481_1-308	1.3779101087676702	0.52111376866917	-1	0.45720802623689005	0.30756201489090806	0.11950895880997003	0.31976028712271	0.09365688172928999	1.40867502567449	1.7696975935397001	0.0	0.5025017373966361	0.414681175551061	0.64980790064967	0.21942319363693508	0.09281275826794988	0.348993001485951	0.06739867561784996	0.4755499060375801
NCTC13441_03117_15-330	1.8804118461643062	1.023615506065806	-1	0.9597097636335261	0.194939722505728	0.382992778586666	0.18274145027392608	0.596158619125926	1.911176763071126	2.272199330936336	0.5025017373966361	0.0	0.08782056184557507	1.152309638046306	0.283078543759701	0.5953144956645859	0.15350873591068503	0.569900413014486	0.9780516434342161
ERS227112_04309_15-331	1.792591284318731	0.935794944220231	-1	0.871889201787951	0.10711916066015292	0.29517221674109095	0.094920888428351	0.508338057280351	1.8233562012255509	2.184378769090761	0.414681175551061	0.08782056184557507	0.0	1.064489076200731	0.1952579819141259	0.5074939338190109	0.06568817406510996	0.48207985116891094	0.8902310815886411
STM_MW09531_7-322	0.7281022081180002	0.12869413198049995	-1	0.19259987441277993	0.957369915540578	0.76931685945964	0.96956818777238	0.55615101892038	0.75886712502482	1.1198896928900302	0.64980790064967	1.152309638046306	1.064489076200731	0.0	0.869231094286605	0.5569951423817201	0.998800902135621	0.58240922503182	0.1742579946120899
CS17_00938_15-330	1.5973333024046052	0.7405369623061051	-1	0.6766312198738251	0.08813882125397299	0.09991423482696504	0.10033709348577491	0.31308007536622506	1.628098219311425	1.9891207871766352	0.21942319363693508	0.283078543759701	0.1952579819141259	0.869231094286605	0.0	0.31223595190488496	0.12956980784901595	0.28682186925478503	0.6949730996745151
SL1344_0879_7-322	1.2850973504997203	0.42830101040122015	-1	0.3643952679689402	0.40037477315885794	0.2123217170779199	0.41257304539065986	0.0008441234613401072	1.31586226740654	1.6768848352717503	0.09281275826794988	0.5953144956645859	0.5074939338190109	0.5569951423817201	0.31223595190488496	0.0	0.4418057597539009	0.025414082650099923	0.3827371477696302
ERS227112_04628_12-294	1.7269031102536212	0.8701067701551211	-1	0.8062010277228411	0.04143098659504296	0.229484042675981	0.02923271436324104	0.442649883215241	1.757668027160441	2.118690595025651	0.348993001485951	0.15350873591068503	0.06568817406510996	0.998800902135621	0.12956980784901595	0.4418057597539009	0.0	0.416391677103801	0.8245429075235311
SL1344_2764_1-308	1.3105114331498202	0.4537150930513201	-1	0.3898093506190401	0.374960690508758	0.18690763442782	0.38715896274055994	0.02625820611144003	1.34127635005664	1.7022989179218502	0.06739867561784996	0.569900413014486	0.48207985116891094	0.58240922503182	0.28682186925478503	0.025414082650099923	0.416391677103801	0.0	0.4081512304197301
SEN2625_1-308	0.9023602027300901	0.04556386263158996	-1	0.01834187980069002	0.7831119209284881	0.5950588648475501	0.7953101931602901	0.3818930243082901	0.9331251196369099	1.29414768750212	0.4755499060375801	0.9780516434342161	0.8902310815886411	0.1742579946120899	0.6949730996745151	0.3827371477696302	0.8245429075235311	0.4081512304197301	0.0
