ROD_07681_1-427	0.0	0.28460598211484084	0.028298249822412407	0.21270467989958508	0.20000781240522786	-1	0.014123803307776699	0.02027326976790621	0.1396768110952935	0.45957848558311026	0.28928855037213835	0.15590862531076677	0.4881393107609708	0.4697188530185112
ENC_19710_1-366	0.28460598211484084	0.0	0.2637720187759112	0.09132697779288865	0.427690374639838	-1	0.2947100665110109	0.2698024910316728	0.1684589848194832	0.24458200529202273	0.49156128049373815	0.3961420799988621	0.28450521468968	0.25875652616008615
STMMW_08381_1-427	0.028298249822412407	0.2637720187759112	0.0	0.18977678083163962	0.22264619118576293	-1	0.04202237421574303	0.008191039201926343	0.11462216801865967	0.44384013477579654	0.3094004405253564	0.1797949339046662	0.4732327186346203	0.4542758136593096
BN373_13531_1-427	0.21270467989958508	0.09132697779288865	0.18977678083163962	0.0	0.3701698945897427	-1	0.22382428414581645	0.19641335098215862	0.08488422693483913	0.31357204771906666	0.44046020176620276	0.33545081097004087	0.3498491910586432	0.32645205243458764
STM_MW08381_1-427	0.20000781240522786	0.427690374639838	0.22264619118576293	0.3701698945897427	0.0	-1	0.1885470099806878	0.2162262698365541	0.3117481700696135	0.5676670104583527	0.11160201230881862	0.05224456547811185	0.5905154474719012	0.5757792251860139
b0772_1-427	-1	-1	-1	-1	-1	-1	-1	-1	-1	-1	-1	-1	-1	-1
SEN0731_1-427	0.014123803307776699	0.2947100665110109	0.04202237421574303	0.22382428414581645	0.1885470099806878	-1	0.0	0.03411073740107551	0.1518278465965028	0.4672112927560252	0.27910679656085075	0.14381605162869482	0.4953687304567659	0.47720843963629994
ERS227112_03225_1-427	0.02027326976790621	0.2698024910316728	0.008191039201926343	0.19641335098215862	0.2162262698365541	-1	0.03411073740107551	0.0	0.12187433254893539	0.448395662034386	0.30369699531758365	0.17302111745860438	0.47754749008657627	0.45874586186306554
NCTC13441_03222_1-427	0.1396768110952935	0.1684589848194832	0.11462216801865967	0.08488422693483913	0.3117481700696135	-1	0.1518278465965028	0.12187433254893539	0.0	0.3718389537948983	0.3885584592650714	0.2738086168004014	0.4050367398666906	0.3836256492672252
SL1344_0763_1-427	0.45957848558311026	0.24458200529202273	0.44384013477579654	0.31357204771906666	0.5676670104583527	-1	0.4672112927560252	0.448395662034386	0.3718389537948983	0.0	0.6159162420786879	0.5438348609842102	0.052849163876603725	0.01876381151542851
t2101_1-427	0.28928855037213835	0.49156128049373815	0.3094004405253564	0.44046020176620276	0.11160201230881862	-1	0.27910679656085075	0.30369699531758365	0.3885584592650714	0.6159162420786879	0.0	0.15801597914737336	0.6362147475434131	0.6231231173184608
Ecoli9000q_48760_1-427	0.15590862531076677	0.3961420799988621	0.1797949339046662	0.33545081097004087	0.05224456547811185	-1	0.14381605162869482	0.17302111745860438	0.2738086168004014	0.5438348609842102	0.15801597914737336	0.0	0.5679428071708494	0.5523942576726117
CS17_00774_1-427	0.4881393107609708	0.28450521468968	0.4732327186346203	0.3498491910586432	0.5905154474719012	-1	0.4953687304567659	0.47754749008657627	0.4050367398666906	0.052849163876603725	0.6362147475434131	0.5679428071708494	0.0	0.03473715376704246
ETEC_0779_1-427	0.4697188530185112	0.25875652616008615	0.4542758136593096	0.32645205243458764	0.5757792251860139	-1	0.47720843963629994	0.45874586186306554	0.3836256492672252	0.01876381151542851	0.6231231173184608	0.5523942576726117	0.03473715376704246	0.0
