NCTC13441_03113_1-106	0.0	0.08149495361880299	0.231679985708305	0.06950478358002701	0.354762787345596	0.08197998112288796	0.49337726128815	0.14343479425709998	0.011887123390289966	6.697570420620056	0.07575008086172796	0.0008099585413419708	0.15616078588589902
SL1344_0883_1-106	0.08149495361880299	0.0	0.150185032089502	0.15099973719883	0.27326783372679303	0.0004850275040849672	0.411882307669347	0.061939840638296995	0.06960783022851302	6.616075467001253	0.005744872757075026	0.08068499507746102	0.237655739504702
t1989_1-106	0.231679985708305	0.150185032089502	0.0	0.30118476928833204	0.12308280163729102	0.14970000458541705	0.261697275579845	0.08824519145120502	0.21979286231801504	6.465890434911751	0.15592990484657704	0.23087002716696303	0.38784077159420405
ENC_18040_1-106	0.06950478358002701	0.15099973719883	0.30118476928833204	0.0	0.42426757092562306	0.15148476470291497	0.5628820448681771	0.212939577837127	0.08139190697031698	6.767075204200083	0.14525486444175498	0.07031474212136898	0.086656002305872
BN373_15301_1-105	0.354762787345596	0.27326783372679303	0.12308280163729102	0.42426757092562306	0.0	0.27278280622270806	0.138614473942554	0.21132799308849604	0.34287566395530605	6.34280763327446	0.27901270648386806	0.35395282880425405	0.5109235732314951
ROD_08921_1-106	0.08197998112288796	0.0004850275040849672	0.14970000458541705	0.15148476470291497	0.27278280622270806	0.0	0.41139728016526206	0.06145481313421203	0.07009285773259799	6.615590439497168	0.006229900261159993	0.08117002258154599	0.23814076700878697
CS17_00942_1-106	0.49337726128815	0.411882307669347	0.261697275579845	0.5628820448681771	0.138614473942554	0.41139728016526206	0.0	0.34994246703105003	0.48149013789786005	6.204193159331906	0.41762718042642205	0.49256730274680804	0.6495380471740491
STMMW_09571_1-106	0.14343479425709998	0.061939840638296995	0.08824519145120502	0.212939577837127	0.21132799308849604	0.06145481313421203	0.34994246703105003	0.0	0.13154767086681002	6.554135626362956	0.06768471339537202	0.142624835715758	0.29959558014299903
SEN0852_1-106	0.011887123390289966	0.06960783022851302	0.21979286231801504	0.08139190697031698	0.34287566395530605	0.07009285773259799	0.48149013789786005	0.13154767086681002	0.0	6.685683297229766	0.063862957471438	0.011077164848947996	0.16804790927618898
b0881_1-106	6.697570420620056	6.616075467001253	6.465890434911751	6.767075204200083	6.34280763327446	6.615590439497168	6.204193159331906	6.554135626362956	6.685683297229766	0.0	6.621820339758328	6.696760462078714	6.853731206505955
ERS227112_03401_1-105	0.07575008086172796	0.005744872757075026	0.15592990484657704	0.14525486444175498	0.27901270648386806	0.006229900261159993	0.41762718042642205	0.06768471339537202	0.063862957471438	6.621820339758328	0.0	0.074940122320386	0.23191086674762698
ETEC_0950_1-106	0.0008099585413419708	0.08068499507746102	0.23087002716696303	0.07031474212136898	0.35395282880425405	0.08117002258154599	0.49256730274680804	0.142624835715758	0.011077164848947996	6.696760462078714	0.074940122320386	0.0	0.156970744427241
STM_MW09571_1-106	0.15616078588589902	0.237655739504702	0.38784077159420405	0.086656002305872	0.5109235732314951	0.23814076700878697	0.6495380471740491	0.29959558014299903	0.16804790927618898	6.853731206505955	0.23191086674762698	0.156970744427241	0.0
