SL1344_1918_1-306	0.0	0.43474597864282594	-1	0.5428611743714239	0.05581109515431004	0.5151220101491699	0.32976998911144395	0.2380136618233899	0.04546823755010987	0.603570541947996	0.20370070675782004	0.1439443899125299	0.1261532433861401
SEN1020_1-306	0.43474597864282594	0.0	-1	0.10811519572859796	0.490557073797136	0.08037603150634398	0.10497598953138199	0.19673231681943604	0.38927774109271607	0.16882456330517004	0.2310452718850059	0.29080158873029605	0.560899222028966
b1959_1-306	-1	-1	-1	-1	-1	-1	-1	-1	-1	-1	-1	-1	-1
ROD_20381_1-306	0.5428611743714239	0.10811519572859796	-1	0.0	0.5986722695257339	0.027739164222253976	0.21309118525997994	0.304847512548034	0.497392936821314	0.06070936757657208	0.33916046761360386	0.398916784458894	0.669014417757564
ERS227112_04234_1-304	0.05581109515431004	0.490557073797136	-1	0.5986722695257339	0.0	0.57093310530348	0.385581084265754	0.29382475697769994	0.10127933270441991	0.659381637102306	0.2595118019121301	0.19975548506683993	0.07034214823183005
NCTC13441_01865_1-306	0.5151220101491699	0.08037603150634398	-1	0.027739164222253976	0.57093310530348	0.0	0.18535202103772597	0.27710834832578	0.46965377259906005	0.08844853179882606	0.3114213033913499	0.37117762023664	0.64127525353531
STM_MW19691_1-306	0.32976998911144395	0.10497598953138199	-1	0.21309118525997994	0.385581084265754	0.18535202103772597	0.0	0.09175632728805405	0.2843017515613341	0.273800552836552	0.1260692823536239	0.18582559919891406	0.45592323249758404
ETEC_2061_1-306	0.2380136618233899	0.19673231681943604	-1	0.304847512548034	0.29382475697769994	0.27710834832578	0.09175632728805405	0.0	0.19254542427328003	0.3655568801246061	0.03431295506556986	0.09406927191086001	0.36416690520953
CS17_02194_1-306	0.04546823755010987	0.38927774109271607	-1	0.497392936821314	0.10127933270441991	0.46965377259906005	0.2843017515613341	0.19254542427328003	0.0	0.5581023043978861	0.15823246920771017	0.09847615236242002	0.17162148093624996
t0888_1-306	0.603570541947996	0.16882456330517004	-1	0.06070936757657208	0.659381637102306	0.08844853179882606	0.273800552836552	0.3655568801246061	0.5581023043978861	0.0	0.39986983519017594	0.4596261520354661	0.7297237853341361
ENC_42060_1-304	0.20370070675782004	0.2310452718850059	-1	0.33916046761360386	0.2595118019121301	0.3114213033913499	0.1260692823536239	0.03431295506556986	0.15823246920771017	0.39986983519017594	0.0	0.05975631684529015	0.32985395014396013
STMMW_19691_1-306	0.1439443899125299	0.29080158873029605	-1	0.398916784458894	0.19975548506683993	0.37117762023664	0.18582559919891406	0.09406927191086001	0.09847615236242002	0.4596261520354661	0.05975631684529015	0.0	0.27009763329867
BN373_30091_1-303	0.1261532433861401	0.560899222028966	-1	0.669014417757564	0.07034214823183005	0.64127525353531	0.45592323249758404	0.36416690520953	0.17162148093624996	0.7297237853341361	0.32985395014396013	0.27009763329867	0.0
