BN373_43201_1-180	0.0	0.6221351710347296	0.029599881170603304	1.121058261840117	1.4761453645703848	1.1045853267330838	0.4318829872817471	0.5573214241899485	0.04822356060188282	-1	0.2344506432253497	0.48004177219634236
ROD_45381_1-184	0.6221351710347296	0.0	0.5925352898641263	0.49892309080538744	2.0982805356051144	1.7267204977678134	0.19025218375298247	0.06481374684478114	0.6703587316366124	-1	0.8565858142600793	0.14209339883838723
NCTC13441_00412_1-181	0.029599881170603304	0.5925352898641263	0.0	1.0914583806695137	1.5057452457409881	1.1341852079036872	0.4022831061111438	0.5277215430193452	0.07782344177248612	-1	0.264050524395953	0.45044189102573906
t4101_1-180	1.121058261840117	0.49892309080538744	1.0914583806695137	0.0	2.5972036264105016	2.2256435885732007	0.6891752745583699	0.5637368376501686	1.1692818224419999	-1	1.3555089050654667	0.6410164896437747
CS17_03718_1-181	1.4761453645703848	2.0982805356051144	1.5057452457409881	2.5972036264105016	0.0	0.37156003783730096	1.908028351852132	2.0334667887603333	1.427921803968502	-1	1.2416947213450351	1.9561871367667272
ETEC_3535_1-180	1.1045853267330838	1.7267204977678134	1.1341852079036872	2.2256435885732007	0.37156003783730096	0.0	1.536468314014831	1.6619067509230323	1.056361766131201	-1	0.8701346835077342	1.5846270989294262
STM_MW33961_1-181	0.4318829872817471	0.19025218375298247	0.4022831061111438	0.6891752745583699	1.908028351852132	1.536468314014831	0.0	0.12543843690820133	0.48010654788362994	-1	0.6663336305070968	0.04815878491459524
ERS227112_00902_1-181	0.5573214241899485	0.06481374684478114	0.5277215430193452	0.5637368376501686	2.0334667887603333	1.6619067509230323	0.12543843690820133	0.0	0.6055449847918313	-1	0.7917720674152982	0.07727965199360609
SEN3231_1-180	0.04822356060188282	0.6703587316366124	0.07782344177248612	1.1692818224419999	1.427921803968502	1.056361766131201	0.48010654788362994	0.6055449847918313	0.0	-1	0.18622708262346688	0.5282653327982252
b3283_1-180	-1	-1	-1	-1	-1	-1	-1	-1	-1	-1	-1	-1
STMMW_33961_1-180	0.2344506432253497	0.8565858142600793	0.264050524395953	1.3555089050654667	1.2416947213450351	0.8701346835077342	0.6663336305070968	0.7917720674152982	0.18622708262346688	-1	0.0	0.7144924154216921
SL1344_3370_1-180	0.48004177219634236	0.14209339883838723	0.45044189102573906	0.6410164896437747	1.9561871367667272	1.5846270989294262	0.04815878491459524	0.07727965199360609	0.5282653327982252	-1	0.7144924154216921	0.0
