SEN2323_1-276	0.0	0.2057806496424078	0.36622019351970914	0.054729712954238334	0.19775026128789566	0.334773721533806	0.40182741820422313	0.20318352201775214	0.1888708939604107	0.03705759163982549	0.06616418905692625	0.31956175296880723	0.21687431745275768	0.06861285494258286	0.39715583965885515
t0523_1-276	0.2057806496424078	0.0	0.20200910970636068	0.24924804671018047	0.01000983604856484	0.16241491954750273	0.24684209528960294	0.003259379915475995	0.02084718148576927	0.23521250600040694	0.2583295288921367	0.14326156026690892	0.01396801501418344	0.14727258737436083	0.24096012006038622
ERS227112_03037_1-277	0.36622019351970914	0.20200910970636068	0.0	0.4009067804045682	0.2099968676864483	0.047271842685482866	0.0561823275535701	0.20461006518691657	0.21864497062030278	0.3897065467778234	0.40815372045613324	0.0685711609458705	0.19070486308299836	0.3195312928210747	0.04881134713166038
SL1344_2310_1-276	0.054729712954238334	0.24924804671018047	0.4009067804045682	0.0	0.24165715920522182	0.37118136480387703	0.43456523190300167	0.24679305913492774	0.23326375710278538	0.018352210018984686	0.012096514890385384	0.35680194291190953	0.2597345612656602	0.11958740604084284	0.43014932751046486
STMMW_23631_1-276	0.19775026128789566	0.01000983604856484	0.2099968676864483	0.24165715920522182	0.0	0.1707990088795562	0.25438108243443464	0.006772530382594826	0.010946922335014297	0.22747970449824553	0.250830464670913	0.1518373715851404	0.02383803352253241	0.1386506213131725	0.24855798481290411
ROD_05901_1-276	0.334773721533806	0.16241491954750273	0.047271842685482866	0.37118136480387703	0.1707990088795562	0.0	0.10079832808923633	0.16514492753623194	0.17987620772946858	0.35942540530928707	0.37878787878787873	0.022356133905420246	0.150549786207447	0.28576824149190416	0.0937757874942689
ERS227112_03263_1-281	0.40182741820422313	0.24684209528960294	0.0561823275535701	0.43456523190300167	0.25438108243443464	0.10079832808923633	0.0	0.249296923037398	0.2625433148165423	0.42399425347055114	0.4414050219948286	0.12090100107445112	0.2361729475527807	0.3577616086177554	0.007749230817338169
ROD_08001_1-281	0.20318352201775214	0.003259379915475995	0.20461006518691657	0.24679305913492774	0.006772530382594826	0.16514492753623194	0.249296923037398	0.0	0.017645314353499333	0.23271162167070228	0.2559042381106437	0.1460539963301912	0.01718186786206314	0.1444841361503582	0.2434341194001067
ROD_09661_1-265	0.1888708939604107	0.02084718148576927	0.21864497062030278	0.23326375710278538	0.010946922335014297	0.17987620772946858	0.2625433148165423	0.017645314353499333	0.0	0.21892938513920251	0.24253859348198967	0.16112214200585948	0.03452400275595608	0.1291171342185685	0.2567839621924239
ENC_39120_1-276	0.03705759163982549	0.23521250600040694	0.3897065467778234	0.018352210018984686	0.22747970449824553	0.35942540530928707	0.42399425347055114	0.23271162167070228	0.21892938513920251	0.0	0.03022672712760394	0.3447771556634079	0.245895069199253	0.10312781942270353	0.4194957923752308
ROD_27021_1-276	0.06616418905692625	0.2583295288921367	0.40815372045613324	0.012096514890385384	0.250830464670913	0.37878787878787873	0.4414050219948286	0.2559042381106437	0.24253859348198967	0.03022672712760394	0.0	0.36458239778694257	0.2686891931681478	0.1302373300933526	0.43704253465553067
BN373_13911_1-281	0.31956175296880723	0.14326156026690892	0.0685711609458705	0.35680194291190953	0.1518373715851404	0.022356133905420246	0.12090100107445112	0.1460539963301912	0.16112214200585948	0.3447771556634079	0.36458239778694257	0.0	0.13112510265535177	0.26943564698947414	0.11403545733738105
BN373_11771_1-276	0.21687431745275768	0.01396801501418344	0.19070486308299836	0.2597345612656602	0.02383803352253241	0.150549786207447	0.2361729475527807	0.01718186786206314	0.03452400275595608	0.245895069199253	0.2686891931681478	0.13112510265535177	0.0	0.15918349667692155	0.23020764894301873
NCTC13441_03415_1-277	0.06861285494258286	0.14727258737436083	0.3195312928210747	0.11958740604084284	0.1386506213131725	0.28576824149190416	0.3577616086177554	0.1444841361503582	0.1291171342185685	0.10312781942270353	0.1302373300933526	0.26943564698947414	0.15918349667692155	0.0	0.35274588709941734
STM_MW23631_1-276	0.39715583965885515	0.24096012006038622	0.04881134713166038	0.43014932751046486	0.24855798481290411	0.0937757874942689	0.007749230817338169	0.2434341194001067	0.2567839621924239	0.4194957923752308	0.43704253465553067	0.11403545733738105	0.23020764894301873	0.35274588709941734	0.0
