ETEC_0753_1-263	0.0	0.13055136218505503	0.15789708223117194	0.26844194482933503	0.14198673160819797	0.386147924332387	0.266479416066734	0.07251613338712493	-1	0.500613722086857	0.27419429916938	0.38796271382480507
ROD_07361_1-263	0.13055136218505503	0.0	0.28844844441622697	0.13789058264428	0.272538093793253	0.516699286517442	0.397030778251789	0.20306749557217996	-1	0.631165084271912	0.404745661354435	0.25741135163975004
STM_MW08071_1-231	0.15789708223117194	0.28844844441622697	0.0	0.42633902706050697	0.015910350622973968	0.22825084210121505	0.10858233383556204	0.08538094884404701	-1	0.342716639855685	0.11629721693820805	0.545859796055977
BN373_13191_1-263	0.26844194482933503	0.13789058264428	0.42633902706050697	0.0	0.410428676437533	0.654589869161722	0.534921360896069	0.34095807821645996	-1	0.769055666916192	0.542636243998715	0.11952076899547004
SEN0700_1-262	0.14198673160819797	0.272538093793253	0.015910350622973968	0.410428676437533	0.0	0.244161192724189	0.12449268445853601	0.06947059822107304	-1	0.358626990478659	0.13220756756118202	0.529949445433003
t2126_1-262	0.386147924332387	0.516699286517442	0.22825084210121505	0.654589869161722	0.244161192724189	0.0	0.119668508265653	0.31363179094526206	-1	0.11446579775446997	0.111953625163007	0.774110638157192
STMMW_08071_1-262	0.266479416066734	0.397030778251789	0.10858233383556204	0.534921360896069	0.12449268445853601	0.119668508265653	0.0	0.19396328267960905	-1	0.23413430602012297	0.0077148831026460085	0.654442129891539
SL1344_0732_1-262	0.07251613338712493	0.20306749557217996	0.08538094884404701	0.34095807821645996	0.06947059822107304	0.31363179094526206	0.19396328267960905	0.0	-1	0.428097588699732	0.20167816578225506	0.46047884721193
b0742_1-263	-1	-1	-1	-1	-1	-1	-1	-1	-1	-1	-1	-1
NCTC13441_03252_1-263	0.500613722086857	0.631165084271912	0.342716639855685	0.769055666916192	0.358626990478659	0.11446579775446997	0.23413430602012297	0.428097588699732	-1	0.0	0.22641942291747696	0.888576435911662
ERS227112_03189_1-263	0.27419429916938	0.404745661354435	0.11629721693820805	0.542636243998715	0.13220756756118202	0.111953625163007	0.0077148831026460085	0.20167816578225506	-1	0.22641942291747696	0.0	0.6621570129941851
CS17_00741_1-263	0.38796271382480507	0.25741135163975004	0.545859796055977	0.11952076899547004	0.529949445433003	0.774110638157192	0.654442129891539	0.46047884721193	-1	0.888576435911662	0.6621570129941851	0.0
