ROD_29281_1-322	0.0	0.048546043826871	0.0	0.03640953287015325	0.036409532870153694	0.07281906574030694	0.01213651095671775	0.0242730219134355	0.23059370817763858	0.036409532870153694	0.06068255478358875	2.214386943485711	1.086382206177957	0.09709208765374244	1.0425258238471504	1.191175877642095	2.7362107774338735	1.9362445000383277
ROD_50641_1-322	0.048546043826871	0.0	0.048546043826871	0.08495557669702425	0.012136510956717306	0.12136510956717794	0.03640953287015325	0.0242730219134355	0.2791397520045096	0.012136510956717306	0.10922859861045975	2.262932987312582	1.134928250004828	0.14563813148061344	1.0910718676740214	1.239721921468966	2.7847568212607445	1.9847905438651987
ROD_45501_1-322	0.0	0.048546043826871	0.0	0.03640953287015325	0.036409532870153694	0.07281906574030694	0.01213651095671775	0.0242730219134355	0.23059370817763858	0.036409532870153694	0.06068255478358875	2.214386943485711	1.086382206177957	0.09709208765374244	1.0425258238471504	1.191175877642095	2.7362107774338735	1.9362445000383277
ROD_05221_1-322	0.03640953287015325	0.08495557669702425	0.03640953287015325	0.0	0.07281906574030694	0.036409532870153694	0.048546043826871	0.06068255478358875	0.19418417530748533	0.07281906574030694	0.0242730219134355	2.177977410615558	1.0499726733078039	0.06068255478358919	1.0061162909769972	1.1547663447719418	2.6998012445637203	1.8998349671681745
ROD_20681_1-322	0.036409532870153694	0.012136510956717306	0.036409532870153694	0.07281906574030694	0.0	0.10922859861046064	0.024273021913435944	0.012136510956718194	0.2670032410477923	0.0	0.09709208765374244	2.2507964763558648	1.1227917390481108	0.13350162052389614	1.0789353567173041	1.2275854105122488	2.7726203103040272	1.9726540329084814
ROD_33401_1-322	0.07281906574030694	0.12136510956717794	0.07281906574030694	0.036409532870153694	0.10922859861046064	0.0	0.08495557669702469	0.09709208765374244	0.15777464243733164	0.10922859861046064	0.012136510956718194	2.141567877745404	1.0135631404376502	0.0242730219134355	0.9697067581068435	1.1183568119017882	2.6633917116935666	1.8634254342980208
ROD_28951_1-322	0.01213651095671775	0.03640953287015325	0.01213651095671775	0.048546043826871	0.024273021913435944	0.08495557669702469	0.0	0.01213651095671775	0.24273021913435633	0.024273021913435944	0.0728190657403065	2.226523454442429	1.0985187171346749	0.10922859861046019	1.0546623348038682	1.2033123885988128	2.7483472883905913	1.9483810109950455
ROD_31511_1-322	0.0242730219134355	0.0242730219134355	0.0242730219134355	0.06068255478358875	0.012136510956718194	0.09709208765374244	0.01213651095671775	0.0	0.2548667300910741	0.012136510956718194	0.08495557669702425	2.2386599653991466	1.1106552280913926	0.12136510956717794	1.066798845760586	1.2154488995555306	2.760483799347309	1.9605175219517632
ROD_28451_1-322	0.23059370817763858	0.2791397520045096	0.23059370817763858	0.19418417530748533	0.2670032410477923	0.15777464243733164	0.24273021913435633	0.2548667300910741	0.0	0.2670032410477923	0.16991115339404983	1.9837932353080725	0.8557884980003185	0.13350162052389614	0.8119321156695118	0.9605821694644565	2.505617069256235	1.7056507918606891
ROD_02831_1-322	0.036409532870153694	0.012136510956717306	0.036409532870153694	0.07281906574030694	0.0	0.10922859861046064	0.024273021913435944	0.012136510956718194	0.2670032410477923	0.0	0.09709208765374244	2.2507964763558648	1.1227917390481108	0.13350162052389614	1.0789353567173041	1.2275854105122488	2.7726203103040272	1.9726540329084814
ROD_35171_1-322	0.06068255478358875	0.10922859861045975	0.06068255478358875	0.0242730219134355	0.09709208765374244	0.012136510956718194	0.0728190657403065	0.08495557669702425	0.16991115339404983	0.09709208765374244	0.0	2.1537043887021223	1.0256996513943684	0.036409532870153694	0.9818432690635617	1.1304933228585063	2.675528222650285	1.875561945254739
BN373_30581_1-322	2.214386943485711	2.262932987312582	2.214386943485711	2.177977410615558	2.2507964763558648	2.141567877745404	2.226523454442429	2.2386599653991466	1.9837932353080725	2.2507964763558648	2.1537043887021223	0.0	1.1280047373077542	2.1172948558319686	1.1718611196385607	1.0232110658436162	0.5218238339481622	0.2781424434473835
ERS227112_04403_1-322	1.086382206177957	1.134928250004828	1.086382206177957	1.0499726733078039	1.1227917390481108	1.0135631404376502	1.0985187171346749	1.1106552280913926	0.8557884980003185	1.1227917390481108	1.0256996513943684	1.1280047373077542	0.0	0.9892901185242147	0.04385638233080669	0.10479367146413798	1.6498285712559162	0.8498622938603706
ROD_29471_1-322	0.09709208765374244	0.14563813148061344	0.09709208765374244	0.06068255478358919	0.13350162052389614	0.0242730219134355	0.10922859861046019	0.12136510956717794	0.13350162052389614	0.13350162052389614	0.036409532870153694	2.1172948558319686	0.9892901185242147	0.0	0.945433736193408	1.0940837899883527	2.639118689780131	1.8391524123845853
ERS227112_00235_1-307	1.0425258238471504	1.0910718676740214	1.0425258238471504	1.0061162909769972	1.0789353567173041	0.9697067581068435	1.0546623348038682	1.066798845760586	0.8119321156695118	1.0789353567173041	0.9818432690635617	1.1718611196385607	0.04385638233080669	0.945433736193408	0.0	0.14865005379494467	1.693684953586723	0.8937186761911773
ERS227112_04923_1-307	1.191175877642095	1.239721921468966	1.191175877642095	1.1547663447719418	1.2275854105122488	1.1183568119017882	1.2033123885988128	1.2154488995555306	0.9605821694644565	1.2275854105122488	1.1304933228585063	1.0232110658436162	0.10479367146413798	1.0940837899883527	0.14865005379494467	0.0	1.5450348997917782	0.7450686223962326
ERS227112_05606_1-273	2.7362107774338735	2.7847568212607445	2.7362107774338735	2.6998012445637203	2.7726203103040272	2.6633917116935666	2.7483472883905913	2.760483799347309	2.505617069256235	2.7726203103040272	2.675528222650285	0.5218238339481622	1.6498285712559162	2.639118689780131	1.693684953586723	1.5450348997917782	0.0	0.7999662773955457
BN373_26521_1-307	1.9362445000383277	1.9847905438651987	1.9362445000383277	1.8998349671681745	1.9726540329084814	1.8634254342980208	1.9483810109950455	1.9605175219517632	1.7056507918606891	1.9726540329084814	1.875561945254739	0.2781424434473835	0.8498622938603706	1.8391524123845853	0.8937186761911773	0.7450686223962326	0.7999662773955457	0.0
