STMMW_32741_1-331	0.0	0.11118983120616321	0.4241235768875772	0.7851899481625297	0.39697469503791805	0.1474826769223736	0.06239034081850048	-1	0.20271334842378952	0.16663627880927123	0.2788443714525807	0.47352683593259093	0.27895427235925885
SEN3109_1-331	0.11118983120616321	0.0	0.31293374568141397	0.896379779368693	0.5081645262440813	0.2586725081285368	0.048799490387662736	-1	0.31390317962995273	0.27782611001543445	0.16765454024641746	0.3623370047264277	0.16776444115309563
t3194_1-331	0.4241235768875772	0.31293374568141397	0.0	1.2093135250501068	0.8210982719254952	0.5716062538099508	0.3617332360690767	-1	0.6268369253113667	0.5907598556968484	0.1452792054349965	0.04940325904501375	0.14516930452831833
BN373_42181_1-331	0.7851899481625297	0.896379779368693	1.2093135250501068	0.0	0.3882152531246117	0.6377072712401561	0.8475802889810302	-1	0.5824765997387402	0.6185536693532585	1.0640343196151103	1.2587167840951206	1.0641442205217886
ENC_33960_1-331	0.39697469503791805	0.5081645262440813	0.8210982719254952	0.3882152531246117	0.0	0.24949201811554444	0.4593650358564185	-1	0.19426134661412853	0.23033841622864681	0.6758190664904987	0.870501530970509	0.6759289673971769
ERS227112_01035_1-331	0.1474826769223736	0.2586725081285368	0.5716062538099508	0.6377072712401561	0.24949201811554444	0.0	0.20987301774087408	-1	0.05523067150141592	0.01915360188689763	0.4263270483749543	0.6210095128549645	0.42643694928163245
ROD_46741_1-331	0.06239034081850048	0.048799490387662736	0.3617332360690767	0.8475802889810302	0.4593650358564185	0.20987301774087408	0.0	-1	0.26510368924229	0.2290266196277717	0.2164540306340802	0.41113649511409045	0.21656393154075837
b3158_1-331	-1	-1	-1	-1	-1	-1	-1	-1	-1	-1	-1	-1	-1
SL1344_3247_1-331	0.20271334842378952	0.31390317962995273	0.6268369253113667	0.5824765997387402	0.19426134661412853	0.05523067150141592	0.26510368924229	-1	0.0	0.03607706961451829	0.4815577198763702	0.6762401843563804	0.48166762078304837
CS17_03597_1-331	0.16663627880927123	0.27782611001543445	0.5907598556968484	0.6185536693532585	0.23033841622864681	0.01915360188689763	0.2290266196277717	-1	0.03607706961451829	0.0	0.4454806502618519	0.6401631147418622	0.4455905511685301
ETEC_3425_1-331	0.2788443714525807	0.16765454024641746	0.1452792054349965	1.0640343196151103	0.6758190664904987	0.4263270483749543	0.2164540306340802	-1	0.4815577198763702	0.4454806502618519	0.0	0.19468246448001025	0.0001099009066781731
STM_MW32741_1-331	0.47352683593259093	0.3623370047264277	0.04940325904501375	1.2587167840951206	0.870501530970509	0.6210095128549645	0.41113649511409045	-1	0.6762401843563804	0.6401631147418622	0.19468246448001025	0.0	0.19457256357333208
NCTC13441_00537_1-331	0.27895427235925885	0.16776444115309563	0.14516930452831833	1.0641442205217886	0.6759289673971769	0.42643694928163245	0.21656393154075837	-1	0.48166762078304837	0.4455905511685301	0.0001099009066781731	0.19457256357333208	0.0
