SEN2811_1-181	0.0	0.31975348368479106	0.284156459246784	6.423139491628543	0.4413249933813431	0.24743905693176604	0.13495803549029406	0.03843016562403001	0.232665382705328	0.6945777687330731	0.0004796959994249894	0.14681596457955598
ETEC_2983_1-181	0.31975348368479106	0.0	0.03559702443800705	6.103386007943752	0.12157150969655206	0.07231442675302502	0.184795448194497	0.3581836493088211	0.5524188663901191	0.374824285048282	0.3192737876853661	0.46656944826434704
ERS227112_01523_1-181	0.284156459246784	0.03559702443800705	0.0	6.138983032381759	0.1571685341345591	0.036717402315017966	0.14919842375648995	0.322586624870814	0.516821841952112	0.4104213094862891	0.283676763247359	0.43097242382634
b2793_1-181	6.423139491628543	6.103386007943752	6.138983032381759	0.0	5.9818144982472	6.175700434696777	6.288181456138249	6.461569657252573	6.655804874333871	5.72856172289547	6.422659795629118	6.569955456208099
CS17_03126_1-181	0.4413249933813431	0.12157150969655206	0.1571685341345591	5.9818144982472	0.0	0.19388593644957708	0.30636695789104906	0.47975515900537313	0.6739903760866711	0.25325277535172996	0.44084529738191813	0.5881409579608992
ROD_28331_1-181	0.24743905693176604	0.07231442675302502	0.036717402315017966	6.175700434696777	0.19388593644957708	0.0	0.11248102144147198	0.28586922255579605	0.48010443963709404	0.44713871180130704	0.24695936093234105	0.394255021511322
NCTC13441_00982_1-181	0.13495803549029406	0.184795448194497	0.14919842375648995	6.288181456138249	0.30636695789104906	0.11248102144147198	0.0	0.17338820111432407	0.36762341819562205	0.559619733242779	0.13447833949086907	0.28177400006985004
STMMW_29301_1-181	0.03843016562403001	0.3581836493088211	0.322586624870814	6.461569657252573	0.47975515900537313	0.28586922255579605	0.17338820111432407	0.0	0.19423521708129798	0.7330079343571031	0.038909861623455	0.10838579895552597
t2875_1-181	0.232665382705328	0.5524188663901191	0.516821841952112	6.655804874333871	0.6739903760866711	0.48010443963709404	0.36762341819562205	0.19423521708129798	0.0	0.9272431514384011	0.23314507870475298	0.08584941812577201
BN373_37811_1-181	0.6945777687330731	0.374824285048282	0.4104213094862891	5.72856172289547	0.25325277535172996	0.44713871180130704	0.559619733242779	0.7330079343571031	0.9272431514384011	0.0	0.6940980727336481	0.8413937333126291
SL1344_2947_1-181	0.0004796959994249894	0.3192737876853661	0.283676763247359	6.422659795629118	0.44084529738191813	0.24695936093234105	0.13447833949086907	0.038909861623455	0.23314507870475298	0.6940980727336481	0.0	0.14729566057898097
STM_MW29301_1-181	0.14681596457955598	0.46656944826434704	0.43097242382634	6.569955456208099	0.5881409579608992	0.394255021511322	0.28177400006985004	0.10838579895552597	0.08584941812577201	0.8413937333126291	0.14729566057898097	0.0
