SL1344_2899_1-134	0.0	0.07982555469518404	0.3003256304201041	0.15361254330269403	0.09792095741617202	0.4944272741168241	0.03381988197389996	0.035401513953248975	0.17614965623828094	0.296864399316699
SEN2759_1-134	0.07982555469518404	0.0	0.3801511851152881	0.07378698860750998	0.17774651211135606	0.5742528288120081	0.113645436669084	0.04442404074193507	0.255975210933465	0.21703884462151496
ENC_29910_1-135	0.3003256304201041	0.3801511851152881	0.0	0.4539381737227981	0.20240467300393206	0.19410164369672	0.2665057484462041	0.33572714437335305	0.12417597418182313	0.5971900297368031
STM_MW28831_1-135	0.15361254330269403	0.07378698860750998	0.4539381737227981	0.0	0.25153350071886604	0.6480398174195181	0.18743242527659398	0.11821102934944505	0.32976219954097497	0.14325185601400497
ROD_30691_1-134	0.09792095741617202	0.17774651211135606	0.20240467300393206	0.25153350071886604	0.0	0.39650631670065206	0.06410107544227206	0.133322471369421	0.07822869882210892	0.394785356732871
CS17_03065_1-136	0.4944272741168241	0.5742528288120081	0.19410164369672	0.6480398174195181	0.39650631670065206	0.0	0.4606073921429241	0.529828788070073	0.31827761787854314	0.7912916734335231
ERS227112_01561_1-135	0.03381988197389996	0.113645436669084	0.2665057484462041	0.18743242527659398	0.06410107544227206	0.4606073921429241	0.0	0.06922139592714893	0.14232977426438098	0.33068428129059896
t2821_1-134	0.035401513953248975	0.04442404074193507	0.33572714437335305	0.11821102934944505	0.133322471369421	0.529828788070073	0.06922139592714893	0.0	0.2115511701915299	0.26146288536345
BN373_37431_1-135	0.17614965623828094	0.255975210933465	0.12417597418182313	0.32976219954097497	0.07822869882210892	0.31827761787854314	0.14232977426438098	0.2115511701915299	0.0	0.47301405555497994
STMMW_28831_1-134	0.296864399316699	0.21703884462151496	0.5971900297368031	0.14325185601400497	0.394785356732871	0.7912916734335231	0.33068428129059896	0.26146288536345	0.47301405555497994	0.0
