ETEC_0111_1-626	0.0	0.1260541380165442	0.04182148729617233	0.6273102598932581	0.057841535745343425	-1	0.04249667105103548	0.06158675563265478	0.033472547280284995	0.1863085556505231	0.4140055896706428	0.048121480770444314	0.076266000351129	0.05718273188792247
t0159_1-629	0.1260541380165442	0.0	0.1678756253127165	0.7533643979098023	0.06821260227120075	-1	0.0835574669655087	0.18764089364919895	0.09258159073625918	0.31236269366706726	0.540059727687187	0.1741756187869885	0.04978813766541518	0.18323686990446664
ENC_46280_1-632	0.04182148729617233	0.1678756253127165	0.0	0.5854887725970858	0.09966302304151575	-1	0.08431815834720781	0.019765268336482456	0.07529403457645732	0.14448706835435077	0.3721841023744705	0.0062999934742719865	0.11808748764730133	0.015361244591750145
BN373_06091_1-632	0.6273102598932581	0.7533643979098023	0.5854887725970858	0.0	0.6851517956386015	-1	0.6698069309442936	0.5657235042606032	0.6607828071735431	0.441001704242735	0.21330467022261523	0.5791887791228137	0.7035762602443871	0.5701275280053356
STM_MW01591_1-629	0.057841535745343425	0.06821260227120075	0.09966302304151575	0.6851517956386015	0.0	-1	0.015344864694307944	0.11942829137799821	0.02436898846505843	0.24415009139586652	0.4718471254159863	0.10596301651578774	0.018424464605785576	0.1150242676332659
b0115_1-630	-1	-1	-1	-1	-1	-1	-1	-1	-1	-1	-1	-1	-1	-1
SL1344_0153_1-629	0.04249667105103548	0.0835574669655087	0.08431815834720781	0.6698069309442936	0.015344864694307944	-1	0.0	0.10408342668369026	0.009024123770750486	0.22880522670155856	0.4565022607216783	0.0906181518214798	0.03376932930009352	0.09967940293895795
SEN0157_1-627	0.06158675563265478	0.18764089364919895	0.019765268336482456	0.5657235042606032	0.11942829137799821	-1	0.10408342668369026	0.0	0.09505930291293978	0.12472180001786831	0.35241883403798807	0.013465274862210469	0.13785275598378377	0.0044040237447323105
ERS227112_02457_1-632	0.033472547280284995	0.09258159073625918	0.07529403457645732	0.6607828071735431	0.02436898846505843	-1	0.009024123770750486	0.09505930291293978	0.0	0.2197811029308081	0.44747813695092786	0.08159402805072931	0.042793453070844006	0.09065527916820747
ROD_01211_1-536	0.1863085556505231	0.31236269366706726	0.14448706835435077	0.441001704242735	0.24415009139586652	-1	0.22880522670155856	0.12472180001786831	0.2197811029308081	0.0	0.22769703402011976	0.13818707488007878	0.2625745560016521	0.12912582376260062
CS17_00125_1-630	0.4140055896706428	0.540059727687187	0.3721841023744705	0.21330467022261523	0.4718471254159863	-1	0.4565022607216783	0.35241883403798807	0.44747813695092786	0.22769703402011976	0.0	0.3658841089001985	0.49027159002177184	0.3568228577827204
STMMW_01591_1-629	0.048121480770444314	0.1741756187869885	0.0062999934742719865	0.5791887791228137	0.10596301651578774	-1	0.0906181518214798	0.013465274862210469	0.08159402805072931	0.13818707488007878	0.3658841089001985	0.0	0.12438748112157332	0.009061251117478158
NCTC13441_03866_1-630	0.076266000351129	0.04978813766541518	0.11808748764730133	0.7035762602443871	0.018424464605785576	-1	0.03376932930009352	0.13785275598378377	0.042793453070844006	0.2625745560016521	0.49027159002177184	0.12438748112157332	0.0	0.13344873223905146
Ecoli9000q_41660_1-630	0.05718273188792247	0.18323686990446664	0.015361244591750145	0.5701275280053356	0.1150242676332659	-1	0.09967940293895795	0.0044040237447323105	0.09065527916820747	0.12912582376260062	0.3568228577827204	0.009061251117478158	0.13344873223905146	0.0
