STM_MW24441_1-332	0.0	0.1189573427894638	0.1691970745204764	-1	0.24252782456450417	0.33717843889650045	0.17039058342205282	0.12864346358635004	0.009636472606409319	0.303007695431052	0.034251766955614826	0.3148162126812888	0.00959398676051526
NCTC13441_01309_1-332	0.1189573427894638	0.0	0.2881544173099402	-1	0.36148516735396796	0.45613578168596425	0.2893479262115166	0.24760080637581383	0.1285938153958731	0.4219650382205158	0.08470557583384897	0.4337735554707526	0.12855132954997905
ERS227112_03823_1-332	0.1691970745204764	0.2881544173099402	0.0	-1	0.07333075004402778	0.16798136437602407	0.0011935089015764344	0.04055361093412635	0.15956060191406707	0.1338106209105756	0.2034488414760912	0.1456191381608124	0.15960308775996113
b2410_1-332	-1	-1	-1	-1	-1	-1	-1	-1	-1	-1	-1	-1	-1
CS17_02698_1-332	0.24252782456450417	0.36148516735396796	0.07333075004402778	-1	0.0	0.09465061433199629	0.07213724114245135	0.11388436097815413	0.23289135195809485	0.060479870866547825	0.276779591520119	0.07228838811678462	0.2329338378039889
ROD_23681_1-332	0.33717843889650045	0.45613578168596425	0.16798136437602407	-1	0.09465061433199629	0.0	0.16678785547444763	0.20853497531015042	0.32754196629009114	0.03417074346544846	0.3714302058521153	0.022362226215211667	0.3275844521359852
BN373_34141_1-332	0.17039058342205282	0.2893479262115166	0.0011935089015764344	-1	0.07213724114245135	0.16678785547444763	0.0	0.041747119835702784	0.1607541108156435	0.13261711200899917	0.20464235037766765	0.14442562925923597	0.16079659666153756
SL1344_2388_1-332	0.12864346358635004	0.24760080637581383	0.04055361093412635	-1	0.11388436097815413	0.20853497531015042	0.041747119835702784	0.0	0.11900699097994072	0.17436423184470196	0.16289523054196486	0.18617274909493875	0.11904947682583478
SEN2406_1-332	0.009636472606409319	0.1285938153958731	0.15956060191406707	-1	0.23289135195809485	0.32754196629009114	0.1607541108156435	0.11900699097994072	0.0	0.2933712228246427	0.043888239562024145	0.30517974007487947	4.2485845894058016e-05
ENC_38460_1-331	0.303007695431052	0.4219650382205158	0.1338106209105756	-1	0.060479870866547825	0.03417074346544846	0.13261711200899917	0.17436423184470196	0.2933712228246427	0.0	0.3372594623866668	0.011808517250236794	0.29341370867053673
STMMW_24441_1-332	0.034251766955614826	0.08470557583384897	0.2034488414760912	-1	0.276779591520119	0.3714302058521153	0.20464235037766765	0.16289523054196486	0.043888239562024145	0.3372594623866668	0.0	0.3490679796369036	0.04384575371613009
ETEC_2522_1-332	0.3148162126812888	0.4337735554707526	0.1456191381608124	-1	0.07228838811678462	0.022362226215211667	0.14442562925923597	0.18617274909493875	0.30517974007487947	0.011808517250236794	0.3490679796369036	0.0	0.3052222259207735
t0432_1-332	0.00959398676051526	0.12855132954997905	0.15960308775996113	-1	0.2329338378039889	0.3275844521359852	0.16079659666153756	0.11904947682583478	4.2485845894058016e-05	0.29341370867053673	0.04384575371613009	0.3052222259207735	0.0
