b3983_1-142	-1	-1	-1	-1	-1	-1	-1	-1	-1	-1	-1	-1	-1	-1
CS17_04444_1-142	-1	0.0	0.15851768429293453	0.05281512395146577	0.08429374686775705	0.15851768429293453	0.15851768429293453	0.1352909415404231	0.02440533152115354	0.017780243991244726	0.13099686367277158	0.15851768429293453	0.15851768429293453	0.15851768429293453
BN373_49761_1-142	-1	0.15851768429293453	0.0	0.10570256034146876	0.07422393742517748	0.0	0.0	0.02322674275251143	0.18292301581408807	0.1407374403016898	0.027520820620162957	0.0	0.0	0.0
NCTC13441_04513_1-142	-1	0.05281512395146577	0.10570256034146876	0.0	0.03147862291629128	0.10570256034146876	0.10570256034146876	0.08247581758895733	0.07722045547261931	0.035034879960221046	0.07818173972130579	0.10570256034146876	0.10570256034146876	0.10570256034146876
STMMW_41021_1-142	-1	0.08429374686775705	0.07422393742517748	0.03147862291629128	0.0	0.07422393742517748	0.07422393742517748	0.05099719467266605	0.10869907838891059	0.06651350287651232	0.04670311680501452	0.07422393742517748	0.07422393742517748	0.07422393742517748
ENC_01430_1-142	-1	0.15851768429293453	0.0	0.10570256034146876	0.07422393742517748	0.0	0.0	0.02322674275251143	0.18292301581408807	0.1407374403016898	0.027520820620162957	0.0	0.0	0.0
STM_MW41021_1-142	-1	0.15851768429293453	0.0	0.10570256034146876	0.07422393742517748	0.0	0.0	0.02322674275251143	0.18292301581408807	0.1407374403016898	0.027520820620162957	0.0	0.0	0.0
t3478_1-142	-1	0.1352909415404231	0.02322674275251143	0.08247581758895733	0.05099719467266605	0.02322674275251143	0.02322674275251143	0.0	0.15969627306157663	0.11751069754917837	0.004294077867651527	0.02322674275251143	0.02322674275251143	0.02322674275251143
SEN3933_1-142	-1	0.02440533152115354	0.18292301581408807	0.07722045547261931	0.10869907838891059	0.18292301581408807	0.18292301581408807	0.15969627306157663	0.0	0.042185575512398266	0.15540219519392512	0.18292301581408807	0.18292301581408807	0.18292301581408807
SL1344_4088_1-142	-1	0.017780243991244726	0.1407374403016898	0.035034879960221046	0.06651350287651232	0.1407374403016898	0.1407374403016898	0.11751069754917837	0.042185575512398266	0.0	0.11321661968152685	0.1407374403016898	0.1407374403016898	0.1407374403016898
ROD_37691_1-142	-1	0.13099686367277158	0.027520820620162957	0.07818173972130579	0.04670311680501452	0.027520820620162957	0.027520820620162957	0.004294077867651527	0.15540219519392512	0.11321661968152685	0.0	0.027520820620162957	0.027520820620162957	0.027520820620162957
ERS227112_01830_1-142	-1	0.15851768429293453	0.0	0.10570256034146876	0.07422393742517748	0.0	0.0	0.02322674275251143	0.18292301581408807	0.1407374403016898	0.027520820620162957	0.0	0.0	0.0
Ecoli9000q_36060_1-126	-1	0.15851768429293453	0.0	0.10570256034146876	0.07422393742517748	0.0	0.0	0.02322674275251143	0.18292301581408807	0.1407374403016898	0.027520820620162957	0.0	0.0	0.0
ETEC_4242_1-142	-1	0.15851768429293453	0.0	0.10570256034146876	0.07422393742517748	0.0	0.0	0.02322674275251143	0.18292301581408807	0.1407374403016898	0.027520820620162957	0.0	0.0	0.0
