STMMW_20101_1-204	0.0	0.08611644530480433	0.10022375586711174	0.19097258731986033	0.5088122188487001	0.13177249626519483	0.11178126352446238	0.2857908508037258	0.10072789319373354	0.3827683149037824	0.6441653914803207
t1899_1-204	0.08611644530480433	0.0	0.014107310562307407	0.27708903262466467	0.42269577354389576	0.21788894156999916	0.19789770882926672	0.19967440549892146	0.18684433849853788	0.29665186959897805	0.5580489461755164
SEN1943_1-205	0.10022375586711174	0.014107310562307407	0.0	0.2911963431869721	0.40858846298158835	0.23199625213230657	0.21200501939157412	0.18556709493661405	0.20095164906084528	0.28254455903667064	0.543941635613209
STM_MW20091_1-205	0.19097258731986033	0.27708903262466467	0.2911963431869721	0.0	0.6997848061685604	0.059200091054665505	0.07919132379539795	0.4767634381235861	0.09024469412612679	0.5737409022236427	0.835137978800181
BN373_33721_1-209	0.5088122188487001	0.42269577354389576	0.40858846298158835	0.6997848061685604	0.0	0.6405847151138949	0.6205934823731625	0.2230213680449743	0.6095401120424336	0.1260439039449177	0.1353531726316206
ERS227112_03744_1-210	0.13177249626519483	0.21788894156999916	0.23199625213230657	0.059200091054665505	0.6405847151138949	0.0	0.019991232740732445	0.4175633470689206	0.031044603071461285	0.5145408111689772	0.7759378877455155
STM_MW20101_1-211	0.11178126352446238	0.19789770882926672	0.21200501939157412	0.07919132379539795	0.6205934823731625	0.019991232740732445	0.0	0.3975721143281882	0.01105337033072884	0.49454957842824476	0.7559466550047831
SL1344_1956_1-204	0.2857908508037258	0.19967440549892146	0.18556709493661405	0.4767634381235861	0.2230213680449743	0.4175633470689206	0.3975721143281882	0.0	0.38651874399745934	0.09697746410005659	0.3583745406765949
ERS227112_05540_1-210	0.10072789319373354	0.18684433849853788	0.20095164906084528	0.09024469412612679	0.6095401120424336	0.031044603071461285	0.01105337033072884	0.38651874399745934	0.0	0.4834962080975159	0.7448932846740542
ETEC_2613_1-208	0.3827683149037824	0.29665186959897805	0.28254455903667064	0.5737409022236427	0.1260439039449177	0.5145408111689772	0.49454957842824476	0.09697746410005659	0.4834962080975159	0.0	0.2613970765765383
ETEC_4330_1-204	0.6441653914803207	0.5580489461755164	0.543941635613209	0.835137978800181	0.1353531726316206	0.7759378877455155	0.7559466550047831	0.3583745406765949	0.7448932846740542	0.2613970765765383	0.0
