SL1344_2500_1-111	0.0	0.631735320075232	-1	0.331964640250093	0.061244866192602054	0.8112755221357874	0.529030169565185	0.48821013783252304	0.25013916983347806	0.851854541658392	0.3003829867043679	0.26699761154827006	0.28949434406726793
NCTC13441_01211_1-111	0.631735320075232	0.0	-1	0.29977067982513905	0.57049045388263	0.1795402020605553	0.10270515051004703	0.143525182242709	0.8818744899087101	0.22011922158316	0.9321183067796	0.36473770852696197	0.9212296641425
b2525_1-111	-1	-1	-1	-1	-1	-1	-1	-1	-1	-1	-1	-1	-1
CS17_02811_1-111	0.331964640250093	0.29977067982513905	-1	0.0	0.2707197740574909	0.4793108818856944	0.19706552931509203	0.15624549758243006	0.582103810083571	0.519889901408299	0.6323476269544609	0.06496702870182292	0.6214589843173609
SEN2518_1-111	0.061244866192602054	0.57049045388263	-1	0.2707197740574909	0.0	0.7500306559431853	0.46778530337258295	0.426965271639921	0.3113840360260801	0.79060967546579	0.36162785289696997	0.205752745355668	0.35073921025987
STMMW_25551_1-111	0.8112755221357874	0.1795402020605553	-1	0.4793108818856944	0.7500306559431853	0.0	0.28224535257060235	0.32306538430326426	1.0614146919692653	0.0405790195226047	1.1116585088401552	0.5442779105875173	1.1007698662030552
ETEC_2682_1-111	0.529030169565185	0.10270515051004703	-1	0.19706552931509203	0.46778530337258295	0.28224535257060235	0.0	0.040820031732661965	0.7791693393986631	0.322824372093207	0.8294131562695529	0.26203255801691494	0.8185245136324529
t0318_1-111	0.48821013783252304	0.143525182242709	-1	0.15624549758243006	0.426965271639921	0.32306538430326426	0.040820031732661965	0.0	0.738349307666001	0.363644403825869	0.7885931245368909	0.22121252628425297	0.7777044818997909
ENC_37290_1-111	0.25013916983347806	0.8818744899087101	-1	0.582103810083571	0.3113840360260801	1.0614146919692653	0.7791693393986631	0.738349307666001	0.0	1.10199371149187	0.05024381687088986	0.5171367813817481	0.03935517423378987
ERS227112_00059_1-111	0.851854541658392	0.22011922158316	-1	0.519889901408299	0.79060967546579	0.0405790195226047	0.322824372093207	0.363644403825869	1.10199371149187	0.0	1.15223752836276	0.584856930110122	1.14134888572566
ROD_24691_1-111	0.3003829867043679	0.9321183067796	-1	0.6323476269544609	0.36162785289696997	1.1116585088401552	0.8294131562695529	0.7885931245368909	0.05024381687088986	1.15223752836276	0.0	0.567380598252638	0.010888642637099988
STM_MW25551_1-111	0.26699761154827006	0.36473770852696197	-1	0.06496702870182292	0.205752745355668	0.5442779105875173	0.26203255801691494	0.22121252628425297	0.5171367813817481	0.584856930110122	0.567380598252638	0.0	0.556491955615538
BN373_35141_1-111	0.28949434406726793	0.9212296641425	-1	0.6214589843173609	0.35073921025987	1.1007698662030552	0.8185245136324529	0.7777044818997909	0.03935517423378987	1.14134888572566	0.010888642637099988	0.556491955615538	0.0
