ERS227112_00385_1-146	0.0	3.925225109132101	-1	4.72322855857363	3.9190877017359718	4.369400835360887	-1	4.928992257622668	3.7620729058124356	2.5321279759762376	3.0615438743963517	4.53613161917923	4.567688829862908	4.762939060713585	3.757623798947419	4.989419450856734	3.3708309502204314	4.203070885866613	4.101377043616545	4.148775276491892	3.8561056953533805	5.134501227507456	3.234826723971243	3.8735178957207146	4.365404455524056	-1	1.699805450461624	3.959309252956518	1.652168259351054	4.775738913720624	3.953052574468388	3.930161103466026	4.698206076876123	4.192647037919016	4.752343156574527	4.067413148070066
NCTC13441_04099_1-144	3.925225109132101	0.0	-1	0.7980034494415287	0.006137407396129113	0.4441757262287861	-1	1.0037671484905677	0.16315220331966485	1.393097133155863	0.863681234735749	0.6109065100471288	0.6424637207308067	0.8377139515814839	0.16760131018468183	1.0641943417246336	0.5543941589116692	0.2778457767345127	0.17615193448444488	0.22355016735979172	0.06911941377872033	1.2092761183753553	0.6903983851608579	0.051707213411386066	0.4401793463919552	-1	2.225419658670477	0.03408414382441771	2.273056849781047	0.8505138045885232	0.027827465336287105	0.004935994333925109	0.7729809677440221	0.2674219287869155	0.8271180474424262	0.14218803893796506
b2934_1-147	-1	-1	-1	-1	-1	-1	-1	-1	-1	-1	-1	-1	-1	-1	-1	-1	-1	-1	-1	-1	-1	-1	-1	-1	-1	-1	-1	-1	-1	-1	-1	-1	-1	-1	-1	-1
ETEC_3126_1-147	4.72322855857363	0.7980034494415287	-1	0.0	0.8041408568376578	0.35382772321274264	-1	0.20576369904903896	0.9611556527611935	2.1911005825973917	1.6616846841772777	0.18709693939439992	0.15553972871072202	0.03971050213995514	0.9656047596262105	0.2661908922831048	1.3523976083531979	0.5201576727070161	0.6218515149570838	0.574453282081737	0.867122863220249	0.4112726689338267	1.4884018346023866	0.8497106628529147	0.3578241030495735	-1	3.0234231081120053	0.763919305617111	3.0710602992225753	0.052510355146994425	0.7701759841052416	0.7930674551076036	0.025022481697506593	0.5305815206546132	0.02911459800089755	0.6558154105035636
CS17_04674_1-154	3.9190877017359718	0.006137407396129113	-1	0.8041408568376578	0.0	0.4503131336249152	-1	1.0099045558866968	0.15701479592353573	1.386959725759734	0.8575438273396199	0.6170439174432579	0.6486011281269358	0.843851358977613	0.16146390278855272	1.0703317491207627	0.5482567515155401	0.28398318413064183	0.182289341880574	0.22968757475592083	0.06298200638259122	1.2154135257714844	0.6842609777647288	0.04556980601525695	0.44631675378808433	-1	2.2192822512743478	0.040221551220546825	2.2669194423849177	0.8566512119846523	0.03396487273241622	0.011073401730054222	0.7791183751401513	0.2735593361830446	0.8332554548385553	0.14832544633409417
SL1344_1546_1-144	4.369400835360887	0.4441757262287861	-1	0.35382772321274264	0.4503131336249152	0.0	-1	0.5595914222617816	0.6073279295484509	1.8372728593846492	1.3078569609645352	0.16673078381834272	0.19828799450202061	0.3935382253526978	0.6117770364134679	0.6200186154958474	0.9985698851404553	0.16632994949427338	0.2680237917443412	0.22062555886899438	0.5132951400075064	0.7651003921465693	1.134574111389644	0.49588293964017216	0.003996379836830877	-1	2.669595384899263	0.4100915824043684	2.717232576009833	0.40633807835973706	0.416348260892499	0.439239731894861	0.32880524151523605	0.17675379744187059	0.3829423212136402	0.30198768729082104
b4302_1-143	-1	-1	-1	-1	-1	-1	-1	-1	-1	-1	-1	-1	-1	-1	-1	-1	-1	-1	-1	-1	-1	-1	-1	-1	-1	-1	-1	-1	-1	-1	-1	-1	-1	-1	-1	-1
STM_MW16111_1-145	4.928992257622668	1.0037671484905677	-1	0.20576369904903896	1.0099045558866968	0.5595914222617816	-1	0.0	1.1669193518102325	2.3968642816464305	1.8674483832263167	0.3928606384434389	0.361303427759761	0.16605319690908382	1.1713684586752495	0.06042719323406581	1.558161307402237	0.725921371756055	0.8276152140061228	0.780216981130776	1.072886562269288	0.20550896988478773	1.6941655336514256	1.0554743619019538	0.5635878020986125	-1	3.229186807161044	0.96968300466615	3.276823998271614	0.15325334390204454	0.9759396831542806	0.9988311541566426	0.23078618074654556	0.7363452197036522	0.1766491010481414	0.8615791095526026
ENC_42930_1-154	3.7620729058124356	0.16315220331966485	-1	0.9611556527611935	0.15701479592353573	0.6073279295484509	-1	1.1669193518102325	0.0	1.2299449298361982	0.7005290314160841	0.7740587133667937	0.8056159240504716	1.0008661549011486	0.004449106865016983	1.2273465450442984	0.39124195559200436	0.44099798005417756	0.33930413780410973	0.38670237067945656	0.09403278954094452	1.3724283216950202	0.5272461818411931	0.11144498990827878	0.6033315497116201	-1	2.0622674553508116	0.19723634714408256	2.1099046464613815	1.013666007908188	0.19097966865595195	0.16808819765358995	0.936133171063687	0.43057413210658035	0.9902702507620911	0.3053402422576299
t0520_1-147	2.5321279759762376	1.393097133155863	-1	2.1911005825973917	1.386959725759734	1.8372728593846492	-1	2.3968642816464305	1.2299449298361982	0.0	0.529415898420114	2.0040036432029917	2.0355608538866696	2.230811084737347	1.2254958229711812	2.4572914748804964	0.8387029742441938	1.6709429098903756	1.569249067640308	1.6166473005156548	1.3239777193771427	2.6023732515312186	0.7026987479950051	1.341389919744477	1.8332764795478182	-1	0.8323225255146136	1.4271812769802807	0.8799597166251836	2.243610937744386	1.4209245984921501	1.3980331274897881	2.166078100899885	1.6605190619427785	2.2202151805982893	1.535285172093828
STM_MW23661_1-148	3.0615438743963517	0.863681234735749	-1	1.6616846841772777	0.8575438273396199	1.3078569609645352	-1	1.8674483832263167	0.7005290314160841	0.529415898420114	0.0	1.4745877447828777	1.5061449554665556	1.701395186317233	0.6960799245510672	1.9278755764603825	0.30928707582407977	1.1415270114702616	1.0398331692201939	1.0872314020955407	0.7945618209570287	2.0729573531111045	0.17328284957489104	0.8119740213243629	1.3038605811277042	-1	1.3617384239347277	0.8977653785601667	1.4093756150452976	1.7141950393242722	0.8915087000720361	0.8686172290696741	1.636662202479771	1.1311031635226645	1.6907992821781752	1.005869273673714
Ecoli9000q_38530_1-154	4.53613161917923	0.6109065100471288	-1	0.18709693939439992	0.6170439174432579	0.16673078381834272	-1	0.3928606384434389	0.7740587133667937	2.0040036432029917	1.4745877447828777	0.0	0.031557210683677894	0.22680744153435506	0.7785078202318106	0.4532878316775047	1.165300668958798	0.3330607333126161	0.43475457556268393	0.3873563426873371	0.6800259238258491	0.5983696083282266	1.3013048952079869	0.6626137234585149	0.1707271636551736	-1	2.8363261687176053	0.5768223662227111	2.8839633598281753	0.23960729454139434	0.5830790447108417	0.6059705157132037	0.16207445769689333	0.3434845812602133	0.21621153739529747	0.46871847110916376
ROD_32491_1-154	4.567688829862908	0.6424637207308067	-1	0.15553972871072202	0.6486011281269358	0.19828799450202061	-1	0.361303427759761	0.8056159240504716	2.0355608538866696	1.5061449554665556	0.031557210683677894	0.0	0.19525023085067716	0.8100650309154885	0.4217306209938268	1.1968578796424758	0.364617943996294	0.4663117862463618	0.418913553371015	0.711583134509527	0.5668123976445487	1.3328621058916648	0.6941709341421928	0.2022843743388515	-1	2.8678833794012832	0.608379576906389	2.915520570511853	0.20805008385771645	0.6146362553945196	0.6375277263968816	0.13051724701321543	0.3750417919438912	0.18465432671161958	0.5002756817928417
STMMW_16111_1-144	4.762939060713585	0.8377139515814839	-1	0.03971050213995514	0.843851358977613	0.3935382253526978	-1	0.16605319690908382	1.0008661549011486	2.230811084737347	1.701395186317233	0.22680744153435506	0.19525023085067716	0.0	1.0053152617661656	0.22648039014314963	1.3921081104931532	0.5598681748469712	0.661562017097039	0.6141637842216922	0.9068333653602042	0.37156216679387155	1.5281123367423417	0.8894211649928699	0.39753460518952866	-1	3.0631336102519606	0.8036298077570662	3.1107708013625306	0.012799853007039286	0.8098864862451968	0.8327779572475588	0.06473298383746173	0.5702920227945684	0.010595904139057588	0.6955259126435188
SL1344_2313_1-147	3.757623798947419	0.16760131018468183	-1	0.9656047596262105	0.16146390278855272	0.6117770364134679	-1	1.1713684586752495	0.004449106865016983	1.2254958229711812	0.6960799245510672	0.7785078202318106	0.8100650309154885	1.0053152617661656	0.0	1.2317956519093154	0.3867928487269874	0.44544708691919455	0.3437532446691267	0.39115147754447355	0.0984818964059615	1.3768774285600371	0.5227970749761761	0.11589409677329576	0.607780656576637	-1	2.057818348485795	0.20168545400909954	2.105455539596365	1.018115114773205	0.19542877552096893	0.17253730451860694	0.940582277928704	0.43502323897159734	0.9947193576271081	0.3097893491226469
ROD_09641_1-147	4.989419450856734	1.0641943417246336	-1	0.2661908922831048	1.0703317491207627	0.6200186154958474	-1	0.06042719323406581	1.2273465450442984	2.4572914748804964	1.9278755764603825	0.4532878316775047	0.4217306209938268	0.22648039014314963	1.2317956519093154	0.0	1.6185885006363028	0.7863485649901207	0.8880424072401887	0.8406441743648418	1.133313755503354	0.14508177665072192	1.7545927268854915	1.1159015551360196	0.6240149953326783	-1	3.28961400039511	1.0301101979002159	3.33725119150568	0.21368053713611035	1.0363668763883465	1.0592583473907085	0.29121337398061137	0.796772412937718	0.23707629428220722	0.9220063027866685
SEN2326_1-147	3.3708309502204314	0.5543941589116692	-1	1.3523976083531979	0.5482567515155401	0.9985698851404553	-1	1.558161307402237	0.39124195559200436	0.8387029742441938	0.30928707582407977	1.165300668958798	1.1968578796424758	1.3921081104931532	0.3867928487269874	1.6185885006363028	0.0	0.8322399356461819	0.7305460933961141	0.7779443262714609	0.4852747451329489	1.7636702772870247	0.13600422624918873	0.5026869455002831	0.9945735053036244	-1	1.6710254997588074	0.5884783027360869	1.7186626908693774	1.4049079635001924	0.5822216242479563	0.5593301532455943	1.3273751266556912	0.8218160876985847	1.3815122063540954	0.6965821978496343
NCTC13441_04258_1-154	4.203070885866613	0.2778457767345127	-1	0.5201576727070161	0.28398318413064183	0.16632994949427338	-1	0.725921371756055	0.44099798005417756	1.6709429098903756	1.1415270114702616	0.3330607333126161	0.364617943996294	0.5598681748469712	0.44544708691919455	0.7863485649901207	0.8322399356461819	0.0	0.10169384225006783	0.054295609374721	0.34696519051323305	0.9314303416408427	0.9682441618953707	0.3295529901458988	0.1623335696574425	-1	2.5032654354049892	0.243761632910095	2.550902626515559	0.5726680278540104	0.2500183113982256	0.2729097824005876	0.4951351910095094	0.010423847947597209	0.5492722707079136	0.13565773779654766
BN373_23231_1-145	4.101377043616545	0.17615193448444488	-1	0.6218515149570838	0.182289341880574	0.2680237917443412	-1	0.8276152140061228	0.33930413780410973	1.569249067640308	1.0398331692201939	0.43475457556268393	0.4663117862463618	0.661562017097039	0.3437532446691267	0.8880424072401887	0.7305460933961141	0.10169384225006783	0.0	0.047398232875346835	0.2452713482631652	1.0331241838909104	0.8665503196453028	0.22785914789583095	0.26402741190751033	-1	2.4015715931549213	0.14206779066002717	2.4492087842654913	0.6743618701040783	0.14832446914815778	0.17121594015051977	0.5968290332595773	0.09126999430247063	0.6509661129579813	0.03396389554647983
ETEC_4541_1-154	4.148775276491892	0.22355016735979172	-1	0.574453282081737	0.22968757475592083	0.22062555886899438	-1	0.780216981130776	0.38670237067945656	1.6166473005156548	1.0872314020955407	0.3873563426873371	0.418913553371015	0.6141637842216922	0.39115147754447355	0.8406441743648418	0.7779443262714609	0.054295609374721	0.047398232875346835	0.0	0.29266958113851205	0.9857259510155637	0.9139485525206497	0.2752573807711778	0.2166291790321635	-1	2.448969826030268	0.189466023535374	2.496607017140838	0.6269636372287315	0.1957227020235046	0.2186141730258666	0.5494308003842304	0.04387176142712379	0.6035678800826345	0.08136212842182666
STMMW_43291_1-154	3.8561056953533805	0.06911941377872033	-1	0.867122863220249	0.06298200638259122	0.5132951400075064	-1	1.072886562269288	0.09403278954094452	1.3239777193771427	0.7945618209570287	0.6800259238258491	0.711583134509527	0.9068333653602042	0.0984818964059615	1.133313755503354	0.4852747451329489	0.34696519051323305	0.2452713482631652	0.29266958113851205	0.0	1.2783955321540756	0.6212789713821376	0.017412200367334263	0.5092987601706755	-1	2.1563002448917565	0.10320355760313804	2.2039374360023265	0.9196332183672435	0.09694687911500743	0.07405540811264544	0.8421003815227425	0.33654134256563584	0.8962374612211466	0.21130745271668538
CS17_03297_1-148	5.134501227507456	1.2092761183753553	-1	0.4112726689338267	1.2154135257714844	0.7651003921465693	-1	0.20550896988478773	1.3724283216950202	2.6023732515312186	2.0729573531111045	0.5983696083282266	0.5668123976445487	0.37156216679387155	1.3768774285600371	0.14508177665072192	1.7636702772870247	0.9314303416408427	1.0331241838909104	0.9857259510155637	1.2783955321540756	0.0	1.8996745035362133	1.2609833317867416	0.7690967719834002	-1	3.434695777045832	1.1751919745509376	3.482332968156402	0.35876231378683227	1.1814486530390682	1.2043401240414302	0.4362951506313333	0.9418541895884399	0.38215807093292914	1.0670880794373905
ROD_27051_1-147	3.234826723971243	0.6903983851608579	-1	1.4884018346023866	0.6842609777647288	1.134574111389644	-1	1.6941655336514256	0.5272461818411931	0.7026987479950051	0.17328284957489104	1.3013048952079869	1.3328621058916648	1.5281123367423417	0.5227970749761761	1.7545927268854915	0.13600422624918873	0.9682441618953707	0.8665503196453028	0.9139485525206497	0.6212789713821376	1.8996745035362133	0.0	0.6386911717494719	1.1305777315528132	-1	1.5350212735096187	0.7244825289852757	1.5826584646201887	1.5409121897493812	0.718225850497145	0.695334379494783	1.4633793529048802	0.9578203139477734	1.5175164326032842	0.832586424098823
STM_MW43291_1-154	3.8735178957207146	0.051707213411386066	-1	0.8497106628529147	0.04556980601525695	0.49588293964017216	-1	1.0554743619019538	0.11144498990827878	1.341389919744477	0.8119740213243629	0.6626137234585149	0.6941709341421928	0.8894211649928699	0.11589409677329576	1.1159015551360196	0.5026869455002831	0.3295529901458988	0.22785914789583095	0.2752573807711778	0.017412200367334263	1.2609833317867416	0.6386911717494719	0.0	0.4918865598033413	-1	2.1737124452590906	0.08579135723580378	2.2213496363696605	0.9022210179999093	0.07953467874767317	0.056643207745311175	0.8246881811554082	0.3191291421983016	0.8788252608538123	0.19389525234935112
NCTC13441_00818_1-148	4.365404455524056	0.4401793463919552	-1	0.3578241030495735	0.44631675378808433	0.003996379836830877	-1	0.5635878020986125	0.6033315497116201	1.8332764795478182	1.3038605811277042	0.1707271636551736	0.2022843743388515	0.39753460518952866	0.607780656576637	0.6240149953326783	0.9945735053036244	0.1623335696574425	0.26402741190751033	0.2166291790321635	0.5092987601706755	0.7690967719834002	1.1305777315528132	0.4918865598033413	0.0	-1	2.6655990050624316	0.4060952025675375	2.7132361961730016	0.41033445819656794	0.4123518810556681	0.4352433520580301	0.3328016213520669	0.1727574176050397	0.38693870105047107	0.29799130745399016
b4195_1-154	-1	-1	-1	-1	-1	-1	-1	-1	-1	-1	-1	-1	-1	-1	-1	-1	-1	-1	-1	-1	-1	-1	-1	-1	-1	-1	-1	-1	-1	-1	-1	-1	-1	-1	-1	-1
BN373_48301_1-145	1.699805450461624	2.225419658670477	-1	3.0234231081120053	2.2192822512743478	2.669595384899263	-1	3.229186807161044	2.0622674553508116	0.8323225255146136	1.3617384239347277	2.8363261687176053	2.8678833794012832	3.0631336102519606	2.057818348485795	3.28961400039511	1.6710254997588074	2.5032654354049892	2.4015715931549213	2.448969826030268	2.1563002448917565	3.434695777045832	1.5350212735096187	2.1737124452590906	2.6655990050624316	-1	0.0	2.259503802494894	0.047637191110569965	3.0759334632589996	2.253247124006764	2.230355653004402	2.9984006264144987	2.4928415874573924	3.052537706112903	2.3676076976084417
STMMW_23661_1-147	3.959309252956518	0.03408414382441771	-1	0.763919305617111	0.040221551220546825	0.4100915824043684	-1	0.96968300466615	0.19723634714408256	1.4271812769802807	0.8977653785601667	0.5768223662227111	0.608379576906389	0.8036298077570662	0.20168545400909954	1.0301101979002159	0.5884783027360869	0.243761632910095	0.14206779066002717	0.189466023535374	0.10320355760313804	1.1751919745509376	0.7244825289852757	0.08579135723580378	0.4060952025675375	-1	2.259503802494894	0.0	2.307140993605464	0.8164296607641055	0.006256678488130607	0.029148149490492603	0.7388968239196044	0.2333377849624978	0.7930339036180085	0.10810389511354734
ERS227112_04918_1-146	1.652168259351054	2.273056849781047	-1	3.0710602992225753	2.2669194423849177	2.717232576009833	-1	3.276823998271614	2.1099046464613815	0.8799597166251836	1.4093756150452976	2.8839633598281753	2.915520570511853	3.1107708013625306	2.105455539596365	3.33725119150568	1.7186626908693774	2.550902626515559	2.4492087842654913	2.496607017140838	2.2039374360023265	3.482332968156402	1.5826584646201887	2.2213496363696605	2.7132361961730016	-1	0.047637191110569965	2.307140993605464	0.0	3.1235706543695696	2.300884315117334	2.277992844114972	3.0460378175250686	2.5404787785679623	3.100174897223473	2.4152448887190117
SEN1440_1-144	4.775738913720624	0.8505138045885232	-1	0.052510355146994425	0.8566512119846523	0.40633807835973706	-1	0.15325334390204454	1.013666007908188	2.243610937744386	1.7141950393242722	0.23960729454139434	0.20805008385771645	0.012799853007039286	1.018115114773205	0.21368053713611035	1.4049079635001924	0.5726680278540104	0.6743618701040783	0.6269636372287315	0.9196332183672435	0.35876231378683227	1.5409121897493812	0.9022210179999093	0.41033445819656794	-1	3.0759334632589996	0.8164296607641055	3.1235706543695696	0.0	0.8226863392522361	0.8455778102545981	0.07753283684450102	0.5830918758016077	0.023395757146096874	0.7083257656505582
SL1344_4318_1-154	3.953052574468388	0.027827465336287105	-1	0.7701759841052416	0.03396487273241622	0.416348260892499	-1	0.9759396831542806	0.19097966865595195	1.4209245984921501	0.8915087000720361	0.5830790447108417	0.6146362553945196	0.8098864862451968	0.19542877552096893	1.0363668763883465	0.5822216242479563	0.2500183113982256	0.14832446914815778	0.1957227020235046	0.09694687911500743	1.1814486530390682	0.718225850497145	0.07953467874767317	0.4123518810556681	-1	2.253247124006764	0.006256678488130607	2.300884315117334	0.8226863392522361	0.0	0.022891471002361996	0.745153502407735	0.2395944634506284	0.7992905821061391	0.11436057360167795
BN373_01991_1-154	3.930161103466026	0.004935994333925109	-1	0.7930674551076036	0.011073401730054222	0.439239731894861	-1	0.9988311541566426	0.16808819765358995	1.3980331274897881	0.8686172290696741	0.6059705157132037	0.6375277263968816	0.8327779572475588	0.17253730451860694	1.0592583473907085	0.5593301532455943	0.2729097824005876	0.17121594015051977	0.2186141730258666	0.07405540811264544	1.2043401240414302	0.695334379494783	0.056643207745311175	0.4352433520580301	-1	2.230355653004402	0.029148149490492603	2.277992844114972	0.8455778102545981	0.022891471002361996	0.0	0.768044973410097	0.2624859344529904	0.8221820531085011	0.13725204460403995
t1525_1-144	4.698206076876123	0.7729809677440221	-1	0.025022481697506593	0.7791183751401513	0.32880524151523605	-1	0.23078618074654556	0.936133171063687	2.166078100899885	1.636662202479771	0.16207445769689333	0.13051724701321543	0.06473298383746173	0.940582277928704	0.29121337398061137	1.3273751266556912	0.4951351910095094	0.5968290332595773	0.5494308003842304	0.8421003815227425	0.4362951506313333	1.4633793529048802	0.8246881811554082	0.3328016213520669	-1	2.9984006264144987	0.7388968239196044	3.0460378175250686	0.07753283684450102	0.745153502407735	0.768044973410097	0.0	0.5055590389571066	0.054137079698404145	0.6307929288060571
ERS227112_02066_1-155	4.192647037919016	0.2674219287869155	-1	0.5305815206546132	0.2735593361830446	0.17675379744187059	-1	0.7363452197036522	0.43057413210658035	1.6605190619427785	1.1311031635226645	0.3434845812602133	0.3750417919438912	0.5702920227945684	0.43502323897159734	0.796772412937718	0.8218160876985847	0.010423847947597209	0.09126999430247063	0.04387176142712379	0.33654134256563584	0.9418541895884399	0.9578203139477734	0.3191291421983016	0.1727574176050397	-1	2.4928415874573924	0.2333377849624978	2.5404787785679623	0.5830918758016077	0.2395944634506284	0.2624859344529904	0.5055590389571066	0.0	0.5596961186555107	0.12523388984895045
t4436_1-154	4.752343156574527	0.8271180474424262	-1	0.02911459800089755	0.8332554548385553	0.3829423212136402	-1	0.1766491010481414	0.9902702507620911	2.2202151805982893	1.6907992821781752	0.21621153739529747	0.18465432671161958	0.010595904139057588	0.9947193576271081	0.23707629428220722	1.3815122063540954	0.5492722707079136	0.6509661129579813	0.6035678800826345	0.8962374612211466	0.38215807093292914	1.5175164326032842	0.8788252608538123	0.38693870105047107	-1	3.052537706112903	0.7930339036180085	3.100174897223473	0.023395757146096874	0.7992905821061391	0.8221820531085011	0.054137079698404145	0.5596961186555107	0.0	0.6849300085044612
SEN4151_1-154	4.067413148070066	0.14218803893796506	-1	0.6558154105035636	0.14832544633409417	0.30198768729082104	-1	0.8615791095526026	0.3053402422576299	1.535285172093828	1.005869273673714	0.46871847110916376	0.5002756817928417	0.6955259126435188	0.3097893491226469	0.9220063027866685	0.6965821978496343	0.13565773779654766	0.03396389554647983	0.08136212842182666	0.21130745271668538	1.0670880794373905	0.832586424098823	0.19389525234935112	0.29799130745399016	-1	2.3676076976084417	0.10810389511354734	2.4152448887190117	0.7083257656505582	0.11436057360167795	0.13725204460403995	0.6307929288060571	0.12523388984895045	0.6849300085044612	0.0
