STM_MW35391_12-344	0.0	0.0006048711546204899	0.18539684552627156	0.02481566046523187	0.09973455677095622	0.40344235150335095	0.10088531689123936	0.7650063635379722	0.9555350863114163	0.2711604249527302	0.9226878660202177	0.8754937977146124	-1	0.27955734925403175
SEN3373_12-344	0.0006048711546204899	0.0	0.18600171668089205	0.02421078931061138	0.09912968561633573	0.40404722265797144	0.10028044573661887	0.7644014923833518	0.9549302151567958	0.2717652961073507	0.9220829948655972	0.874888926559992	-1	0.27895247809941126
CS17_03800_1-293	0.18539684552627156	0.18600171668089205	0.0	0.21021250599150343	0.2851314022972278	0.2180455059770794	0.2862821624175109	0.9504032090642438	1.1409319318376878	0.08576357942645862	1.1080847115464891	1.060890643240884	-1	0.4649541947803033
STMMW_35391_12-344	0.02481566046523187	0.02421078931061138	0.21021250599150343	0.0	0.07491889630572435	0.4282580119685828	0.07606965642600749	0.7401907030727404	0.9307194258461844	0.29597608541796205	0.8978722055549858	0.8506781372493806	-1	0.2547416887887999
t3971_12-344	0.09973455677095622	0.09912968561633573	0.2851314022972278	0.07491889630572435	0.0	0.5031769082743072	0.0011507601202831452	0.665271806767016	0.85580052954046	0.3708949817236864	0.8229533092492615	0.7757592409436562	-1	0.17982279248307553
NCTC13441_00321_1-293	0.40344235150335095	0.40404722265797144	0.2180455059770794	0.4282580119685828	0.5031769082743072	0.0	0.5043276683945903	1.1684487150413232	1.3589774378147672	0.13228192655062077	1.3261302175235685	1.2789361492179634	-1	0.6829997007573827
SL1344_3516_12-344	0.10088531689123936	0.10028044573661887	0.2862821624175109	0.07606965642600749	0.0011507601202831452	0.5043276683945903	0.0	0.6641210466467329	0.8546497694201769	0.37204574184396955	0.8218025491289783	0.7746084808233731	-1	0.1786720323627924
BN373_23091_29-58	0.7650063635379722	0.7644014923833518	0.9504032090642438	0.7401907030727404	0.665271806767016	1.1684487150413232	0.6641210466467329	0.0	0.19052872277344396	1.0361667884907024	0.15768150248224544	0.11048743417664025	-1	0.4854490142839405
BN373_23091_62-358	0.9555350863114163	0.9549302151567958	1.1409319318376878	0.9307194258461844	0.85580052954046	1.3589774378147672	0.8546497694201769	0.19052872277344396	0.0	1.2266955112641464	0.03284722029119852	0.0800412885968037	-1	0.6759777370573845
ETEC_3629_1-292	0.2711604249527302	0.2717652961073507	0.08576357942645862	0.29597608541796205	0.3708949817236864	0.13228192655062077	0.37204574184396955	1.0361667884907024	1.2266955112641464	0.0	1.193848290972948	1.1466542226673426	-1	0.5507177742067619
ERS227112_04934_29-58	0.9226878660202177	0.9220829948655972	1.1080847115464891	0.8978722055549858	0.8229533092492615	1.3261302175235685	0.8218025491289783	0.15768150248224544	0.03284722029119852	1.193848290972948	0.0	0.047194068305605186	-1	0.6431305167661859
ERS227112_04934_62-358	0.8754937977146124	0.874888926559992	1.060890643240884	0.8506781372493806	0.7757592409436562	1.2789361492179634	0.7746084808233731	0.11048743417664025	0.0800412885968037	1.1466542226673426	0.047194068305605186	0.0	-1	0.5959364484605807
b3379_1-292	-1	-1	-1	-1	-1	-1	-1	-1	-1	-1	-1	-1	-1	-1
NCTC13441_01747_12-344	0.27955734925403175	0.27895247809941126	0.4649541947803033	0.2547416887887999	0.17982279248307553	0.6829997007573827	0.1786720323627924	0.4854490142839405	0.6759777370573845	0.5507177742067619	0.6431305167661859	0.5959364484605807	-1	0.0
