b0724_1-238	-1	-1	-1	-1	-1	-1	-1	-1	-1	-1	-1	-1	-1	-1	-1	-1	-1	-1	-1	-1	-1	-1	-1	-1	-1	-1
NCTC13441_03271_1-238	-1	0.0	0.32127917831696695	0.250666406814542	1.358679230658355	0.3657132144783679	1.4711171516218748	0.05876644688805305	0.7078463103554951	0.5526353044606749	0.5049533567071149	0.3253522135091439	0.11591021544656605	0.06157084976862892	0.11871158675924698	0.30695690462284597	0.47518014781861595	-1	0.4936022315987759	0.537256080263995	0.42714419436431594	0.11215808806527905	0.777034514443065	0.3212482690716799	0.24308822303866895	0.391856853014941
CS17_00723_1-238	-1	0.32127917831696695	0.0	0.07061277150242495	1.037400052341388	0.04443403616140096	1.149837973304908	0.38004562520502	0.3865671320385281	0.23135612614370793	0.183674178390148	0.004073035192176944	0.437189393763533	0.25970832854833803	0.20256759155771997	0.01432227369412098	0.153900969501649	-1	0.17232305328180897	0.215976901947028	0.10586501604734899	0.433437266382246	0.4557553361260981	3.090924528703631e-05	0.078190955278298	0.07057767469797405
BN373_13041_1-238	-1	0.250666406814542	0.07061277150242495	0.0	1.1080128238438132	0.11504680766382591	1.2204507448073327	0.30943285370259505	0.45717990354095306	0.3019688976461329	0.25428694989257294	0.0746858066946019	0.36657662226110804	0.18909555704591308	0.13195482005529502	0.056290497808303974	0.22451374100407395	-1	0.24293582478423392	0.28658967344945296	0.17647778754977395	0.36282449487982105	0.526368107628523	0.07058186225713792	0.007578183775873049	0.141190446200399
ENC_42560_1-244	-1	1.358679230658355	1.037400052341388	1.1080128238438132	0.0	0.9929660161799871	0.11243792096351979	1.4174456775464082	0.65083292030286	0.8060439261976802	0.8537258739512401	1.0333270171492113	1.4745894461049212	1.2971083808897261	1.239967643899108	1.051722326035509	0.8834990828397391	-1	0.8650769990595791	0.8214231503943601	0.9315350362940391	1.470837318723634	0.58164471621529	1.0374309615866752	1.115591007619686	0.966822377643414
STM_MW07921_1-239	-1	0.3657132144783679	0.04443403616140096	0.11504680766382591	0.9929660161799871	0.0	1.105403937143507	0.42447966136642096	0.34213309587712715	0.18692208998230697	0.13924014222874703	0.040361000969224015	0.48162342992493395	0.304142364709739	0.24700162771912093	0.05875630985552194	0.10946693334024804	-1	0.127889017120408	0.17154286578562705	0.061430979885948034	0.47787130254364696	0.41132129996469713	0.044464945406687995	0.12262499143969896	0.02614363853657309
CS17_04634_1-244	-1	1.4711171516218748	1.149837973304908	1.2204507448073327	0.11243792096351979	1.105403937143507	0.0	1.529883598509928	0.7632708412663798	0.9184818471612	0.9661637949147599	1.1457649381127308	1.587027367068441	1.409546301853246	1.3524055648626279	1.1641602469990289	0.9959370038032589	-1	0.9775149200230989	0.9338610713578799	1.043972957257559	1.583275239687154	0.6940826371788098	1.1498688825501948	1.228028928583206	1.079260298606934
STM_MW42901_1-244	-1	0.05876644688805305	0.38004562520502	0.30943285370259505	1.4174456775464082	0.42447966136642096	1.529883598509928	0.0	0.7666127572435482	0.611401751348728	0.563719803595168	0.38411866039719694	0.057143768558513	0.12033729665668197	0.17747803364730003	0.365723351510899	0.533946594706669	-1	0.5523686784868289	0.5960225271520481	0.485910641252369	0.053391641177226	0.8358009613311181	0.38001471595973296	0.301854669926722	0.45062329990299405
t4394_1-244	-1	0.7078463103554951	0.3865671320385281	0.45717990354095306	0.65083292030286	0.34213309587712715	0.7632708412663798	0.7666127572435482	0.0	0.15521100589482018	0.20289295364838011	0.38249409684635116	0.8237565258020612	0.6462754605868661	0.5891347235962481	0.4008894057326491	0.2326661625368791	-1	0.21424407875671914	0.1705902300915001	0.2807021159911791	0.8200043984207741	0.06918820408756998	0.38659804128381514	0.4647580873168261	0.31598945734055406
SL1344_0717_1-239	-1	0.5526353044606749	0.23135612614370793	0.3019688976461329	0.8060439261976802	0.18692208998230697	0.9184818471612	0.611401751348728	0.15521100589482018	0.0	0.04768194775355994	0.22728309095153099	0.668545519907241	0.49106445469204596	0.4339237177014279	0.2456783998378289	0.07745515664205893	-1	0.05903307286189896	0.01537922419667992	0.12549111009635894	0.6647933925259539	0.22439920998239016	0.23138703538899497	0.30954708142200593	0.16077845144573388
ROD_32171_1-244	-1	0.5049533567071149	0.183674178390148	0.25428694989257294	0.8537258739512401	0.13924014222874703	0.9661637949147599	0.563719803595168	0.20289295364838011	0.04768194775355994	0.0	0.17960114319797105	0.620863572153681	0.443382506938486	0.38624176994786796	0.19799645208426897	0.029773208888498992	-1	0.011351125108339022	0.03230272355688002	0.077809162342799	0.617111444772394	0.2720811577359501	0.18370508763543503	0.261865133668446	0.11309650369217394
STMMW_07921_1-239	-1	0.3253522135091439	0.004073035192176944	0.0746858066946019	1.0333270171492113	0.040361000969224015	1.1457649381127308	0.38411866039719694	0.38249409684635116	0.22728309095153099	0.17960114319797105	0.0	0.44126242895570994	0.263781363740515	0.20664062674989692	0.018395308886297923	0.14982793430947206	-1	0.16825001808963203	0.21190386675485107	0.10179198085517205	0.43751030157442294	0.45168230093392114	0.00410394443746398	0.08226399047047495	0.0665046395057971
t2141_1-239	-1	0.11591021544656605	0.437189393763533	0.36657662226110804	1.4745894461049212	0.48162342992493395	1.587027367068441	0.057143768558513	0.8237565258020612	0.668545519907241	0.620863572153681	0.44126242895570994	0.0	0.17748106521519497	0.23462180220581302	0.422867120069412	0.591090363265182	-1	0.6095124470453419	0.6531662957105611	0.543054409810882	0.003752127381286996	0.8929447298896311	0.43715848451824596	0.358998438485235	0.507767068461507
ROD_07221_1-238	-1	0.06157084976862892	0.25970832854833803	0.18909555704591308	1.2971083808897261	0.304142364709739	1.409546301853246	0.12033729665668197	0.6462754605868661	0.49106445469204596	0.443382506938486	0.263781363740515	0.17748106521519497	0.0	0.05714073699061806	0.24538605485421705	0.41360929804998703	-1	0.432031381830147	0.47568523049536604	0.365573344595687	0.17372893783390797	0.7154636646744361	0.259677419303051	0.18151737327004003	0.3302860032463121
SEN0685_1-239	-1	0.11871158675924698	0.20256759155771997	0.13195482005529502	1.239967643899108	0.24700162771912093	1.3524055648626279	0.17747803364730003	0.5891347235962481	0.4339237177014279	0.38624176994786796	0.20664062674989692	0.23462180220581302	0.05714073699061806	0.0	0.188245317863599	0.35646856105936897	-1	0.37489064483952894	0.418544493504748	0.30843260760506896	0.23086967482452603	0.6583229276838181	0.20253668231243294	0.12437663627942197	0.273145266255694
NCTC13441_04299_1-244	-1	0.30695690462284597	0.01432227369412098	0.056290497808303974	1.051722326035509	0.05875630985552194	1.1641602469990289	0.365723351510899	0.4008894057326491	0.2456783998378289	0.19799645208426897	0.018395308886297923	0.422867120069412	0.24538605485421705	0.188245317863599	0.0	0.16822324319576998	-1	0.18664532697592995	0.230299175641149	0.12018728974146997	0.419114992688125	0.47007760982021907	0.014291364448833943	0.06386868158417702	0.08489994839209503
ERS227112_02030_1-244	-1	0.47518014781861595	0.153900969501649	0.22451374100407395	0.8834990828397391	0.10946693334024804	0.9959370038032589	0.533946594706669	0.2326661625368791	0.07745515664205893	0.029773208888498992	0.14982793430947206	0.591090363265182	0.41360929804998703	0.35646856105936897	0.16822324319576998	0.0	-1	0.01842208378015997	0.06207593244537901	0.04803595345430001	0.587338235883895	0.3018543666244491	0.15393187874693604	0.232091924779947	0.08332329480367495
b4153_1-244	-1	-1	-1	-1	-1	-1	-1	-1	-1	-1	-1	-1	-1	-1	-1	-1	-1	-1	-1	-1	-1	-1	-1	-1	-1	-1
BN373_01651_1-244	-1	0.4936022315987759	0.17232305328180897	0.24293582478423392	0.8650769990595791	0.127889017120408	0.9775149200230989	0.5523686784868289	0.21424407875671914	0.05903307286189896	0.011351125108339022	0.16825001808963203	0.6095124470453419	0.432031381830147	0.37489064483952894	0.18664532697592995	0.01842208378015997	-1	0.0	0.04365384866521904	0.06645803723445998	0.605760319664055	0.2834322828442891	0.172353962527096	0.25051400856010697	0.10174537858383492
SEN4112_1-244	-1	0.537256080263995	0.215976901947028	0.28658967344945296	0.8214231503943601	0.17154286578562705	0.9338610713578799	0.5960225271520481	0.1705902300915001	0.01537922419667992	0.03230272355688002	0.21190386675485107	0.6531662957105611	0.47568523049536604	0.418544493504748	0.230299175641149	0.06207593244537901	-1	0.04365384866521904	0.0	0.11011188589967902	0.649414168329274	0.23977843417907008	0.21600781119231505	0.294167857225326	0.14539922724905396
SL1344_4279_1-244	-1	0.42714419436431594	0.10586501604734899	0.17647778754977395	0.9315350362940391	0.061430979885948034	1.043972957257559	0.485910641252369	0.2807021159911791	0.12549111009635894	0.077809162342799	0.10179198085517205	0.543054409810882	0.365573344595687	0.30843260760506896	0.12018728974146997	0.04803595345430001	-1	0.06645803723445998	0.11011188589967902	0.0	0.539302282429595	0.3498903200787491	0.10589592529263603	0.184055971325647	0.035287341349374945
ERS227112_03174_1-238	-1	0.11215808806527905	0.433437266382246	0.36282449487982105	1.470837318723634	0.47787130254364696	1.583275239687154	0.053391641177226	0.8200043984207741	0.6647933925259539	0.617111444772394	0.43751030157442294	0.003752127381286996	0.17372893783390797	0.23086967482452603	0.419114992688125	0.587338235883895	-1	0.605760319664055	0.649414168329274	0.539302282429595	0.0	0.8891926025083441	0.43340635713695896	0.355246311103948	0.50401494108022
ETEC_4502_1-244	-1	0.777034514443065	0.4557553361260981	0.526368107628523	0.58164471621529	0.41132129996469713	0.6940826371788098	0.8358009613311181	0.06918820408756998	0.22439920998239016	0.2720811577359501	0.45168230093392114	0.8929447298896311	0.7154636646744361	0.6583229276838181	0.47007760982021907	0.3018543666244491	-1	0.2834322828442891	0.23977843417907008	0.3498903200787491	0.8891926025083441	0.0	0.4557862453713851	0.5339462914043961	0.38517766142812404
ETEC_0735_1-238	-1	0.3212482690716799	3.090924528703631e-05	0.07058186225713792	1.0374309615866752	0.044464945406687995	1.1498688825501948	0.38001471595973296	0.38659804128381514	0.23138703538899497	0.18370508763543503	0.00410394443746398	0.43715848451824596	0.259677419303051	0.20253668231243294	0.014291364448833943	0.15393187874693604	-1	0.172353962527096	0.21600781119231505	0.10589592529263603	0.43340635713695896	0.4557862453713851	0.0	0.07816004603301097	0.07060858394326108
STMMW_42901_1-244	-1	0.24308822303866895	0.078190955278298	0.007578183775873049	1.115591007619686	0.12262499143969896	1.228028928583206	0.301854669926722	0.4647580873168261	0.30954708142200593	0.261865133668446	0.08226399047047495	0.358998438485235	0.18151737327004003	0.12437663627942197	0.06386868158417702	0.232091924779947	-1	0.25051400856010697	0.294167857225326	0.184055971325647	0.355246311103948	0.5339462914043961	0.07816004603301097	0.0	0.14876862997627205
ENC_20140_1-238	-1	0.391856853014941	0.07057767469797405	0.141190446200399	0.966822377643414	0.02614363853657309	1.079260298606934	0.45062329990299405	0.31598945734055406	0.16077845144573388	0.11309650369217394	0.0665046395057971	0.507767068461507	0.3302860032463121	0.273145266255694	0.08489994839209503	0.08332329480367495	-1	0.10174537858383492	0.14539922724905396	0.035287341349374945	0.50401494108022	0.38517766142812404	0.07060858394326108	0.14876862997627205	0.0
