STM_MW12251_1-1148	0.0	-1	0.24618237877906257	0.12777255134309917	0.19084474974499965	0.0035469783497245055	0.03468548539785293	0.1777543373173084	0.7499179883969617	0.09570888451052328	0.1430131512204713	0.15305375861866888	0.18884618518813567	0.5203256300220354
b1114_1-1148	-1	-1	-1	-1	-1	-1	-1	-1	-1	-1	-1	-1	-1	-1
BN373_17261_1-1148	0.24618237877906257	-1	0.0	0.1184098274359634	0.4370271285240622	0.24972935712878708	0.2808678641769155	0.06842804146175419	0.5037356096178991	0.1504734942685393	0.10316922755859126	0.0931286201603937	0.0573361935909269	0.2741432512429728
ROD_11811_1-1148	0.12777255134309917	-1	0.1184098274359634	0.0	0.3186173010880988	0.13131952969282368	0.1624580367409521	0.049981785974209214	0.6221454370538625	0.03206366683257589	0.01524059987737214	0.025281207275569706	0.0610736338450365	0.3925530786789362
Ecoli9000q_54750_1-1148	0.19084474974499965	-1	0.4370271285240622	0.3186173010880988	0.0	0.18729777139527515	0.15615926434714672	0.36859908706230804	0.9407627381419613	0.28655363425552294	0.33385790096547097	0.34389850836366853	0.3796909349331353	0.711170379767035
NCTC13441_02798_25-1172	0.0035469783497245055	-1	0.24972935712878708	0.13131952969282368	0.18729777139527515	0.0	0.031138507048128428	0.1813013156670329	0.7534649667466862	0.09925586286024779	0.14656012957019582	0.15660073696839338	0.19239316353786018	0.5238726083717599
t1704_1-1148	0.03468548539785293	-1	0.2808678641769155	0.1624580367409521	0.15615926434714672	0.031138507048128428	0.0	0.21243982271516132	0.7846034737948147	0.13039436990837622	0.17769863661832425	0.1877392440165218	0.2235316705859886	0.5550111154198882
ETEC_1179_1-1148	0.1777543373173084	-1	0.06842804146175419	0.049981785974209214	0.36859908706230804	0.1813013156670329	0.21243982271516132	0.0	0.5721636510796533	0.0820454528067851	0.03474118609683707	0.024700578698639508	0.011091847870827287	0.34257129270472697
SL1344_1153_1-1148	0.7499179883969617	-1	0.5037356096178991	0.6221454370538625	0.9407627381419613	0.7534649667466862	0.7846034737948147	0.5721636510796533	0.0	0.6542091038864384	0.6069048371764904	0.5968642297782928	0.561071803208826	0.2295923583749263
SEN1833_1-1148	0.09570888451052328	-1	0.1504734942685393	0.03206366683257589	0.28655363425552294	0.09925586286024779	0.13039436990837622	0.0820454528067851	0.6542091038864384	0.0	0.04730426670994803	0.057344874108145594	0.09313730067761239	0.4246167455115121
ERS227112_03590_1-1148	0.1430131512204713	-1	0.10316922755859126	0.01524059987737214	0.33385790096547097	0.14656012957019582	0.17769863661832425	0.03474118609683707	0.6069048371764904	0.04730426670994803	0.0	0.010040607398197565	0.04583303396766436	0.37731247880156404
STMMW_12251_1-1148	0.15305375861866888	-1	0.0931286201603937	0.025281207275569706	0.34389850836366853	0.15660073696839338	0.1877392440165218	0.024700578698639508	0.5968642297782928	0.057344874108145594	0.010040607398197565	0.0	0.035792426569466795	0.3672718714033665
ENC_15240_1-1148	0.18884618518813567	-1	0.0573361935909269	0.0610736338450365	0.3796909349331353	0.19239316353786018	0.2235316705859886	0.011091847870827287	0.561071803208826	0.09313730067761239	0.04583303396766436	0.035792426569466795	0.0	0.3314794448338997
CS17_01252_17-1164	0.5203256300220354	-1	0.2741432512429728	0.3925530786789362	0.711170379767035	0.5238726083717599	0.5550111154198882	0.34257129270472697	0.2295923583749263	0.4246167455115121	0.37731247880156404	0.3672718714033665	0.3314794448338997	0.0
