BN373_25241_1-190	0.0	0.008499226829197237	0.041792620471778785	0.13274056499826348	0.09713554078749043	-1	1.3096232698514934	0.23798687922688544	0.02661827078567469	0.08685728876747445	0.023182005224825164	0.030723985368024898
ETEC_1498_1-179	0.008499226829197237	0.0	0.03329339364258155	0.12424133816906624	0.10563476761668766	-1	1.3181224966806906	0.24648610605608268	0.018119043956477454	0.09535651559667169	0.014682778395627927	0.02222475853882766
CS17_01579_1-179	0.041792620471778785	0.03329339364258155	0.0	0.09094794452648469	0.1389281612592692	-1	1.3514158903232723	0.2797794996986642	0.015174349686104094	0.12864990923925324	0.01861061524695362	0.011068635103753888
STM_MW16061_1-180	0.13274056499826348	0.12424133816906624	0.09094794452648469	0.0	0.2298761057857539	-1	1.4423638348497567	0.3707274442251489	0.10612229421258879	0.21959785376573793	0.10955855977343831	0.10201657963023858
SL1344_1541_1-179	0.09713554078749043	0.10563476761668766	0.1389281612592692	0.2298761057857539	0.0	-1	1.2124877290640028	0.140851338439395	0.12375381157316512	0.010278252020015977	0.12031754601231559	0.12785952615551532
b1427_1-179	-1	-1	-1	-1	-1	-1	-1	-1	-1	-1	-1	-1
ROD_16071_1-191	1.3096232698514934	1.3181224966806906	1.3514158903232723	1.4423638348497567	1.2124877290640028	-1	0.0	1.071636390624608	1.3362415406371682	1.2227659810840188	1.3328052750763186	1.3403472552195184
t1520_1-179	0.23798687922688544	0.24648610605608268	0.2797794996986642	0.3707274442251489	0.140851338439395	-1	1.071636390624608	0.0	0.26460515001256013	0.151129590459411	0.2611688844517106	0.26871086459491034
ERS227112_04731_1-191	0.02661827078567469	0.018119043956477454	0.015174349686104094	0.10612229421258879	0.12375381157316512	-1	1.3362415406371682	0.26460515001256013	0.0	0.11347555955314914	0.0034362655608495274	0.004105714582350206
SEN1445_1-179	0.08685728876747445	0.09535651559667169	0.12864990923925324	0.21959785376573793	0.010278252020015977	-1	1.2227659810840188	0.151129590459411	0.11347555955314914	0.0	0.11003929399229961	0.11758127413549935
STMMW_16061_1-179	0.023182005224825164	0.014682778395627927	0.01861061524695362	0.10955855977343831	0.12031754601231559	-1	1.3328052750763186	0.2611688844517106	0.0034362655608495274	0.11003929399229961	0.0	0.0075419801431997335
NCTC13441_02389_1-180	0.030723985368024898	0.02222475853882766	0.011068635103753888	0.10201657963023858	0.12785952615551532	-1	1.3403472552195184	0.26871086459491034	0.004105714582350206	0.11758127413549935	0.0075419801431997335	0.0
