ETEC_1848_1-518	0.0	0.2395913624711914	0.15665223057104077	0.36511772716128	-1	0.03099971211195975	0.12796469939327096	0.4601382422852081	0.2973124531570005	0.23040764270159975	0.5003247510868405	-1	0.137880179614257	0.3029261276413814	0.24205741083854365	0.2724180179032979	0.5787918538658768	0.1695511503653658	0.04063355072550599	0.0438667591791744	0.21139884218275154	0.24115712648515747	0.21374158006599814	0.00886537020812533	0.5835965095252015
CS17_02304_1-527	0.2395913624711914	0.0	0.35871107168556526	0.165077510295026	-1	0.21526479709708057	0.12800704627468043	0.5894844563621874	0.4656703198966539	0.011933226314552344	0.6200426247670761	-1	0.344436641993896	0.46993900646285214	0.0032430567534930477	0.44674037630333674	0.679709687482116	0.36851952171196134	0.2704894654163311	0.20470431832700478	0.40034086803054514	0.0020591086643288402	0.40212230615243183	0.23278975966314033	0.6833631891458182
SEN2115_1-525	0.15665223057104077	0.35871107168556526	0.0	0.4645734513514776	-1	0.18279576863360192	0.26457097437000315	0.35985867599989185	0.16678792271093865	0.35096600210281953	0.40750984703321674	-1	0.021774294608357888	0.17344433977620452	0.36079080807547576	0.1372693348209642	0.5005522497328377	0.01529489999488473	0.12093260081512346	0.19364716407687482	0.06491581954237025	0.36003155527419567	0.06769372204969873	0.1641288207612252	0.5062493723594593
ENC_41040_1-527	0.36511772716128	0.165077510295026	0.4645734513514776	0.0	-1	0.3448069306331566	0.271953472070462	0.6572513402433267	0.5538761331648518	0.17504082931978496	0.6827650422887601	-1	0.45265540897419043	0.5574401555804724	0.162360999477392	0.5380710975299449	0.7325824148441841	0.472762746867663	0.39091524819939666	0.3359897494059684	0.4993311045617392	0.16335476684647013	0.5008184673137202	0.35943891601079764	0.7356328055493836
b1816_1-518	-1	-1	-1	-1	-1	-1	-1	-1	-1	-1	-1	-1	-1	-1	-1	-1	-1	-1	-1	-1	-1	-1	-1	-1	-1
t0753_1-525	0.03099971211195975	0.21526479709708057	0.18279576863360192	0.3448069306331566	-1	0.0	0.10006703660805795	0.4768738013546232	0.31909556481379275	0.2057872769307989	0.5158145399526203	-1	0.1646056458522295	0.3245352170052675	0.21780973789655864	0.2949728498861447	0.5918491851352469	0.1952948256277476	0.07037363446288834	0.013278682398803717	0.23584525104624438	0.21688065215258182	0.23811536472955655	0.0223323262435925	0.5965048978523354
ETEC_2206_1-527	0.12796469939327096	0.12800704627468043	0.26457097437000315	0.271953472070462	-1	0.10006703660805795	0.0	0.5292214898251043	0.38723165385616	0.11747568388235302	0.5642655441082708	-1	0.24820108327089938	0.39212697617265535	0.13083496891225768	0.36552282752626264	0.6326916276679269	0.2758192877703495	0.16339859001490636	0.08795629795477018	0.3123119522840212	0.12980257452092994	0.3143549024182809	0.1201646331438898	0.6368814570101178
NCTC13441_02070_1-519	0.4601382422852081	0.5894844563621874	0.35985867599989185	0.6572513402433267	-1	0.4768738013546232	0.5292214898251043	0.0	0.23171862068673824	0.5845265172650155	0.07443851731921124	-1	0.3737973017796545	0.22553149799157435	0.5908157815683958	0.25800559799591155	0.21978517626979832	0.34991570166866937	0.43727263120046156	0.4838202280009287	0.31541850736174015	0.5903297524749336	0.3133787263478748	0.464924316628559	0.22868496513364098
SL1344_2096_1-525	0.2973124531570005	0.4656703198966539	0.16678792271093865	0.5538761331648518	-1	0.31909556481379275	0.38723165385616	0.23171862068673824	0.0	0.459217034380866	0.28890834744677596	-1	0.18493052795307252	0.00798886291581754	0.4674031813743048	0.034215299260109966	0.4005754790639073	0.1538460831727864	0.2675504262480765	0.3281370785525672	0.10894431249891559	0.4667705627705627	0.1062893203713065	0.3035420384004031	0.4074130211278171
ROD_18541_1-519	0.23040764270159975	0.011933226314552344	0.35096600210281953	0.17504082931978496	-1	0.2057872769307989	0.11747568388235302	0.5845265172650155	0.459217034380866	0.0	0.6154537473052567	-1	0.33651917515566265	0.4635372753604065	0.015137582937855021	0.4400584672703566	0.675841429903351	0.36089291219393715	0.26167891278984606	0.19509925558312657	0.393098575987176	0.013967763169183493	0.394901529157276	0.2235238945691923	0.6795390561782179
STMMW_21511_1-525	0.5003247510868405	0.6200426247670761	0.40750984703321674	0.6827650422887601	-1	0.5158145399526203	0.5642655441082708	0.07443851731921124	0.28890834744677596	0.6154537473052567	0.0	-1	0.4204109021764665	0.28318178499151214	0.6212748480988647	0.31323856114025067	0.15703620091191156	0.3983070129689534	0.47916122218884016	0.5222438848987081	0.36637773865790474	0.6208249982904939	0.3644897959183674	0.5047545571522928	0.16665175755550196
b2063_1-527	-1	-1	-1	-1	-1	-1	-1	-1	-1	-1	-1	-1	-1	-1	-1	-1	-1	-1	-1	-1	-1	-1	-1	-1	-1
ERS227112_04066_1-527	0.137880179614257	0.344436641993896	0.021774294608357888	0.45265540897419043	-1	0.1646056458522295	0.24820108327089938	0.3737973017796545	0.18493052795307252	0.33651917515566265	0.4204109021764665	-1	0.0	0.1914420062321232	0.34656267116942024	0.15605468649223708	0.5114273721886364	0.036736158944748624	0.10136546776499457	0.17569858215871148	0.08527661797126956	0.3457865181843829	0.08799403361101019	0.14552319098573913	0.5170004439887661
NCTC13441_01648_1-527	0.3029261276413814	0.46993900646285214	0.17344433977620452	0.5574401555804724	-1	0.3245352170052675	0.39212697617265535	0.22553149799157435	0.00798886291581754	0.4635372753604065	0.28318178499151214	-1	0.1914420062321232	0.0	0.47165802434770604	0.04193082084051481	0.39574819422090285	0.16060589082000107	0.2734018654855296	0.33350449933023146	0.11606283423672131	0.47103045964726725	0.11342905247726227	0.309105945582252	0.40264080037047434
CS17_02002_1-519	0.24205741083854365	0.0032430567534930477	0.36079080807547576	0.162360999477392	-1	0.21780973789655864	0.13083496891225768	0.5908157815683958	0.4674031813743048	0.015137582937855021	0.6212748480988647	-1	0.34656267116942024	0.47165802434770604	0.0	0.44853462866240124	0.6807484071432056	0.3705674487417724	0.27285530948225706	0.20728350735847823	0.40228559662827246	0.0011863909971457118	0.40406125744522703	0.2352778660144138	0.6843900602936633
t1049_1-519	0.2724180179032979	0.44674037630333674	0.1372693348209642	0.5380710975299449	-1	0.2949728498861447	0.36552282752626264	0.25800559799591155	0.034215299260109966	0.4400584672703566	0.31323856114025067	-1	0.15605468649223708	0.04193082084051481	0.44853462866240124	0.0	0.4210849684315837	0.12386899877480663	0.24160159796402647	0.3043346814950403	0.07737647239758048	0.44787959798811383	0.074627420641454	0.2788683015313468	0.4276885619475733
STM_MW18201_1-520	0.5787918538658768	0.679709687482116	0.5005522497328377	0.7325824148441841	-1	0.5918491851352469	0.6326916276679269	0.21978517626979832	0.4005754790639073	0.675841429903351	0.15703620091191156	-1	0.5114273721886364	0.39574819422090285	0.6807484071432056	0.4210849684315837	0.0	0.492794593767649	0.5609517651439079	0.5972688901766489	0.46587937139228175	0.6803692000397221	0.46428790400810055	0.5825260200160339	0.011406844106463941
SEN1209_1-519	0.1695511503653658	0.36851952171196134	0.01529489999488473	0.472762746867663	-1	0.1952948256277476	0.2758192877703495	0.34991570166866937	0.1538460831727864	0.36089291219393715	0.3983070129689534	-1	0.036736158944748624	0.16060589082000107	0.3705674487417724	0.12386899877480663	0.492794593767649	0.0	0.13437784877441955	0.2059802500629107	0.05039165486928802	0.36981980863615876	0.05321270505711995	0.17691338685628863	0.49858020676649717
BN373_31191_1-527	0.04063355072550599	0.2704894654163311	0.12093260081512346	0.39091524819939666	-1	0.07037363446288834	0.16339859001490636	0.43727263120046156	0.2675504262480765	0.26167891278984606	0.47916122218884016	-1	0.10136546776499457	0.2734018654855296	0.27285530948225706	0.24160159796402647	0.5609517651439079	0.13437784877441955	0.0	0.08271784772040987	0.17799798146618964	0.2719916068788115	0.18043994499849605	0.04913868946357908	0.5659599199141295
ROD_21991_1-527	0.0438667591791744	0.20470431832700478	0.19364716407687482	0.3359897494059684	-1	0.013278682398803717	0.08795629795477018	0.4838202280009287	0.3281370785525672	0.19509925558312657	0.5222438848987081	-1	0.17569858215871148	0.33350449933023146	0.20728350735847823	0.3043346814950403	0.5972688901766489	0.2059802500629107	0.08271784772040987	0.0	0.2459922192611389	0.20634191855584094	0.2482321888258412	0.03531446477498108	0.6018627811632271
BN373_29151_1-519	0.21139884218275154	0.40034086803054514	0.06491581954237025	0.4993311045617392	-1	0.23584525104624438	0.3123119522840212	0.31541850736174015	0.10894431249891559	0.393098575987176	0.36637773865790474	-1	0.08527661797126956	0.11606283423672131	0.40228559662827246	0.07737647239758048	0.46587937139228175	0.05039165486928802	0.17799798146618964	0.2459922192611389	0.0	0.4015756313448274	0.002970751260029858	0.21839008339335772	0.47197200213685647
SL1344_1757_1-519	0.24115712648515747	0.0020591086643288402	0.36003155527419567	0.16335476684647013	-1	0.21688065215258182	0.12980257452092994	0.5903297524749336	0.4667705627705627	0.013967763169183493	0.6208249982904939	-1	0.3457865181843829	0.47103045964726725	0.0011863909971457118	0.44787959798811383	0.6803692000397221	0.36981980863615876	0.2719916068788115	0.20634191855584094	0.4015756313448274	0.0	0.4033534012920423	0.23436952891637977	0.6840151787464935
STMMW_18201_1-519	0.21374158006599814	0.40212230615243183	0.06769372204969873	0.5008184673137202	-1	0.23811536472955655	0.3143549024182809	0.3133787263478748	0.1062893203713065	0.394901529157276	0.3644897959183674	-1	0.08799403361101019	0.11342905247726227	0.40406125744522703	0.074627420641454	0.46428790400810055	0.05321270505711995	0.18043994499849605	0.2482321888258412	0.002970751260029858	0.4033534012920423	0.0	0.22071205203796873	0.4703986883730272
ERS227112_04334_1-520	0.00886537020812533	0.23278975966314033	0.1641288207612252	0.35943891601079764	-1	0.0223323262435925	0.1201646331438898	0.464924316628559	0.3035420384004031	0.2235238945691923	0.5047545571522928	-1	0.14552319098573913	0.309105945582252	0.2352778660144138	0.2788683015313468	0.5825260200160339	0.17691338685628863	0.04913868946357908	0.03531446477498108	0.21839008339335772	0.23436952891637977	0.22071205203796873	0.0	0.5872880806242161
STM_MW21511_1-526	0.5835965095252015	0.6833631891458182	0.5062493723594593	0.7356328055493836	-1	0.5965048978523354	0.6368814570101178	0.22868496513364098	0.4074130211278171	0.6795390561782179	0.16665175755550196	-1	0.5170004439887661	0.40264080037047434	0.6843900602936633	0.4276885619475733	0.011406844106463941	0.49858020676649717	0.5659599199141295	0.6018627811632271	0.47197200213685647	0.6840151787464935	0.4703986883730272	0.5872880806242161	0.0
