ERS227112_02832_1-164	0.0	0.779395318567778	0.0362225046956776	1.215781267856685	0.04153965186834502	0.085850314367275	2.152451936939875	1.097335376590955	0.006830251605165996	0.010065441098104005	2.394388004376625	1.778597533069805	0.015034236444660995	0.0061372633154710005	1.6956096431287049	0.121214033065553	1.073746020865765	0.066523280952928	-1	1.968269187389935	0.138675557617787	0.20361984884623602	-1	1.0531320218663949	1.784269780466315	1.2560012143409949
ROD_44461_1-190	0.779395318567778	0.0	0.8156178232634557	0.43638594928890706	0.737855666699433	0.693545004200503	1.3730566183720971	0.31794005802317704	0.786225570172944	0.7693298774696741	1.614992685808847	0.999202214502027	0.7944295550124391	0.785532581883249	0.9162143245609269	0.6581812855022251	0.294350702297987	0.7128720376148501	-1	1.188873868822157	0.6407197609499911	0.575775469721542	-1	0.2737367032986169	1.004874461898537	0.4766058957732169
STM_MW06041_1-164	0.0362225046956776	0.8156178232634557	0.0	1.2520037725523627	0.07776215656402262	0.1220728190629526	2.188674441635553	1.1335578812866327	0.029392253090511605	0.04628794579378161	2.4306105090723027	1.8148200377654826	0.021188268251016606	0.0300852413802066	1.7318321478243826	0.15743653776123062	1.1099685255614427	0.1027457856486056	-1	2.0044916920856126	0.1748980623134646	0.23984235354191363	-1	1.0893545265620725	1.8204922851619927	1.2922237190366725
ERS227112_00837_1-189	1.215781267856685	0.43638594928890706	1.2520037725523627	0.0	1.1742416159883402	1.1299309534894102	0.9366706690831901	0.11844589126573002	1.2226115194618512	1.205715826758581	1.17860673651994	0.5628162652131199	1.230815504301346	1.221918531172156	0.4798283752720198	1.0945672347911322	0.14203524699092007	1.1492579869037571	-1	0.7524879195332499	1.0771057102388981	1.012161419010449	-1	0.16264924599029018	0.56848851260963	0.04021994648430982
ETEC_0577_1-164	0.04153965186834502	0.737855666699433	0.07776215656402262	1.1742416159883402	0.0	0.04431066249892998	2.1109122850715303	1.0557957247226102	0.048369903473511014	0.03147421077024101	2.35284835250828	1.7370578812014599	0.05657388831300601	0.04767691518381602	1.6540699912603598	0.07967438119720799	1.0322063689974201	0.024983629084582987	-1	1.92672953552159	0.09713590574944198	0.162080196977891	-1	1.0115923699980498	1.74273012859797	1.2144615624726498
SEN0517_1-164	0.085850314367275	0.693545004200503	0.1220728190629526	1.1299309534894102	0.04431066249892998	0.0	2.0666016225726	1.0114850622236802	0.092680565972441	0.075784873269171	2.30853769000935	1.69274721870253	0.100884550811936	0.091987577682746	1.60975932876143	0.03536371869827801	0.98789570649849	0.019327033414346995	-1	1.88241887302266	0.052825243250511994	0.11776953447896102	-1	0.9672817074991199	1.6984194660990402	1.17015089997372
STMMW_34631_1-190	2.152451936939875	1.3730566183720971	2.188674441635553	0.9366706690831901	2.1109122850715303	2.0666016225726	0.0	1.05511656034892	2.159282188545041	2.1423864958417713	0.2419360674367499	0.3738544038700702	2.1674861733845363	2.158589200255346	0.45684229381117025	2.031237903874322	1.0787059160741101	2.085928655986947	-1	0.18418274954994018	2.0137763793220884	1.9488320880936392	-1	1.0993199150734803	0.3681821564735601	0.8964507225988803
ETEC_3614_1-190	1.097335376590955	0.31794005802317704	1.1335578812866327	0.11844589126573002	1.0557957247226102	1.0114850622236802	1.05511656034892	0.0	1.1041656281961212	1.087269935492851	1.29705262778567	0.6812621564788499	1.112369613035616	1.103472639906426	0.5982742665377498	0.9761213435254021	0.023589355725190053	1.0308120956380271	-1	0.8709338107989799	0.9586598189731681	0.8937155277447191	-1	0.04420335472456016	0.68693440387536	0.15866583775003984
STMMW_06041_1-164	0.006830251605165996	0.786225570172944	0.029392253090511605	1.2226115194618512	0.048369903473511014	0.092680565972441	2.159282188545041	1.1041656281961212	0.0	0.01689569270327	2.401218255981791	1.785427784674971	0.008203984839494999	0.0006929882896949957	1.702439894733871	0.128044284670719	1.0805762724709311	0.073353532558094	-1	1.975099438995101	0.14550580922295298	0.210450100451402	-1	1.059962273471561	1.7911000320714812	1.262831465946161
t2325_1-164	0.010065441098104005	0.7693298774696741	0.04628794579378161	1.205715826758581	0.03147421077024101	0.075784873269171	2.1423864958417713	1.087269935492851	0.01689569270327	0.0	2.384322563278521	1.768532091971701	0.025099677542765	0.016202704413575006	1.6855442020306008	0.111148591967449	1.063680579767661	0.056457839854824	-1	1.958203746291831	0.128610116519683	0.193554407748132	-1	1.0430665807682908	1.774204339368211	1.2459357732428908
BN373_43861_1-189	2.394388004376625	1.614992685808847	2.4306105090723027	1.17860673651994	2.35284835250828	2.30853769000935	0.2419360674367499	1.29705262778567	2.401218255981791	2.384322563278521	0.0	0.6157904713068201	2.409422240821286	2.400525267692096	0.6987783612479201	2.273173971311072	1.32064198351086	2.327864723423697	-1	0.4261188169866901	2.255712446758838	2.190768155530389	-1	1.3412559825102301	0.61011822391031	1.1383867900356301
SL1344_3439_1-190	1.778597533069805	0.999202214502027	1.8148200377654826	0.5628162652131199	1.7370578812014599	1.69274721870253	0.3738544038700702	0.6812621564788499	1.785427784674971	1.768532091971701	0.6157904713068201	0.0	1.793631769514466	1.784734796385276	0.08298788994110007	1.657383500004252	0.70485151220404	1.712074252116877	-1	0.18967165432013	1.639921975452018	1.574977684223569	-1	0.7254655112034101	0.005672247396510066	0.5225963187288101
BN373_09701_1-164	0.015034236444660995	0.7944295550124391	0.021188268251016606	1.230815504301346	0.05657388831300601	0.100884550811936	2.1674861733845363	1.112369613035616	0.008203984839494999	0.025099677542765	2.409422240821286	1.793631769514466	0.0	0.008896973129189995	1.7106438795733658	0.13624826951021402	1.088780257310426	0.081557517397589	-1	1.983303423834596	0.153709794062448	0.21865408529089703	-1	1.0681662583110558	1.799304016910976	1.2710354507856558
ENC_22240_1-164	0.0061372633154710005	0.785532581883249	0.0300852413802066	1.221918531172156	0.04767691518381602	0.091987577682746	2.158589200255346	1.103472639906426	0.0006929882896949957	0.016202704413575006	2.400525267692096	1.784734796385276	0.008896973129189995	0.0	1.701746906444176	0.127351296381024	1.079883284181236	0.072660544268399	-1	1.974406450705406	0.14481282093325798	0.209757112161707	-1	1.059269285181866	1.790407043781786	1.262138477656466
CS17_03785_1-190	1.6956096431287049	0.9162143245609269	1.7318321478243826	0.4798283752720198	1.6540699912603598	1.60975932876143	0.45684229381117025	0.5982742665377498	1.702439894733871	1.6855442020306008	0.6987783612479201	0.08298788994110007	1.7106438795733658	1.701746906444176	0.0	1.574395610063152	0.6218636222629399	1.629086362175777	-1	0.27265954426123007	1.556934085510918	1.491989794282469	-1	0.64247762126231	0.08866013733761013	0.43960842878771
CS17_00551_1-164	0.121214033065553	0.6581812855022251	0.15743653776123062	1.0945672347911322	0.07967438119720799	0.03536371869827801	2.031237903874322	0.9761213435254021	0.128044284670719	0.111148591967449	2.273173971311072	1.657383500004252	0.13624826951021402	0.127351296381024	1.574395610063152	0.0	0.9525319878002121	0.054690752112625	-1	1.847055154324382	0.017461524552233987	0.08240581578068301	-1	0.931917988800842	1.6630557474007621	1.134787181275442
NCTC13441_00331_1-190	1.073746020865765	0.294350702297987	1.1099685255614427	0.14203524699092007	1.0322063689974201	0.98789570649849	1.0787059160741101	0.023589355725190053	1.0805762724709311	1.063680579767661	1.32064198351086	0.70485151220404	1.088780257310426	1.079883284181236	0.6218636222629399	0.9525319878002121	0.0	1.007222739912837	-1	0.89452316652417	0.935070463247978	0.870126172019529	-1	0.02061399899937011	0.71052375960055	0.1822551934752299
NCTC13441_03450_1-164	0.066523280952928	0.7128720376148501	0.1027457856486056	1.1492579869037571	0.024983629084582987	0.019327033414346995	2.085928655986947	1.0308120956380271	0.073353532558094	0.056457839854824	2.327864723423697	1.712074252116877	0.081557517397589	0.072660544268399	1.629086362175777	0.054690752112625	1.007222739912837	0.0	-1	1.901745906437007	0.07215227666485899	0.137096567893308	-1	0.986608740913467	1.717746499513387	1.189477933388067
b3363_1-190	-1	-1	-1	-1	-1	-1	-1	-1	-1	-1	-1	-1	-1	-1	-1	-1	-1	-1	-1	-1	-1	-1	-1	-1	-1	-1
ENC_25750_1-190	1.968269187389935	1.188873868822157	2.0044916920856126	0.7524879195332499	1.92672953552159	1.88241887302266	0.18418274954994018	0.8709338107989799	1.975099438995101	1.958203746291831	0.4261188169866901	0.18967165432013	1.983303423834596	1.974406450705406	0.27265954426123007	1.847055154324382	0.89452316652417	1.901745906437007	-1	0.0	1.829593629772148	1.764649338543699	-1	0.9151371655235401	0.18399940692361993	0.7122679730489401
ROD_05571_1-164	0.138675557617787	0.6407197609499911	0.1748980623134646	1.0771057102388981	0.09713590574944198	0.052825243250511994	2.0137763793220884	0.9586598189731681	0.14550580922295298	0.128610116519683	2.255712446758838	1.639921975452018	0.153709794062448	0.14481282093325798	1.556934085510918	0.017461524552233987	0.935070463247978	0.07215227666485899	-1	1.829593629772148	0.0	0.06494429122844902	-1	0.9144564642486079	1.645594222848528	1.117325656723208
SL1344_0529_1-164	0.20361984884623602	0.575775469721542	0.23984235354191363	1.012161419010449	0.162080196977891	0.11776953447896102	1.9488320880936392	0.8937155277447191	0.210450100451402	0.193554407748132	2.190768155530389	1.574977684223569	0.21865408529089703	0.209757112161707	1.491989794282469	0.08240581578068301	0.870126172019529	0.137096567893308	-1	1.764649338543699	0.06494429122844902	0.0	-1	0.8495121730201589	1.580649931620079	1.052381365494759
b0525_1-164	-1	-1	-1	-1	-1	-1	-1	-1	-1	-1	-1	-1	-1	-1	-1	-1	-1	-1	-1	-1	-1	-1	-1	-1	-1	-1
t4033_1-190	1.0531320218663949	0.2737367032986169	1.0893545265620725	0.16264924599029018	1.0115923699980498	0.9672817074991199	1.0993199150734803	0.04420335472456016	1.059962273471561	1.0430665807682908	1.3412559825102301	0.7254655112034101	1.0681662583110558	1.059269285181866	0.64247762126231	0.931917988800842	0.02061399899937011	0.986608740913467	-1	0.9151371655235401	0.9144564642486079	0.8495121730201589	-1	0.0	0.7311377585999201	0.2028691924746
STM_MW34631_1-190	1.784269780466315	1.004874461898537	1.8204922851619927	0.56848851260963	1.74273012859797	1.6984194660990402	0.3681821564735601	0.68693440387536	1.7911000320714812	1.774204339368211	0.61011822391031	0.005672247396510066	1.799304016910976	1.790407043781786	0.08866013733761013	1.6630557474007621	0.71052375960055	1.717746499513387	-1	0.18399940692361993	1.645594222848528	1.580649931620079	-1	0.7311377585999201	0.0	0.5282685661253201
SEN3299_1-190	1.2560012143409949	0.4766058957732169	1.2922237190366725	0.04021994648430982	1.2144615624726498	1.17015089997372	0.8964507225988803	0.15866583775003984	1.262831465946161	1.2459357732428908	1.1383867900356301	0.5225963187288101	1.2710354507856558	1.262138477656466	0.43960842878771	1.134787181275442	0.1822551934752299	1.189477933388067	-1	0.7122679730489401	1.117325656723208	1.052381365494759	-1	0.2028691924746	0.5282685661253201	0.0
