SEN0754_7-224	0.0	-1	0.51523055427078	1.247541778090687	0.81606230801413	1.12688629220086	1.726951290198206	0.89717043035898	0.6286356232521699	0.43648856773770994	0.8974896562540602	0.73919573970358	1.402508930906002	0.0004288856965497523	-1	0.46175671605145996	0.63604712602175	0.0009158519909302498	1.06327913580674	1.273277515781655	1.09376527057387
b0787_7-226	-1	-1	-1	-1	-1	-1	-1	-1	-1	-1	-1	-1	-1	-1	-1	-1	-1	-1	-1	-1	-1
CS17_00845_1-234	0.51523055427078	-1	0.0	0.732311223819907	0.30083175374335	0.61165573793008	1.211720735927426	0.3819398760882	0.11340506898138991	0.07874198653307007	1.4127202105248402	0.22396518543279997	0.8872783766352219	0.5148016685742303	-1	0.05347383821932006	0.12081657175096994	0.5161464062617103	0.5480485815359599	0.7580469615108749	0.5785347163030901
STMMW_08601_7-224	1.247541778090687	-1	0.732311223819907	0.0	0.43147947007655696	0.120655485889827	0.479409512107519	0.350371347731707	0.6189061548385171	0.8110532103529771	2.145031434344747	0.508346038387107	0.15496715281531492	1.2471128923941373	-1	0.785785062039227	0.611494652068937	1.2484576300816173	0.18426264228394706	0.02573573769096793	0.15377650751681693
ETEC_0851_1-234	0.81606230801413	-1	0.30083175374335	0.43147947007655696	0.0	0.31082398418672996	0.910888982184076	0.08110812234484999	0.18742668476196012	0.3795737402764201	1.7135519642681902	0.07686656831055005	0.5864466228918719	0.8156334223175803	-1	0.3543055919626701	0.1800151819923801	0.8169781600050603	0.2472168277926099	0.4572152077675249	0.27770296255974003
SL1344_0784_7-224	1.12688629220086	-1	0.61165573793008	0.120655485889827	0.31082398418672996	0.0	0.600064997997346	0.22971586184187998	0.4982506689486901	0.6903977244631501	2.02437594845492	0.38769055249728	0.2756226387051419	1.1264574065043103	-1	0.6651295761494	0.49083916617911005	1.1278021441917903	0.06360715639412007	0.14639122358079493	0.03312102162698993
CS17_00846_7-226	1.726951290198206	-1	1.211720735927426	0.479409512107519	0.910888982184076	0.600064997997346	0.0	0.829780859839226	1.098315666946036	1.290462722460496	2.624440946452266	0.987755550494626	0.32444235929220405	1.7265224045016563	-1	1.265194574146746	1.090904164176456	1.7278671421891363	0.6636721543914661	0.45367377441655105	0.633186019624336
BN373_13781_1-234	0.89717043035898	-1	0.3819398760882	0.350371347731707	0.08110812234484999	0.22971586184187998	0.829780859839226	0.0	0.2685348071068101	0.4606818626212701	1.7946600866130402	0.15797469065540004	0.5053385005470219	0.8967415446624303	-1	0.43541371430752007	0.2611233043372301	0.8980862823499103	0.1661087054477599	0.3761070854226749	0.19659484021489004
ENC_19510_1-235	0.6286356232521699	-1	0.11340506898138991	0.6189061548385171	0.18742668476196012	0.4982506689486901	1.098315666946036	0.2685348071068101	0.0	0.19214705551445999	1.5261252795062301	0.11056011645141006	0.773873307653832	0.6282067375556202	-1	0.16687890720070997	0.007411502769580025	0.6295514752431002	0.43464351255457	0.644641892529485	0.46512964732170015
SEN0753_1-234	0.43648856773770994	-1	0.07874198653307007	0.8110532103529771	0.3795737402764201	0.6903977244631501	1.290462722460496	0.4606818626212701	0.19214705551445999	0.0	1.3339782239917701	0.30270717196587005	0.966020363168292	0.4360596820411602	-1	0.025268148313750016	0.19955855828404	0.4374044197286402	0.62679056806903	0.836788948043945	0.6572767028361601
STM_MW08601_7-224	0.8974896562540602	-1	1.4127202105248402	2.145031434344747	1.7135519642681902	2.02437594845492	2.624440946452266	1.7946600866130402	1.5261252795062301	1.3339782239917701	0.0	1.6366853959576402	2.2999985871600623	0.8979185419506099	-1	1.3592463723055201	1.5335367822758101	0.8965738042631299	1.9607687920608001	2.170767172035715	1.9912549268279303
NCTC13441_03208_1-234	0.73919573970358	-1	0.22396518543279997	0.508346038387107	0.07686656831055005	0.38769055249728	0.987755550494626	0.15797469065540004	0.11056011645141006	0.30270717196587005	1.6366853959576402	0.0	0.6633131912024219	0.7387668540070302	-1	0.27743902365212003	0.10314861368183004	0.7401115916945102	0.32408339610315995	0.5340817760780749	0.3545695308702901
NCTC13441_03207_7-226	1.402508930906002	-1	0.8872783766352219	0.15496715281531492	0.5864466228918719	0.2756226387051419	0.32444235929220405	0.5053385005470219	0.773873307653832	0.966020363168292	2.2999985871600623	0.6633131912024219	0.0	1.4020800452094522	-1	0.940752214854542	0.766461804884252	1.4034247828969322	0.339229795099262	0.129231415124347	0.30874366033213185
t2079_7-224	0.0004288856965497523	-1	0.5148016685742303	1.2471128923941373	0.8156334223175803	1.1264574065043103	1.7265224045016563	0.8967415446624303	0.6282067375556202	0.4360596820411602	0.8979185419506099	0.7387668540070302	1.4020800452094522	0.0	-1	0.4613278303549102	0.6356182403252002	0.0013447376874800021	1.0628502501101902	1.2728486300851052	1.0933363848773203
b0786_1-234	-1	-1	-1	-1	-1	-1	-1	-1	-1	-1	-1	-1	-1	-1	-1	-1	-1	-1	-1	-1	-1
STM_MW08591_1-234	0.46175671605145996	-1	0.05347383821932006	0.785785062039227	0.3543055919626701	0.6651295761494	1.265194574146746	0.43541371430752007	0.16687890720070997	0.025268148313750016	1.3592463723055201	0.27743902365212003	0.940752214854542	0.4613278303549102	-1	0.0	0.17429040997029	0.4626725680423902	0.60152241975528	0.811520799730195	0.6320085545224101
SL1344_0783_1-234	0.63604712602175	-1	0.12081657175096994	0.611494652068937	0.1800151819923801	0.49083916617911005	1.090904164176456	0.2611233043372301	0.007411502769580025	0.19955855828404	1.5335367822758101	0.10314861368183004	0.766461804884252	0.6356182403252002	-1	0.17429040997029	0.0	0.6369629780126802	0.42723200978499	0.637230389759905	0.4577181445521201
STMMW_08591_1-234	0.0009158519909302498	-1	0.5161464062617103	1.2484576300816173	0.8169781600050603	1.1278021441917903	1.7278671421891363	0.8980862823499103	0.6295514752431002	0.4374044197286402	0.8965738042631299	0.7401115916945102	1.4034247828969322	0.0013447376874800021	-1	0.4626725680423902	0.6369629780126802	0.0	1.0641949877976702	1.2741933677725852	1.0946811225648003
ETEC_0854_7-226	1.06327913580674	-1	0.5480485815359599	0.18426264228394706	0.2472168277926099	0.06360715639412007	0.6636721543914661	0.1661087054477599	0.43464351255457	0.62679056806903	1.9607687920608001	0.32408339610315995	0.339229795099262	1.0628502501101902	-1	0.60152241975528	0.42723200978499	1.0641949877976702	0.0	0.209998379974915	0.030486134767130135
ERS227112_03250_1-234	1.273277515781655	-1	0.7580469615108749	0.02573573769096793	0.4572152077675249	0.14639122358079493	0.45367377441655105	0.3761070854226749	0.644641892529485	0.836788948043945	2.170767172035715	0.5340817760780749	0.129231415124347	1.2728486300851052	-1	0.811520799730195	0.637230389759905	1.2741933677725852	0.209998379974915	0.0	0.17951224520778486
ROD_07871_1-234	1.09376527057387	-1	0.5785347163030901	0.15377650751681693	0.27770296255974003	0.03312102162698993	0.633186019624336	0.19659484021489004	0.46512964732170015	0.6572767028361601	1.9912549268279303	0.3545695308702901	0.30874366033213185	1.0933363848773203	-1	0.6320085545224101	0.4577181445521201	1.0946811225648003	0.030486134767130135	0.17951224520778486	0.0
