STMMW_09421_1-171	0.0	0.8363026756275016	0.7597856344427838	0.5675455854369533	0.4398678328921987	0.031658836399681756	0.6613049223739773	0.3456589080418086	0.008667402642546784	0.027678004667410494	0.28393057917628733	0.7501253496950651	0.45050623067982704	-1
SL1344_0868_1-171	0.8363026756275016	0.0	0.0765170411847178	0.2687570901905483	0.39643484273530294	0.8046438392278199	0.1749977532535243	0.49064376758569306	0.8276352729849549	0.8086246709600912	0.5523720964512143	0.08617732593243654	0.3857964449476746	-1
ETEC_0932_1-171	0.7597856344427838	0.0765170411847178	0.0	0.19224004900583047	0.31991780155058513	0.7281267980431021	0.09848071206880649	0.41412672640097525	0.7511182318002371	0.7321076297753734	0.4758550552664965	0.00966028474771874	0.3092794037629568	-1
BN373_15131_1-171	0.5675455854369533	0.2687570901905483	0.19224004900583047	0.0	0.12767775254475466	0.5358867490372716	0.09375933693702398	0.22188667739514478	0.5588781827944066	0.5398675807695429	0.28361500626066605	0.18257976425811173	0.11703935475712635	-1
Ecoli9000q_50230_3-173	0.4398678328921987	0.39643484273530294	0.31991780155058513	0.12767775254475466	0.0	0.40820899649251696	0.22143708948177865	0.09420892485039012	0.43120043024965193	0.4121898282247882	0.15593725371591138	0.3102575168028664	0.010638397787628318	-1
SEN0837_1-171	0.031658836399681756	0.8046438392278199	0.7281267980431021	0.5358867490372716	0.40820899649251696	0.0	0.6296460859742956	0.31400007164212684	0.02299143375713497	0.003980831732271262	0.2522717427766056	0.7184665132953834	0.4188473942801453	-1
ENC_18400_1-172	0.6613049223739773	0.1749977532535243	0.09848071206880649	0.09375933693702398	0.22143708948177865	0.6296460859742956	0.0	0.31564601433216877	0.6526375197314306	0.6336269177065669	0.37737434319769003	0.08882042732108775	0.21079869169415033	-1
ERS227112_03384_1-171	0.3456589080418086	0.49064376758569306	0.41412672640097525	0.22188667739514478	0.09420892485039012	0.31400007164212684	0.31564601433216877	0.0	0.3369915053992618	0.3179809033743981	0.061728328865521265	0.4044664416532565	0.10484732263801844	-1
STM_MW09421_1-171	0.008667402642546784	0.8276352729849549	0.7511182318002371	0.5588781827944066	0.43120043024965193	0.02299143375713497	0.6526375197314306	0.3369915053992618	0.0	0.01901060202486371	0.27526317653374055	0.7414579470525183	0.44183882803728025	-1
t2004_1-171	0.027678004667410494	0.8086246709600912	0.7321076297753734	0.5398675807695429	0.4121898282247882	0.003980831732271262	0.6336269177065669	0.3179809033743981	0.01901060202486371	0.0	0.25625257450887684	0.7224473450276546	0.42282822601241654	-1
ROD_08751_1-171	0.28393057917628733	0.5523720964512143	0.4758550552664965	0.28361500626066605	0.15593725371591138	0.2522717427766056	0.37737434319769003	0.061728328865521265	0.27526317653374055	0.25625257450887684	0.0	0.4661947705187778	0.1665756515035397	-1
CS17_00926_1-171	0.7501253496950651	0.08617732593243654	0.00966028474771874	0.18257976425811173	0.3102575168028664	0.7184665132953834	0.08882042732108775	0.4044664416532565	0.7414579470525183	0.7224473450276546	0.4661947705187778	0.0	0.2996191190152381	-1
NCTC13441_03129_1-171	0.45050623067982704	0.3857964449476746	0.3092794037629568	0.11703935475712635	0.010638397787628318	0.4188473942801453	0.21079869169415033	0.10484732263801844	0.44183882803728025	0.42282822601241654	0.1665756515035397	0.2996191190152381	0.0	-1
b0865_1-171	-1	-1	-1	-1	-1	-1	-1	-1	-1	-1	-1	-1	-1	-1
