NCTC13441_02927_2-109	0.0	0.31280771363452026	-1	0.5459728710066897	0.3882789251700447	0.03332954075047338	0.782829136006726	0.5383562663848568	0.12105278519354014	1.0	0.2978037884285923	0.14164329089986102	0.7740693218068581	0.1205671062000616
ENC_16580_4-111	0.31280771363452026	0.0	-1	0.6879960591551325	0.10982546375001864	0.28911421695974804	0.6839736587529552	0.6827619872107132	0.21816432797184948	1.0	0.0213671406348825	0.4101438905563265	0.8447421806923514	0.21859610754813472
b0969_2-109	-1	-1	-1	-1	-1	-1	-1	-1	-1	-1	-1	-1	-1	-1
SEN0949_2-109	0.5459728710066897	0.6879960591551325	-1	0.0	0.7222620366502535	0.5611053867042927	0.9013985361201371	0.016498880125994753	0.6009341195247566	1.0	0.6811838700702547	0.47105075992323625	0.5023850696012687	0.6007136080857352
ETEC_1039_2-109	0.3882789251700447	0.10982546375001864	-1	0.7222620366502535	0.0	0.3671875777554388	0.6449838448779247	0.717602799084431	0.3040297932286486	1.0	0.1288459482556633	0.4749251113217597	0.8617934426986306	0.3044141524127305
BN373_16191_2-109	0.03332954075047338	0.28911421695974804	-1	0.5611053867042927	0.3671875777554388	0.0	0.7753413669412487	0.5537426400165835	0.09074782787007953	1.0	0.2735929759180219	0.17025192581425633	0.7815994875524784	0.09024540329629499
ERS227112_03483_2-109	0.782829136006726	0.6839736587529552	-1	0.9013985361201371	0.6449838448779247	0.7753413669412487	0.0	0.8997444315137185	0.7529193331125191	1.0	0.6907262380307082	0.8135899318702995	0.9509344394142091	0.7530557868322376
CS17_01032_2-109	0.5383562663848568	0.6827619872107132	-1	0.016498880125994753	0.717602799084431	0.5537426400165835	0.8997444315137185	0.0	0.5942395261061146	1.0	0.6758355191597664	0.4621772874600015	0.5105951586868226	0.5940153154422267
t1835_2-109	0.12105278519354014	0.21816432797184948	-1	0.6009341195247566	0.3040297932286486	0.09074782787007953	0.7529193331125191	0.5942395261061146	0.0	1.0	0.20109399092182337	0.24554976122599417	0.8014188596628034	0.0005522638474210042
Ecoli9000q_51460_2-109	1.0	1.0	-1	1.0	1.0	1.0	1.0	1.0	1.0	0	1.0	1.0	1.0	1.0
STMMW_10971_2-109	0.2978037884285923	0.0213671406348825	-1	0.6811838700702547	0.1288459482556633	0.2735929759180219	0.6907262380307082	0.6758355191597664	0.20109399092182337	1.0	0.0	0.39726517069298156	0.8413523336950169	0.20153519782812462
SL1344_1024_2-109	0.14164329089986102	0.4101438905563265	-1	0.47105075992323625	0.4749251113217597	0.17025192581425633	0.8135899318702995	0.4621772874600015	0.24554976122599417	1.0	0.39726517069298156	0.0	0.7367869607147394	0.24513287540347287
ROD_10311_1-108	0.7740693218068581	0.8447421806923514	-1	0.5023850696012687	0.8617934426986306	0.7815994875524784	0.9509344394142091	0.5105951586868226	0.8014188596628034	1.0	0.8413523336950169	0.7367869607147394	0.0	0.8013091298784225
STM_MW10971_2-109	0.1205671062000616	0.21859610754813472	-1	0.6007136080857352	0.3044141524127305	0.09024540329629499	0.7530557868322376	0.5940153154422267	0.0005522638474210042	1.0	0.20153519782812462	0.24513287540347287	0.8013091298784225	0.0
