SL1344_2939_1-918	0.0	0.9885068049779051	0.483709417849709	0.2532374496075014	0.1736880346273959	0.3467896408647033	0.1073723692502162	0.09413258748973374	0.9396283630136952	-1	0.7767855333766325	0.29229266434828693
ETEC_2976_1-918	0.9885068049779051	0.0	1.472216222827614	0.7352693553704037	1.162194839605301	1.3352964458426084	1.0958791742281213	1.0826393924676387	1.9281351679916003	-1	0.21172127160127263	1.2807994693261922
t2867_1-918	0.483709417849709	1.472216222827614	0.0	0.7369468674572104	0.3100213832223131	0.13691977698500568	0.3763370485994928	0.38957683035997526	0.45591894516398623	-1	1.2604949512263415	0.19141675350142207
ENC_30270_1-918	0.2532374496075014	0.7352693553704037	0.7369468674572104	0.0	0.4269254842348973	0.6000270904722047	0.3606098188577176	0.34737003709723513	1.1928658126211966	-1	0.5235480837691311	0.5455301139557883
SEN2803_1-918	0.1736880346273959	1.162194839605301	0.3100213832223131	0.4269254842348973	0.0	0.17310160623730741	0.0663156653771797	0.07955544713766216	0.7659403283862993	-1	0.9504735680040284	0.11860462972089103
STM_MW29211_1-918	0.3467896408647033	1.3352964458426084	0.13691977698500568	0.6000270904722047	0.17310160623730741	0.0	0.23941727161448711	0.2526570533749696	0.5928387221489919	-1	1.1235751742413358	0.054496976516416384
ERS227112_01532_1-915	0.1073723692502162	1.0958791742281213	0.3763370485994928	0.3606098188577176	0.0663156653771797	0.23941727161448711	0.0	0.01323978176048246	0.832255993763479	-1	0.8841579026268487	0.18492029509807073
STMMW_29211_1-918	0.09413258748973374	1.0826393924676387	0.38957683035997526	0.34737003709723513	0.07955544713766216	0.2526570533749696	0.01323978176048246	0.0	0.8454957755239615	-1	0.8709181208663662	0.1981600768585532
BN373_37721_1-915	0.9396283630136952	1.9281351679916003	0.45591894516398623	1.1928658126211966	0.7659403283862993	0.5928387221489919	0.832255993763479	0.8454957755239615	0.0	-1	1.7164138963903277	0.6473356986654083
b2786_1-918	-1	-1	-1	-1	-1	-1	-1	-1	-1	-1	-1	-1
NCTC13441_00990_1-918	0.7767855333766325	0.21172127160127263	1.2604949512263415	0.5235480837691311	0.9504735680040284	1.1235751742413358	0.8841579026268487	0.8709181208663662	1.7164138963903277	-1	0.0	1.0690781977249193
ROD_30301_1-918	0.29229266434828693	1.2807994693261922	0.19141675350142207	0.5455301139557883	0.11860462972089103	0.054496976516416384	0.18492029509807073	0.1981600768585532	0.6473356986654083	-1	1.0690781977249193	0.0
