CS17_03686_1-344	0.0	0.3096840198487977	0.5567170966990954	0.332515706926837	0.41990981045964093	-1	0.5571083684783017	0.5189517769655347	0.3063467190009271	0.39804813806653183	0.8527142175930637	0.04568593996222367	0.8824421452122273
STMMW_33711_1-350	0.3096840198487977	0.0	0.35785507499940716	0.03307425546347408	0.15967440097026314	-1	0.358421875986863	0.30314778034096845	0.004811194496281843	0.1280053204017955	0.7866400508725355	0.27663647738368613	0.8297042830125074
NCTC13441_00450_1-344	0.5567170966990954	0.35785507499940716	0.0	0.3358901356914532	0.23583795883163494	-1	0.0008826683282676228	0.07850630752845546	0.36094455912838536	0.26359077638354544	0.6677386352819535	0.5354957850213825	0.7348017396737421
ETEC_3510_1-344	0.332515706926837	0.03307425546347408	0.3358901356914532	0.0	0.1309305768536259	-1	0.33647632443516845	0.2793115463141878	0.037726323283901436	0.0981782370308327	0.7793419501621256	0.3005611873236566	0.8238792193198662
SL1344_3345_1-350	0.41990981045964093	0.15967440097026314	0.23583795883163494	0.1309305768536259	0.0	-1	0.2365124604630386	0.17073546198802422	0.16371737086739976	0.03631797453518872	0.746098477335671	0.39213911454118544	0.7973455560747873
b3250_1-344	-1	-1	-1	-1	-1	-1	-1	-1	-1	-1	-1	-1	-1
SEN3206_1-350	0.5571083684783017	0.358421875986863	0.0008826683282676228	0.33647632443516845	0.2365124604630386	-1	0.0	0.07931968082549848	0.3615086331260498	0.26424078148187585	0.6674450996039638	0.5359057881802909	0.7345674507692448
BN373_42991_1-330	0.5189517769655347	0.30314778034096845	0.07850630752845546	0.2793115463141878	0.17073546198802422	-1	0.07931968082549848	0.0	0.30650047190491375	0.2008526703624782	0.6938232481603328	0.4959225236444456	0.7556214758549267
ENC_34950_1-337	0.3063467190009271	0.004811194496281843	0.36094455912838536	0.037726323283901436	0.16371737086739976	-1	0.3615086331260498	0.30650047190491375	0.0	0.13220065640506543	0.7876665670855045	0.2731394097121289	0.830523608828818
ROD_45661_1-345	0.39804813806653183	0.1280053204017955	0.26359077638354544	0.0981782370308327	0.03631797453518872	-1	0.26424078148187585	0.2008526703624782	0.13220065640506543	0.0	0.7553196663702398	0.3692308568631588	0.804705555008706
t3288_1-350	0.8527142175930637	0.7866400508725355	0.6677386352819535	0.7793419501621256	0.746098477335671	-1	0.6674450996039638	0.6938232481603328	0.7876665670855045	0.7553196663702398	0.0	0.8456631956139198	0.20183840648670498
ERS227112_00948_1-331	0.04568593996222367	0.27663647738368613	0.5354957850213825	0.3005611873236566	0.39213911454118544	-1	0.5359057881802909	0.4959225236444456	0.2731394097121289	0.3692308568631588	0.8456631956139198	0.0	0.8768142902734565
STM_MW33711_1-351	0.8824421452122273	0.8297042830125074	0.7348017396737421	0.8238792193198662	0.7973455560747873	-1	0.7345674507692448	0.7556214758549267	0.830523608828818	0.804705555008706	0.20183840648670498	0.8768142902734565	0.0
