NCTC13441_01188_1-112	0.0	0.558032795819775	0.17466720187158696	0.0007932016012310306	0.42907616727494	0.48782675889425	6.5140098114112455	0.505977253019631	0.22044231315109897	0.026597559216456013	0.317108589565129	0.28094852317238694	0.44477191411238204	0.10291155107677097	0.333209411615245	0.05715607632059705	6.5140098114112455	0.727428873972185	0.03737609758710997	1.079428720217195	0.13532087420024708	0.6486007671166951	0.242348270930828	0.928837405177815	0.02730391948740296	0.23266285810530896
SL1344_0456_1-112	0.558032795819775	0.0	0.732699997691362	0.557239594218544	0.12895662854483503	0.07020603692552507	5.95597701559147	0.05205554280014402	0.3375904826686761	0.531435236603319	0.24092420625464606	0.838981318992162	0.11326088170739301	0.4551212447430041	0.22482338420453007	0.500876719499178	5.95597701559147	0.16939607815240998	0.5954088934068851	0.52139592439742	0.422711921619528	0.09056797129692007	0.31568452488894705	0.37080460935803994	0.585336715307178	0.790695653925084
ROD_05051_1-112	0.17466720187158696	0.732699997691362	0.0	0.175460403472818	0.603743369146527	0.6624939607658369	6.688677013282832	0.680644454891218	0.39510951502268593	0.20126476108804298	0.49177579143671596	0.10628132130080001	0.619439115983969	0.27757875294835793	0.507876613486832	0.231823278192184	6.688677013282832	0.9020960758437719	0.137291104284477	1.254095922088782	0.30998807607183404	0.823267968988282	0.41701547280241497	1.103504607049402	0.147363282384184	0.05799565623372199
t0295_1-112	0.0007932016012310306	0.557239594218544	0.175460403472818	0.0	0.428282965673709	0.48703355729301895	6.513216609810014	0.5051840514184001	0.21964911154986794	0.025804357615224982	0.31631538796389796	0.28174172477361803	0.443978712511151	0.10211834947553994	0.33241621001401395	0.05636287471936602	6.513216609810014	0.7266356723709539	0.038169299188341	1.078635518615964	0.13452767259901605	0.647807565515464	0.24155506932959697	0.9280442035765839	0.02809712108863399	0.23345605970654
BN373_09021_1-112	0.42907616727494	0.12895662854483503	0.603743369146527	0.428282965673709	0.0	0.058750591619309955	6.084933644136305	0.07690108574469101	0.20863385412384106	0.402478608058484	0.11196757770981103	0.710024690447327	0.015695746837442015	0.32616461619816906	0.09586675565969505	0.371920090954343	6.084933644136305	0.298352706697245	0.46645226486205	0.650352552942255	0.29375529307469295	0.2195245998417551	0.18672789634411202	0.49976123790287497	0.456380086762343	0.661739025380249
BN373_35361_1-112	0.48782675889425	0.07020603692552507	0.6624939607658369	0.48703355729301895	0.058750591619309955	0.0	6.026183052516995	0.018150494125381056	0.267384445743151	0.46122919967779397	0.17071816932912098	0.7687752820666369	0.04305484478186794	0.384915207817479	0.154617347279005	0.43067068257365293	6.026183052516995	0.23960211507793505	0.52520285648136	0.5916019613229451	0.3525058846940029	0.16077400822244514	0.24547848796342198	0.441010646283565	0.5151306783816529	0.7204896169995589
b2553_1-112	6.5140098114112455	5.95597701559147	6.688677013282832	6.513216609810014	6.084933644136305	6.026183052516995	0.0	6.008032558391614	6.293567498260146	6.487412252194789	6.196901221846116	6.794958334583632	6.069237897298863	6.411098260334474	6.180800399796	6.456853735090648	0.0	5.78658093743906	6.551385908998355	5.43458109119405	6.378688937210998	5.86540904429455	6.271661540480417	5.58517240623343	6.541313730898648	6.746672669516554
SEN0444_1-112	0.505977253019631	0.05205554280014402	0.680644454891218	0.5051840514184001	0.07690108574469101	0.018150494125381056	6.008032558391614	0.0	0.28553493986853207	0.479379693803175	0.18886866345450204	0.786925776192018	0.061205338907248996	0.40306570194286007	0.17276784140438606	0.448821176699034	6.008032558391614	0.221451620952554	0.543353350606741	0.573451467197564	0.37065637881938396	0.14262351409706409	0.26362898208880303	0.42286015215818396	0.533281172507034	0.73864011112494
SL1344_2523_1-112	0.22044231315109897	0.3375904826686761	0.39510951502268593	0.21964911154986794	0.20863385412384106	0.267384445743151	6.293567498260146	0.28553493986853207	0.0	0.19384475393464295	0.09666627641403003	0.5013908363234859	0.22432960096128307	0.117530762074328	0.11276709846414601	0.16328623683050192	6.293567498260146	0.5069865608210861	0.25781841073820894	0.8589864070660961	0.08512143895085189	0.42815845396559615	0.021905957779729035	0.708395092026716	0.24774623263850193	0.4531051712564079
ETEC_0503_1-112	0.026597559216456013	0.531435236603319	0.20126476108804298	0.025804357615224982	0.402478608058484	0.46122919967779397	6.487412252194789	0.479379693803175	0.19384475393464295	0.0	0.290511030348673	0.30754608238884296	0.418174354895926	0.07631399186031496	0.30661185239878896	0.030558517104141036	6.487412252194789	0.700831314755729	0.06397365680356598	1.052831161000739	0.10872331498379106	0.6220032079002391	0.215750711714372	0.902239845961359	0.053901478703858974	0.25926041732176497
ENC_22920_1-112	0.317108589565129	0.24092420625464606	0.49177579143671596	0.31631538796389796	0.11196757770981103	0.17071816932912098	6.196901221846116	0.18886866345450204	0.09666627641403003	0.290511030348673	0.0	0.5980571127375159	0.12766332454725304	0.21419703848835803	0.01610082205011598	0.25995251324453195	6.196901221846116	0.41032028440705604	0.35448468715223896	0.762320130652066	0.18178771536488192	0.3314921775515661	0.07476031863430099	0.611728815612686	0.34441250905253196	0.549771447670438
STM_MW05331_1-112	0.28094852317238694	0.838981318992162	0.10628132130080001	0.28174172477361803	0.710024690447327	0.7687752820666369	6.794958334583632	0.786925776192018	0.5013908363234859	0.30754608238884296	0.5980571127375159	0.0	0.725720437284769	0.3838600742491579	0.6141579347876319	0.338104599492984	6.794958334583632	1.008377397144572	0.243572425585277	1.360377243389582	0.416269397372634	0.9295492902890821	0.523296794103215	1.209785928350202	0.253644603684984	0.048285665067078015
ETEC_2710_1-112	0.44477191411238204	0.11326088170739301	0.619439115983969	0.443978712511151	0.015695746837442015	0.04305484478186794	6.069237897298863	0.061205338907248996	0.22432960096128307	0.418174354895926	0.12766332454725304	0.725720437284769	0.0	0.34186036303561107	0.11156250249713706	0.387615837791785	6.069237897298863	0.282656959859803	0.482148011699492	0.634656806104813	0.30945103991213496	0.20382885300431308	0.20242364318155404	0.48406549106543295	0.472075833599785	0.677434772217691
CS17_00482_1-112	0.10291155107677097	0.4551212447430041	0.27757875294835793	0.10211834947553994	0.32616461619816906	0.384915207817479	6.411098260334474	0.40306570194286007	0.117530762074328	0.07631399186031496	0.21419703848835803	0.3838600742491579	0.34186036303561107	0.0	0.230297860538474	0.04575547475617392	6.411098260334474	0.6245173228954141	0.14028764866388094	0.9765171691404241	0.03240932312347611	0.5456892160399242	0.13943671985405703	0.825925854101044	0.13021547056417393	0.3355744091820799
SEN2541_1-112	0.333209411615245	0.22482338420453007	0.507876613486832	0.33241621001401395	0.09586675565969505	0.154617347279005	6.180800399796	0.17276784140438606	0.11276709846414601	0.30661185239878896	0.01610082205011598	0.6141579347876319	0.11156250249713706	0.230297860538474	0.0	0.27605333529464793	6.180800399796	0.39421946235694005	0.37058550920235495	0.7462193086019501	0.1978885374149979	0.31539135550145014	0.09086114068441697	0.59562799356257	0.36051333110264794	0.5658722697205539
ERS227112_02765_1-112	0.05715607632059705	0.500876719499178	0.231823278192184	0.05636287471936602	0.371920090954343	0.43067068257365293	6.456853735090648	0.448821176699034	0.16328623683050192	0.030558517104141036	0.25995251324453195	0.338104599492984	0.387615837791785	0.04575547475617392	0.27605333529464793	0.0	6.456853735090648	0.670272797651588	0.09453217390770702	1.0222726438965979	0.07816479787965003	0.5914446907960981	0.18519219461023095	0.8716813288572179	0.08445999580800001	0.289818934425906
b0450_1-112	6.5140098114112455	5.95597701559147	6.688677013282832	6.513216609810014	6.084933644136305	6.026183052516995	0.0	6.008032558391614	6.293567498260146	6.487412252194789	6.196901221846116	6.794958334583632	6.069237897298863	6.411098260334474	6.180800399796	6.456853735090648	0.0	5.78658093743906	6.551385908998355	5.43458109119405	6.378688937210998	5.86540904429455	6.271661540480417	5.58517240623343	6.541313730898648	6.746672669516554
ENC_37110_1-112	0.727428873972185	0.16939607815240998	0.9020960758437719	0.7266356723709539	0.298352706697245	0.23960211507793505	5.78658093743906	0.221451620952554	0.5069865608210861	0.700831314755729	0.41032028440705604	1.008377397144572	0.282656959859803	0.6245173228954141	0.39421946235694005	0.670272797651588	5.78658093743906	0.0	0.764804971559295	0.35199984624501	0.592107999771938	0.07882810685548991	0.48508060304135703	0.20140853120562996	0.754732793459588	0.960091732077494
NCTC13441_03528_1-112	0.03737609758710997	0.5954088934068851	0.137291104284477	0.038169299188341	0.46645226486205	0.52520285648136	6.551385908998355	0.543353350606741	0.25781841073820894	0.06397365680356598	0.35448468715223896	0.243572425585277	0.482148011699492	0.14028764866388094	0.37058550920235495	0.09453217390770702	6.551385908998355	0.764804971559295	0.0	1.116804817804305	0.17269697178735705	0.6859768647038051	0.27972436851793797	0.966213502764925	0.010072178099707008	0.195286760518199
CS17_02840_1-112	1.079428720217195	0.52139592439742	1.254095922088782	1.078635518615964	0.650352552942255	0.5916019613229451	5.43458109119405	0.573451467197564	0.8589864070660961	1.052831161000739	0.762320130652066	1.360377243389582	0.634656806104813	0.9765171691404241	0.7462193086019501	1.0222726438965979	5.43458109119405	0.35199984624501	1.116804817804305	0.0	0.944107846016948	0.4308279531004999	0.837080449286367	0.15059131503938006	1.106732639704598	1.312091578322504
t2397_1-112	0.13532087420024708	0.422711921619528	0.30998807607183404	0.13452767259901605	0.29375529307469295	0.3525058846940029	6.378688937210998	0.37065637881938396	0.08512143895085189	0.10872331498379106	0.18178771536488192	0.416269397372634	0.30945103991213496	0.03240932312347611	0.1978885374149979	0.07816479787965003	6.378688937210998	0.592107999771938	0.17269697178735705	0.944107846016948	0.0	0.513279892916448	0.10702739673058093	0.7935165309775679	0.16262479368765004	0.36798373230555603
STMMW_05331_1-112	0.6486007671166951	0.09056797129692007	0.823267968988282	0.647807565515464	0.2195245998417551	0.16077400822244514	5.86540904429455	0.14262351409706409	0.42815845396559615	0.6220032079002391	0.3314921775515661	0.9295492902890821	0.20382885300431308	0.5456892160399242	0.31539135550145014	0.5914446907960981	5.86540904429455	0.07882810685548991	0.6859768647038051	0.4308279531004999	0.513279892916448	0.0	0.4062524961858671	0.28023663806111987	0.6759046866040981	0.8812636252220041
STMMW_25781_1-112	0.242348270930828	0.31568452488894705	0.41701547280241497	0.24155506932959697	0.18672789634411202	0.24547848796342198	6.271661540480417	0.26362898208880303	0.021905957779729035	0.215750711714372	0.07476031863430099	0.523296794103215	0.20242364318155404	0.13943671985405703	0.09086114068441697	0.18519219461023095	6.271661540480417	0.48508060304135703	0.27972436851793797	0.837080449286367	0.10702739673058093	0.4062524961858671	0.0	0.686489134246987	0.26965219041823096	0.47501112903613696
ROD_24961_1-112	0.928837405177815	0.37080460935803994	1.103504607049402	0.9280442035765839	0.49976123790287497	0.441010646283565	5.58517240623343	0.42286015215818396	0.708395092026716	0.902239845961359	0.611728815612686	1.209785928350202	0.48406549106543295	0.825925854101044	0.59562799356257	0.8716813288572179	5.58517240623343	0.20140853120562996	0.966213502764925	0.15059131503938006	0.7935165309775679	0.28023663806111987	0.686489134246987	0.0	0.956141324665218	1.161500263283124
ERS227112_00037_1-112	0.02730391948740296	0.585336715307178	0.147363282384184	0.02809712108863399	0.456380086762343	0.5151306783816529	6.541313730898648	0.533281172507034	0.24774623263850193	0.053901478703858974	0.34441250905253196	0.253644603684984	0.472075833599785	0.13021547056417393	0.36051333110264794	0.08445999580800001	6.541313730898648	0.754732793459588	0.010072178099707008	1.106732639704598	0.16262479368765004	0.6759046866040981	0.26965219041823096	0.956141324665218	0.0	0.205358938617906
STM_MW25781_1-112	0.23266285810530896	0.790695653925084	0.05799565623372199	0.23345605970654	0.661739025380249	0.7204896169995589	6.746672669516554	0.73864011112494	0.4531051712564079	0.25926041732176497	0.549771447670438	0.048285665067078015	0.677434772217691	0.3355744091820799	0.5658722697205539	0.289818934425906	6.746672669516554	0.960091732077494	0.195286760518199	1.312091578322504	0.36798373230555603	0.8812636252220041	0.47501112903613696	1.161500263283124	0.205358938617906	0.0
