STM_MW12421_1-456	0.0	0.7604281648514412	0.24071919890416182	-1	0.36842381951044206	0.07580474058381581	0.21859610754813472	0.7725613508240737	0.6697456329890193	0.7970539475846296	0.4208161233477349	0.6622255207933184	0.668481463888046	0.33370150923161396
SEN1817_1-456	0.7604281648514412	0.0	0.6844753155844387	-1	0.8486921354039991	0.7407779008735699	0.8127976354930794	0.0506452937805013	0.27458389932329536	0.15288016936747498	0.5863630794881487	0.2907343511823855	0.27735010549257716	0.8403736478099026
ERS227112_03609_1-456	0.24071919890416182	0.6844753155844387	0.0	-1	0.5204563317248387	0.1784411428646829	0.40669502655974155	0.7004551559216647	0.565043174364032	0.7327127827775087	0.23719409760347784	0.555138917355495	0.5633782183962939	0.4940923481604319
b1131_1-456	-1	-1	-1	-1	-1	-1	-1	-1	-1	-1	-1	-1	-1	-1
CS17_01332_1-456	0.36842381951044206	0.8486921354039991	0.5204563317248387	-1	0.0	0.41630028803137026	0.19174170158300918	0.8563551666577639	0.7914192082932082	0.8718241073700667	0.6342012593828271	0.7866696845557944	0.7906207892009225	0.05211224512723385
ETEC_1255_1-456	0.07580474058381581	0.7407779008735699	0.1784411428646829	-1	0.41630028803137026	0.0	0.2778302269066323	0.7539062802382261	0.6426573674273087	0.7804078192918109	0.373310054611039	0.6345204373586005	0.6412895081052732	0.38421009347569945
ENC_15040_1-456	0.21859610754813472	0.8127976354930794	0.40669502655974155	-1	0.19174170158300918	0.2778302269066323	0.0	0.8222785542399369	0.7419379521183929	0.8414171646848893	0.547423464338559	0.7360617071769974	0.7409501254621749	0.14730589749470666
BN373_17561_1-456	0.7725613508240737	0.0506452937805013	0.7004551559216647	-1	0.8563551666577639	0.7539062802382261	0.8222785542399369	0.0	0.31132281085517277	0.10768880684659093	0.6073118428459333	0.3266553183351715	0.3139489217003538	0.8484579713116799
SL1344_1170_1-456	0.6697456329890193	0.27458389932329536	0.565043174364032	-1	0.7914192082932082	0.6426573674273087	0.7419379521183929	0.31132281085517277	0.0	0.38548563565664323	0.42979357623026293	0.022263707469442996	0.0038132682286777593	0.7799520136909149
NCTC13441_02781_1-456	0.7970539475846296	0.15288016936747498	0.7327127827775087	-1	0.8718241073700667	0.7804078192918109	0.8414171646848893	0.10768880684659093	0.38548563565664323	0.0	0.6495999619526414	0.39916700370015445	0.3878289437582599	0.8647773515682369
Ecoli9000q_580_1-456	0.4208161233477349	0.5863630794881487	0.23719409760347784	-1	0.6342012593828271	0.373310054611039	0.547423464338559	0.6073118428459333	0.42979357623026293	0.6495999619526414	0.0	0.41680959566925707	0.42761090307250776	0.6140906571092127
ROD_12211_1-456	0.6622255207933184	0.2907343511823855	0.555138917355495	-1	0.7866696845557944	0.6345204373586005	0.7360617071769974	0.3266553183351715	0.022263707469442996	0.39916700370015445	0.41680959566925707	0.0	0.0185210650296039	0.7749413742845104
STMMW_12421_1-456	0.668481463888046	0.27735010549257716	0.5633782183962939	-1	0.7906207892009225	0.6412895081052732	0.7409501254621749	0.3139489217003538	0.0038132682286777593	0.3878289437582599	0.42761090307250776	0.0185210650296039	0.0	0.7791096997268603
t1688_1-456	0.33370150923161396	0.8403736478099026	0.4940923481604319	-1	0.05211224512723385	0.38421009347569945	0.14730589749470666	0.8484579713116799	0.7799520136909149	0.8647773515682369	0.6140906571092127	0.7749413742845104	0.7791096997268603	0.0
