ROD_27991_1-217	0.0	1.2209542858128533	0.014743726849728467	0.28068857156643345	0.8904776629836381	-1	1.3118812942589173	0.06321645197458581	0.515976195035469	0.11465334220788115	0.7899980917673507	0.7641254119635185	1.0638997114797735
STM_MW41411_1-179	1.2209542858128533	0.0	1.2356980126625816	1.5016428573792866	0.3304766228292151	-1	0.09092700844606405	1.284170737787439	0.7049780907773842	1.106300943604972	0.43095619404550245	0.4568288738493347	0.1570545743330798
BN373_28561_2-194	0.014743726849728467	1.2356980126625816	0.0	0.265944844716705	0.9052213898333665	-1	1.3266250211086457	0.04847272512485734	0.5307199218851975	0.12939706905760961	0.8047418186170792	0.7788691388132469	1.0786434383295018
ERS227112_04389_1-179	0.28068857156643345	1.5016428573792866	0.265944844716705	0.0	1.1711662345500715	-1	1.5925698658253507	0.21747211959184765	0.7966647666019024	0.3953419137743146	1.0706866633337841	1.044813983529952	1.3445882830462068
STMMW_41411_1-179	0.8904776629836381	0.3304766228292151	0.9052213898333665	1.1711662345500715	0.0	-1	0.42140363127527913	0.9536941149582239	0.3745014679481691	0.7758243207757569	0.10047957121628737	0.1263522510201196	0.1734220484961353
b0354_1-179	-1	-1	-1	-1	-1	-1	-1	-1	-1	-1	-1	-1	-1
t4119_1-179	1.3118812942589173	0.09092700844606405	1.3266250211086457	1.5925698658253507	0.42140363127527913	-1	0.0	1.375097746233503	0.7959050992234482	1.197227952051036	0.5218832024915665	0.5477558822953987	0.24798158277914384
Ecoli9000q_44610_1-179	0.06321645197458581	1.284170737787439	0.04847272512485734	0.21747211959184765	0.9536941149582239	-1	1.375097746233503	0.0	0.5791926470100548	0.17786979418246696	0.8532145437419365	0.8273418639381043	1.1271161634543592
ETEC_0410_1-179	0.515976195035469	0.7049780907773842	0.5307199218851975	0.7966647666019024	0.3745014679481691	-1	0.7959050992234482	0.5791926470100548	0.0	0.40132285282758784	0.2740218967318817	0.24814921692804948	0.5479235164443044
NCTC13441_03614_1-179	0.11465334220788115	1.106300943604972	0.12939706905760961	0.3953419137743146	0.7758243207757569	-1	1.197227952051036	0.17786979418246696	0.40132285282758784	0.0	0.6753447495594695	0.6494720697556373	0.9492463692718922
SL1344_4127_1-179	0.7899980917673507	0.43095619404550245	0.8047418186170792	1.0706866633337841	0.10047957121628737	-1	0.5218832024915665	0.8532145437419365	0.2740218967318817	0.6753447495594695	0.0	0.025872679803832233	0.27390161971242266
CS17_00394_1-179	0.7641254119635185	0.4568288738493347	0.7788691388132469	1.044813983529952	0.1263522510201196	-1	0.5477558822953987	0.8273418639381043	0.24814921692804948	0.6494720697556373	0.025872679803832233	0.0	0.2997742995162549
SEN3975_1-179	1.0638997114797735	0.1570545743330798	1.0786434383295018	1.3445882830462068	0.1734220484961353	-1	0.24798158277914384	1.1271161634543592	0.5479235164443044	0.9492463692718922	0.27390161971242266	0.2997742995162549	0.0
