ETEC_1842_1-119	0.0	0.17345427674946	0.09281357399637002	5.80177628497656	0.18398823202097003	0.08034223886993996	0.490639398955359	0.02468356770298996	0.6045476669576131	0.07269722773972997
BN373_39331_1-99	0.17345427674946	0.0	0.26626785074583004	5.97523056172602	0.35744250877043005	0.09311203787952005	0.317185122205899	0.14877070904647005	0.43109339020815307	0.24615150448919
STMMW_03971_1-107	0.09281357399637002	0.26626785074583004	0.0	5.70896271098019	0.09117465802460001	0.17315581286631	0.583452972951729	0.11749714169935999	0.6973612409539831	0.02011634625664005
b1810_1-99	5.80177628497656	5.97523056172602	5.70896271098019	0.0	5.61778805295559	5.8821185238465	6.292415683931919	5.82645985267955	6.406323951934173	5.72907905723683
NCTC13441_02076_1-100	0.18398823202097003	0.35744250877043005	0.09117465802460001	5.61778805295559	0.0	0.26433047089091	0.674627630976329	0.20867179972396	0.7885358989785831	0.11129100428124006
ERS227112_01363_1-100	0.08034223886993996	0.09311203787952005	0.17315581286631	5.8821185238465	0.26433047089091	0.0	0.41029716008541905	0.05565867116695	0.5242054280876731	0.15303946660966994
SL1344_0322_1-107	0.490639398955359	0.317185122205899	0.583452972951729	6.292415683931919	0.674627630976329	0.41029716008541905	0.0	0.46595583125236906	0.11390826800225407	0.563336626695089
SEN0310_1-107	0.02468356770298996	0.14877070904647005	0.11749714169935999	5.82645985267955	0.20867179972396	0.05565867116695	0.46595583125236906	0.0	0.5798640992546231	0.09738079544271994
STM_MW03971_1-108	0.6045476669576131	0.43109339020815307	0.6973612409539831	6.406323951934173	0.7885358989785831	0.5242054280876731	0.11390826800225407	0.5798640992546231	0.0	0.6772448946973431
CS17_01996_1-100	0.07269722773972997	0.24615150448919	0.02011634625664005	5.72907905723683	0.11129100428124006	0.15303946660966994	0.563336626695089	0.09738079544271994	0.6772448946973431	0.0
