BN373_07571_20-235	0.0	0.3142720363484723	0.13183673334973375	0.05570179858549944	0.3902611150317572	0.5038355885631736	0.4612662120624518	-1	0.05918253911198108	0.4975691949345604	0.31010418384796395	0.36645314205873636	0.6186349820451653	0.4278967968415754
CS17_00709_1-218	0.3142720363484723	0.0	0.40467617104285464	0.35246831726423433	0.5818849960515737	0.6597661885090663	0.6305751766473111	-1	0.27113601505197116	0.6554691471666785	0.5269191468583556	0.5655592032261136	0.7384873428299029	0.6076928354996571
ETEC_0723_1-218	0.13183673334973375	0.40467617104285464	0.0	0.08062594490828094	0.29766795211127955	0.4284895128640556	0.37945567540975733	-1	0.1832168398338484	0.42127152303503246	0.20533862390430307	0.27024457002684527	0.5607220063268755	0.3410188784353479
ROD_07111_1-218	0.05570179858549944	0.35246831726423433	0.08062594490828094	0.0	0.3542941371116757	0.4745680859143831	0.42948764793731664	-1	0.1115877638240865	0.4679320533356633	0.26940894823413347	0.3290817911203797	0.596139209644185	0.3941498540382167
BN373_12931_1-218	0.3902611150317572	0.5818849960515737	0.29766795211127955	0.3542941371116757	0.0	0.18626739466900108	0.11645164640334976	-1	0.426347010439486	0.17599021900725942	0.11618700868614727	0.03757886677930314	0.37454371476620274	0.06172426056077817
SEN0675_1-218	0.5038355885631736	0.6597661885090663	0.4284895128640556	0.4745680859143831	0.18626739466900108	0.0	0.07901746178514527	-1	0.5331998582490066	0.012472152514209309	0.28081255195279514	0.21684654383870997	0.2313736955650403	0.13273617644921573
Ecoli9000q_48050_1-218	0.4612662120624518	0.6305751766473111	0.37945567540975733	0.42948764793731664	0.11645164640334976	0.07901746178514527	0.0	-1	0.49314984553801144	0.06738575468059746	0.2191084866373149	0.1496543922762309	0.29210859520278715	0.058327614732189975
b0711_1-218	-1	-1	-1	-1	-1	-1	-1	-1	-1	-1	-1	-1	-1	-1
SL1344_0693_1-218	0.05918253911198108	0.27113601505197116	0.1832168398338484	0.1115877638240865	0.426347010439486	0.5331998582490066	0.49314984553801144	-1	0.0	0.52730432570641	0.3509339699705739	0.40394805375811793	0.6412051321362185	0.4617553170385885
t2164_1-218	0.4975691949345604	0.6554691471666785	0.42127152303503246	0.4679320533356633	0.17599021900725942	0.012472152514209309	0.06738575468059746	-1	0.52730432570641	0.0	0.2717294505889333	0.20695557279202836	0.2409601200603862	0.12178291907533968
NCTC13441_03290_1-218	0.31010418384796395	0.5269191468583556	0.20533862390430307	0.26940894823413347	0.11618700868614727	0.28081255195279514	0.2191084866373149	-1	0.3509339699705739	0.2717294505889333	0.0	0.0816774893998698	0.44721360961146733	0.1707397120490043
ERS227112_03163_1-218	0.36645314205873636	0.5655592032261136	0.27024457002684527	0.3290817911203797	0.03757886677930314	0.21684654383870997	0.1496543922762309	-1	0.40394805375811793	0.20695557279202836	0.0816774893998698	0.0	0.3980476531852814	0.09698359957541683
STM_MW07691_1-218	0.6186349820451653	0.7384873428299029	0.5607220063268755	0.596139209644185	0.37454371476620274	0.2313736955650403	0.29210859520278715	-1	0.6412051321362185	0.2409601200603862	0.44721360961146733	0.3980476531852814	0.0	0.3333982123340277
STMMW_07691_1-218	0.4278967968415754	0.6076928354996571	0.3410188784353479	0.3941498540382167	0.06172426056077817	0.13273617644921573	0.058327614732189975	-1	0.4617553170385885	0.12178291907533968	0.1707397120490043	0.09698359957541683	0.3333982123340277	0.0
