t3783_1-287	0.0	0.4924422001693316	0.6437872939900227	0.2323950469458833	0.33392775175352507	0.2682772875086894	1.3074379940205862	1.6406104329743798	0.2261198095997472	0.6631363383086342	-1	0.6475544493101764	0.6155435905768472
ETEC_3885_1-287	0.4924422001693316	0.0	0.15134509382069106	0.2600471532234483	0.15851444841580653	0.2241649126606422	0.8149957938512546	1.1481682328050482	0.2663223905695844	0.17069413813930256	-1	0.15511224914084476	0.12310139040751555
STMMW_37241_1-287	0.6437872939900227	0.15134509382069106	0.0	0.41139224704413935	0.3098595422364976	0.37551000648133326	0.6636507000305636	0.9968231389843571	0.41766748439027546	0.019349044318611508	-1	0.0037671553201537034	0.028243703413175503
SEN3557_1-287	0.2323950469458833	0.2600471532234483	0.41139224704413935	0.0	0.10153270480764176	0.03588224056280609	1.075042947074703	1.4082153860284965	0.006275237346136109	0.43074129136275086	-1	0.41515940236429305	0.38314854363096384
STM_MW37241_1-287	0.33392775175352507	0.15851444841580653	0.3098595422364976	0.10153270480764176	0.0	0.06565046424483567	0.9735102422670612	1.3066826812208547	0.10780794215377787	0.3292085865551091	-1	0.3136266975566513	0.2816158388233221
ROD_41711_1-287	0.2682772875086894	0.2241649126606422	0.37551000648133326	0.03588224056280609	0.06565046424483567	0.0	1.0391607065118968	1.3723331454656904	0.0421574779089422	0.39485905079994477	-1	0.37927716180148696	0.34726630306815776
ERS227112_00589_1-287	1.3074379940205862	0.8149957938512546	0.6636507000305636	1.075042947074703	0.9735102422670612	1.0391607065118968	0.0	0.33317243895379356	1.081318184420839	0.6443016557119521	-1	0.6598835447104099	0.6918944034437391
BN373_46321_1-287	1.6406104329743798	1.1481682328050482	0.9968231389843571	1.4082153860284965	1.3066826812208547	1.3723331454656904	0.33317243895379356	0.0	1.4144906233746326	0.9774740946657456	-1	0.9930559836642034	1.0250668423975327
SL1344_3701_1-287	0.2261198095997472	0.2663223905695844	0.41766748439027546	0.006275237346136109	0.10780794215377787	0.0421574779089422	1.081318184420839	1.4144906233746326	0.0	0.43701652870888696	-1	0.42143463971042916	0.38942378097709995
CS17_04092_1-287	0.6631363383086342	0.17069413813930256	0.019349044318611508	0.43074129136275086	0.3292085865551091	0.39485905079994477	0.6443016557119521	0.9774740946657456	0.43701652870888696	0.0	-1	0.015581888998457805	0.04759274773178701
b3644_1-287	-1	-1	-1	-1	-1	-1	-1	-1	-1	-1	-1	-1	-1
ENC_02630_3-289	0.6475544493101764	0.15511224914084476	0.0037671553201537034	0.41515940236429305	0.3136266975566513	0.37927716180148696	0.6598835447104099	0.9930559836642034	0.42143463971042916	0.015581888998457805	-1	0.0	0.032010858733329206
NCTC13441_00039_1-287	0.6155435905768472	0.12310139040751555	0.028243703413175503	0.38314854363096384	0.2816158388233221	0.34726630306815776	0.6918944034437391	1.0250668423975327	0.38942378097709995	0.04759274773178701	-1	0.032010858733329206	0.0
