BN373_10951_8-219	0.0	1.1328267058378634	0.32665993287449613	0.6428837547645092	0.8265310593349717	0.11666823901098244	1.0110286226695133	1.0118407079868794	-1	0.5892086774788627	0.3495598085344318	0.2224837714033725	0.8452465272095471	0.9307395177248858	0.5596804440461149
CS17_02152_1-241	1.1328267058378634	0.0	0.8061667729633673	0.48994295107335417	0.30629564650289165	1.016158466826881	0.12179808316835006	0.12098599785098396	-1	0.5436180283590006	0.7832668973034316	0.9103429344344909	0.2875801786283163	0.20208718811297754	0.5731462617917484
SL1344_1879_1-240	0.32665993287449613	0.8061667729633673	0.0	0.3162238218900131	0.4998711264604756	0.20999169386351368	0.6843686897950172	0.6851807751123833	-1	0.2625487446043666	0.022899875659935676	0.10417616147112363	0.5185865943350509	0.6040795848503897	0.23302051117161882
ERS227112_02956_8-219	0.6428837547645092	0.48994295107335417	0.3162238218900131	0.0	0.18364730457046252	0.5262155157535268	0.3681448679050041	0.3689569532223702	-1	0.053675077285646466	0.2933239462300774	0.4203999833611367	0.20236277244503786	0.2878557629603766	0.08320331071839426
SEN1057_1-240	0.8265310593349717	0.30629564650289165	0.4998711264604756	0.18364730457046252	0.0	0.7098628203239893	0.1844975633345416	0.1853096486519077	-1	0.237322381856109	0.4769712508005399	0.6040472879315992	0.018715467874575342	0.1042084583899141	0.2668506152888568
STM_MW19291_1-241	0.11666823901098244	1.016158466826881	0.20999169386351368	0.5262155157535268	0.7098628203239893	0.0	0.8943603836585309	0.895172468975897	-1	0.4725404384678803	0.23289156952344936	0.10581553239239005	0.7285782881985646	0.8140712787139034	0.4430122050351325
ETEC_2024_1-240	1.0110286226695133	0.12179808316835006	0.6843686897950172	0.3681448679050041	0.1844975633345416	0.8943603836585309	0.0	0.0008120853173660958	-1	0.4218199451906506	0.6614688141350815	0.7885448512661408	0.16578209545996625	0.08028910494462749	0.4513481786233984
ERS227112_04247_1-241	1.0118407079868794	0.12098599785098396	0.6851807751123833	0.3689569532223702	0.1853096486519077	0.895172468975897	0.0008120853173660958	0.0	-1	0.4226320305080167	0.6622808994524476	0.7893569365835069	0.16659418077733235	0.08110119026199358	0.4521602639407645
b1916_1-240	-1	-1	-1	-1	-1	-1	-1	-1	-1	-1	-1	-1	-1	-1	-1
ROD_29511_1-230	0.5892086774788627	0.5436180283590006	0.2625487446043666	0.053675077285646466	0.237322381856109	0.4725404384678803	0.4218199451906506	0.4226320305080167	-1	0.0	0.23964886894443094	0.36672490607549024	0.25603784973068433	0.3415308402460231	0.029528233432747797
NCTC13441_01908_1-241	0.3495598085344318	0.7832668973034316	0.022899875659935676	0.2933239462300774	0.4769712508005399	0.23289156952344936	0.6614688141350815	0.6622808994524476	-1	0.23964886894443094	0.0	0.1270760371310593	0.49568671867511527	0.581179709190454	0.21012063551168314
ROD_19711_1-240	0.2224837714033725	0.9103429344344909	0.10417616147112363	0.4203999833611367	0.6040472879315992	0.10581553239239005	0.7885448512661408	0.7893569365835069	-1	0.36672490607549024	0.1270760371310593	0.0	0.6227627558061746	0.7082557463215133	0.33719667264274245
BN373_29971_1-240	0.8452465272095471	0.2875801786283163	0.5185865943350509	0.20236277244503786	0.018715467874575342	0.7285782881985646	0.16578209545996625	0.16659418077733235	-1	0.25603784973068433	0.49568671867511527	0.6227627558061746	0.0	0.08549299051533876	0.2855660831634321
t0926_1-240	0.9307395177248858	0.20208718811297754	0.6040795848503897	0.2878557629603766	0.1042084583899141	0.8140712787139034	0.08028910494462749	0.08110119026199358	-1	0.3415308402460231	0.581179709190454	0.7082557463215133	0.08549299051533876	0.0	0.3710590736787709
STMMW_19291_1-240	0.5596804440461149	0.5731462617917484	0.23302051117161882	0.08320331071839426	0.2668506152888568	0.4430122050351325	0.4513481786233984	0.4521602639407645	-1	0.029528233432747797	0.21012063551168314	0.33719667264274245	0.2855660831634321	0.3710590736787709	0.0
