ETEC_3732_1-347	0.0	1.1527345132847868	1.5028666767086263	3.731810501975703	-1	1.2220047189875791	1.426843881734158	-1	0.6741141690047299	1.7777595365865464	0.755990556979754	-1	-1	1.4734418033961916	3.4638945674674826	2.0017224153297306	2.859865915121678	1.6612449435131764
ETEC_0593_1-378	1.1527345132847868	0.0	0.35013216342383946	4.88454501526049	-1	0.0692702057027923	0.2741093684493713	-1	0.47862034428005695	2.930494049871333	0.3967439563050328	-1	-1	0.32070729011140464	4.616629080752269	0.8489879020449438	4.012600428406465	0.5085104302283896
CS17_00567_1-379	1.5028666767086263	0.35013216342383946	0.0	5.234677178684329	-1	0.28086195772104716	0.07602279497446818	-1	0.8287525077038964	3.2806262132951725	0.7468761197288722	-1	-1	0.02942487331243482	4.966761244176109	0.4988557386211044	4.362732591830304	0.1583782668045502
Ecoli9000q_42950_1-379	3.731810501975703	4.88454501526049	5.234677178684329	0.0	-1	4.953815220963282	5.1586543837098615	-1	4.405924670980433	1.9540509653891567	4.487801058955457	-1	-1	5.205252305371895	0.2679159345082205	5.733532917305434	0.871944586854025	5.39305544548888
b3484_1-378	-1	-1	-1	-1	-1	-1	-1	-1	-1	-1	-1	-1	-1	-1	-1	-1	-1	-1
ETEC_0243_1-353	1.2220047189875791	0.0692702057027923	0.28086195772104716	4.953815220963282	-1	0.0	0.20483916274657898	-1	0.5478905499828493	2.9997642555741253	0.4660141620078251	-1	-1	0.25143708440861234	4.6858992864550615	0.7797176963421515	4.081870634109257	0.43924022452559736
NCTC13441_02366_1-379	1.426843881734158	0.2741093684493713	0.07602279497446818	5.1586543837098615	-1	0.20483916274657898	0.0	-1	0.7527297127294282	3.2046034183207044	0.6708533247544041	-1	-1	0.04659792166203336	4.890738449201641	0.5748785335955725	4.2867097968558365	0.23440106177901837
b0705_1-379	-1	-1	-1	-1	-1	-1	-1	-1	-1	-1	-1	-1	-1	-1	-1	-1	-1	-1
ERS227112_05747_1-395	0.6741141690047299	0.47862034428005695	0.8287525077038964	4.405924670980433	-1	0.5478905499828493	0.7527297127294282	-1	0.0	2.451873705591276	0.08187638797502417	-1	-1	0.7993276343914616	4.138008736472212	1.3276082463250007	3.5339800841264077	0.9871307745084466
Ecoli9000q_42990_1-391	1.7777595365865464	2.930494049871333	3.2806262132951725	1.9540509653891567	-1	2.9997642555741253	3.2046034183207044	-1	2.451873705591276	0.0	2.5337500935663004	-1	-1	3.251201339982738	1.6861350308809362	3.779481951916277	1.0821063785351317	3.439004480099723
ETEC_1531_1-378	0.755990556979754	0.3967439563050328	0.7468761197288722	4.487801058955457	-1	0.4660141620078251	0.6708533247544041	-1	0.08187638797502417	2.5337500935663004	0.0	-1	-1	0.7174512464164374	4.219885124447236	1.2457318583499766	3.615856472101432	0.9052543865334224
b1460_1-378	-1	-1	-1	-1	-1	-1	-1	-1	-1	-1	-1	-1	-1	-1	-1	-1	-1	-1
b1459_1-351	-1	-1	-1	-1	-1	-1	-1	-1	-1	-1	-1	-1	-1	-1	-1	-1	-1	-1
ETEC_0717_1-353	1.4734418033961916	0.32070729011140464	0.02942487331243482	5.205252305371895	-1	0.25143708440861234	0.04659792166203336	-1	0.7993276343914616	3.251201339982738	0.7174512464164374	-1	-1	0.0	4.937336370863674	0.5282806119335391	4.33330771851787	0.187803140116985
Ecoli9000q_48000_1-358	3.4638945674674826	4.616629080752269	4.966761244176109	0.2679159345082205	-1	4.6858992864550615	4.890738449201641	-1	4.138008736472212	1.6861350308809362	4.219885124447236	-1	-1	4.937336370863674	0.0	5.465616982797213	0.6040286523458045	5.1251395109806595
ETEC_1530_1-330	2.0017224153297306	0.8489879020449438	0.4988557386211044	5.733532917305434	-1	0.7797176963421515	0.5748785335955725	-1	1.3276082463250007	3.779481951916277	1.2457318583499766	-1	-1	0.5282806119335391	5.465616982797213	0.0	4.861588330451409	0.3404774718165542
Ecoli9000q_46640_1-379	2.859865915121678	4.012600428406465	4.362732591830304	0.871944586854025	-1	4.081870634109257	4.2867097968558365	-1	3.5339800841264077	1.0821063785351317	3.615856472101432	-1	-1	4.33330771851787	0.6040286523458045	4.861588330451409	0.0	4.521110858634855
CS17_01613_1-379	1.6612449435131764	0.5085104302283896	0.1583782668045502	5.39305544548888	-1	0.43924022452559736	0.23440106177901837	-1	0.9871307745084466	3.439004480099723	0.9052543865334224	-1	-1	0.187803140116985	5.1251395109806595	0.3404774718165542	4.521110858634855	0.0
