SL1344_0755_3-483	0.0	-1	0.3168413565095747	0.6490800695504334	0.29675085757962427	0.48695594208795967	0.4415647440955086	0.7605129534271137	0.09654877377232363	0.5224458564824835	0.8059300530696998
b0760_4-482	-1	-1	-1	-1	-1	-1	-1	-1	-1	-1	-1
CS17_00759_4-482	0.3168413565095747	-1	0.0	0.3322387130408587	0.020090498929950407	0.170114585578385	0.12472338758593393	0.443671596917539	0.22029258273725105	0.20560449997290886	0.48908869656012516
ROD_07561_3-483	0.6490800695504334	-1	0.3322387130408587	0.0	0.35232921197080913	0.16212412746247373	0.2075153254549248	0.11143288387668027	0.5525312957781098	0.12663421306794986	0.15684998351926643
STMMW_08301_3-483	0.29675085757962427	-1	0.020090498929950407	0.35232921197080913	0.0	0.1902050845083354	0.14481388651588434	0.4637620958474894	0.20020208380730065	0.22569499890285927	0.5091791954900755
STM_MW08301_3-483	0.48695594208795967	-1	0.170114585578385	0.16212412746247373	0.1902050845083354	0.0	0.04539119799245106	0.273557011339154	0.39040716831563604	0.03548991439452387	0.31897411098174017
SEN0723_3-482	0.4415647440955086	-1	0.12472338758593393	0.2075153254549248	0.14481388651588434	0.04539119799245106	0.0	0.31894820933160506	0.345015970323185	0.08088111238697493	0.3643653089741912
Ecoli9000q_48610_8-487	0.7605129534271137	-1	0.443671596917539	0.11143288387668027	0.4637620958474894	0.273557011339154	0.31894820933160506	0.0	0.66396417965479	0.23806709694463013	0.04541709964258617
t2109_3-483	0.09654877377232363	-1	0.22029258273725105	0.5525312957781098	0.20020208380730065	0.39040716831563604	0.345015970323185	0.66396417965479	0.0	0.4258970827101599	0.7093812792973762
ETEC_0764_4-482	0.5224458564824835	-1	0.20560449997290886	0.12663421306794986	0.22569499890285927	0.03548991439452387	0.08088111238697493	0.23806709694463013	0.4258970827101599	0.0	0.2834841965872163
NCTC13441_03234_4-483	0.8059300530696998	-1	0.48908869656012516	0.15684998351926643	0.5091791954900755	0.31897411098174017	0.3643653089741912	0.04541709964258617	0.7093812792973762	0.2834841965872163	0.0
