SEN2609_130-1348	0.0	0.0	0.11915197936413002	0.11915197936413002	0.9943661735368798	0.41776282545046994	0.41776282545046994	0.7191280434310598	0.7191280434310598	0.7238148247165599
SEN2609_2048-3216	0.0	0.0	0.11915197936413002	0.11915197936413002	0.9943661735368798	0.41776282545046994	0.41776282545046994	0.7191280434310598	0.7191280434310598	0.7238148247165599
STM_MW27031_128-1350	0.11915197936413002	0.11915197936413002	0.0	0.0	0.8752141941727498	0.2986108460863399	0.2986108460863399	0.5999760640669298	0.5999760640669298	0.6046628453524299
STM_MW27031_2048-3214	0.11915197936413002	0.11915197936413002	0.0	0.0	0.8752141941727498	0.2986108460863399	0.2986108460863399	0.5999760640669298	0.5999760640669298	0.6046628453524299
STM_MW42121_1-3574	0.9943661735368798	0.9943661735368798	0.8752141941727498	0.8752141941727498	0.0	0.5766033480864099	0.5766033480864099	0.27523813010582	0.27523813010582	0.27055134882031995
STMMW_27031_128-1350	0.41776282545046994	0.41776282545046994	0.2986108460863399	0.2986108460863399	0.5766033480864099	0.0	0.0	0.3013652179805899	0.3013652179805899	0.30605199926608995
STMMW_27031_2048-3214	0.41776282545046994	0.41776282545046994	0.2986108460863399	0.2986108460863399	0.5766033480864099	0.0	0.0	0.3013652179805899	0.3013652179805899	0.30605199926608995
SL1344_2661_128-1350	0.7191280434310598	0.7191280434310598	0.5999760640669298	0.5999760640669298	0.27523813010582	0.3013652179805899	0.3013652179805899	0.0	0.0	0.004686781285500041
SL1344_2661_2048-3214	0.7191280434310598	0.7191280434310598	0.5999760640669298	0.5999760640669298	0.27523813010582	0.3013652179805899	0.3013652179805899	0.0	0.0	0.004686781285500041
t4166_97-3283	0.7238148247165599	0.7238148247165599	0.6046628453524299	0.6046628453524299	0.27055134882031995	0.30605199926608995	0.30605199926608995	0.004686781285500041	0.004686781285500041	0.0
