BN373_42201_1-335	0.0	1.3671942636176122	1.0624958026028186	-1	1.0581593203143331	1.03738895506577	1.413418027329039	0.2518020509924852	1.0857636043957037	0.9310261313757038	0.7016462446907588	1.3736231064519941	0.9576131247280462	1.6745256512775213	1.7761232886267724	1.7393697422620493	1.5104381729546597
STMMW_32761_1-335	1.3671942636176122	0.0	0.3046984610147935	-1	0.30903494330327896	0.3298053085518421	0.04622376371142689	1.1153922126251268	0.28143065922190835	0.4361681322419083	0.6655480189268533	0.006428842834381943	0.40958113888956593	0.30733138765990925	0.40892902500916034	0.3721754786444373	0.14324390933704767
ETEC_3427_1-335	1.0624958026028186	0.3046984610147935	0.0	-1	0.004336482288485488	0.025106847537048615	0.35092222472622037	0.8106937516103334	0.023267801792885123	0.13146967122711484	0.36084955791205986	0.3111273038491754	0.10488267787477246	0.6120298486747027	0.7136274860239538	0.6768739396592307	0.44794237035184115
b3160_1-335	-1	-1	-1	-1	-1	-1	-1	-1	-1	-1	-1	-1	-1	-1	-1	-1	-1
NCTC13441_00535_1-335	1.0581593203143331	0.30903494330327896	0.004336482288485488	-1	0.0	0.020770365248563127	0.35525870701470585	0.8063572693218479	0.02760428408137061	0.12713318893862935	0.35651307562357437	0.3154637861376609	0.10054619558628697	0.6163663309631882	0.7179639683124392	0.6812104219477162	0.45227885264032663
ROD_46721_1-335	1.03738895506577	0.3298053085518421	0.025106847537048615	-1	0.020770365248563127	0.0	0.376029072263269	0.7855869040732848	0.04837464932993374	0.10636282369006622	0.33574271037501124	0.33623415138622403	0.07977583033772384	0.6371366962117513	0.7387343335610024	0.7019807871962793	0.47304921788888976
t3196_1-335	1.413418027329039	0.04622376371142689	0.35092222472622037	-1	0.35525870701470585	0.376029072263269	0.0	1.1616159763365537	0.32765442293333524	0.4823918959533352	0.7117717826382802	0.03979492087704495	0.4558049026009928	0.26110762394848236	0.36270526129773345	0.3259517149330104	0.09702014562562078
ENC_33980_1-335	0.2518020509924852	1.1153922126251268	0.8106937516103334	-1	0.8063572693218479	0.7855869040732848	1.1616159763365537	0.0	0.8339615534032185	0.6792240803832186	0.44984419369827355	1.1218210554595087	0.705811073735561	1.422723600285036	1.5243212376342872	1.4875676912695641	1.2586361219621747
SL1344_3249_1-335	1.0857636043957037	0.28143065922190835	0.023267801792885123	-1	0.02760428408137061	0.04837464932993374	0.32765442293333524	0.8339615534032185	0.0	0.15473747301999996	0.384117359704945	0.2878595020562903	0.12815047966765758	0.5887620468818175	0.6903596842310686	0.6536061378663456	0.424674568558956
SEN3111_1-335	0.9310261313757038	0.4361681322419083	0.13146967122711484	-1	0.12713318893862935	0.10636282369006622	0.4823918959533352	0.6792240803832186	0.15473747301999996	0.0	0.22937988668494502	0.44259697507629026	0.02658699335234238	0.7434995199018175	0.8450971572510686	0.8083436108863455	0.579412041578956
ERS227112_01033_1-335	0.7016462446907588	0.6655480189268533	0.36084955791205986	-1	0.35651307562357437	0.33574271037501124	0.7117717826382802	0.44984419369827355	0.384117359704945	0.22937988668494502	0.0	0.6719768617612353	0.2559668800372874	0.9728794065867625	1.0744770439360136	1.0377234975712906	0.808791928263901
STM_MW32761_1-335	1.3736231064519941	0.006428842834381943	0.3111273038491754	-1	0.3154637861376609	0.33623415138622403	0.03979492087704495	1.1218210554595087	0.2878595020562903	0.44259697507629026	0.6719768617612353	0.0	0.4160099817239479	0.3009025448255273	0.4025001821747784	0.36574663581005534	0.13681506650266573
CS17_03599_1-335	0.9576131247280462	0.40958113888956593	0.10488267787477246	-1	0.10054619558628697	0.07977583033772384	0.4558049026009928	0.705811073735561	0.12815047966765758	0.02658699335234238	0.2559668800372874	0.4160099817239479	0.0	0.7169125265494751	0.8185101638987262	0.7817566175340032	0.5528250482266136
ERS227112_04816_9-190	1.6745256512775213	0.30733138765990925	0.6120298486747027	-1	0.6163663309631882	0.6371366962117513	0.26110762394848236	1.422723600285036	0.5887620468818175	0.7434995199018175	0.9728794065867625	0.3009025448255273	0.7169125265494751	0.0	0.10159763734925109	0.06484409098452804	0.16408747832286158
ERS227112_04816_210-322	1.7761232886267724	0.40892902500916034	0.7136274860239538	-1	0.7179639683124392	0.7387343335610024	0.36270526129773345	1.5243212376342872	0.6903596842310686	0.8450971572510686	1.0744770439360136	0.4025001821747784	0.8185101638987262	0.10159763734925109	0.0	0.036753546364723055	0.26568511567211267
ERS227112_04774_1-332	1.7393697422620493	0.3721754786444373	0.6768739396592307	-1	0.6812104219477162	0.7019807871962793	0.3259517149330104	1.4875676912695641	0.6536061378663456	0.8083436108863455	1.0377234975712906	0.36574663581005534	0.7817566175340032	0.06484409098452804	0.036753546364723055	0.0	0.22893156930738962
BN373_24791_1-332	1.5104381729546597	0.14324390933704767	0.44794237035184115	-1	0.45227885264032663	0.47304921788888976	0.09702014562562078	1.2586361219621747	0.424674568558956	0.579412041578956	0.808791928263901	0.13681506650266573	0.5528250482266136	0.16408747832286158	0.26568511567211267	0.22893156930738962	0.0
