ROD_12161_1-326	0.0	0.02836075522534154	0.0638105896944432	2.0299239687938635	2.1131958887299995	0.10984230987766708	1.1488827062946358	0.023975193423700247	1.7832212959811597	2.2134144728572	2.478853792153333	0.07915449642218464	1.9636998873646112	1.0325744762927564	0.11987596711850124	0.11987596711850124	0.047950386847400495	0.09449840314992608	0.986051184292005	1.1372518832944476	0.2517395309488526	0.07148254305831392	0.08391317698295087	0.011987596711850124	1.253560113296327	0.08391317698295087	0.05993798355925062	0.08391317698295087	0.0	0.023975193423700247
ERS227112_01392_7-353	0.02836075522534154	0.0	0.03544983446910166	2.001563213568522	2.084835133504658	0.08148155465232554	1.1205219510692943	0.052335948649041786	1.7548605407558182	2.1850537176318583	2.4504930369279916	0.0507937411968431	1.9353391321392697	1.004213721067415	0.14823672234384278	0.14823672234384278	0.07631114207274203	0.06613764792458454	0.9576904290666635	1.108891128069106	0.28010028617419414	0.04312178783297238	0.1122739322082924	0.016373158513491415	1.2251993580709855	0.1122739322082924	0.08829873878459216	0.1122739322082924	0.02836075522534154	0.004385561801641291
CS17_03553_1-326	0.0638105896944432	0.03544983446910166	0.0	1.9661133790994203	2.0493852990355563	0.04603172018322388	1.0850721166001926	0.08778578311814345	1.7194107062867166	2.1496038831627566	2.41504320245889	0.015343906727741441	1.899889297670168	0.9687638865983133	0.18368655681294443	0.18368655681294443	0.11176097654184369	0.030687813455482882	0.9222405945975618	1.0734412936000044	0.3155501206432958	0.0076719533638707205	0.14772376667739406	0.051822992982593075	1.1897495236018838	0.14772376667739406	0.12374857325369382	0.14772376667739406	0.0638105896944432	0.03983539627074295
NCTC13441_01741_8-213	2.0299239687938635	2.001563213568522	1.9661133790994203	0.0	0.08327191993613625	1.9200816589161964	0.8810412624992275	2.0538991622175637	0.24670267281270375	0.18349050406333645	0.4489298233594696	1.9507694723716789	0.06622408142925207	0.9973494925011069	2.1497999359123647	2.1497999359123647	2.077874355641264	1.9354255656439374	1.0438727845018585	0.8926720854994158	2.281663499742716	1.9584414257355496	2.1138371457768144	2.0179363720820134	0.7763638554975364	2.1138371457768144	2.089861952353114	2.1138371457768144	2.0299239687938635	2.0059487753701633
NCTC13441_01741_217-398	2.1131958887299995	2.084835133504658	2.0493852990355563	0.08327191993613625	0.0	2.0033535788523325	0.9643131824353638	2.1371710821536998	0.32997459274884	0.1002185841272002	0.3656579034233334	2.034041392307815	0.14949600136538832	1.0806214124372433	2.2330718558485008	2.2330718558485008	2.1611462755774	2.0186974855800734	1.1271447044379945	0.975944005435552	2.364935419678852	2.0417133456716856	2.1971090657129504	2.1012082920181494	0.8596357754336726	2.1971090657129504	2.17313387228925	2.1971090657129504	2.1131958887299995	2.0892206953062993
CS17_04346_1-326	0.10984230987766708	0.08148155465232554	0.04603172018322388	1.9200816589161964	2.0033535788523325	0.0	1.0390403964169688	0.13381750330136732	1.6733789861034927	2.1035721629795328	2.369011482275666	0.030687813455482438	1.8538575774869441	0.9227321664150894	0.2297182769961683	0.2297182769961683	0.15779269672506757	0.015343906727740997	0.8762088744143379	1.0274095734167805	0.3615818408265197	0.03835976681935316	0.19375548686061794	0.09785471316581695	1.14371780341866	0.19375548686061794	0.1697802934369177	0.19375548686061794	0.10984230987766708	0.08586711645396683
ROD_12201_1-336	1.1488827062946358	1.1205219510692943	1.0850721166001926	0.8810412624992275	0.9643131824353638	1.0390403964169688	0.0	1.172857899718336	0.6343385896865238	1.064531766562564	1.329971085858697	1.0697282098724512	0.8148171810699755	0.1163082300018794	1.268758673413137	1.268758673413137	1.1968330931420363	1.0543843031447098	0.16283152200263085	0.01163082300018825	1.4006222372434884	1.077400163236322	1.2327958832775867	1.1368951095827857	0.10467740700169115	1.2327958832775867	1.2088206898538865	1.2327958832775867	1.1488827062946358	1.1249075128709356
ROD_30291_1-326	0.023975193423700247	0.052335948649041786	0.08778578311814345	2.0538991622175637	2.1371710821536998	0.13381750330136732	1.172857899718336	0.0	1.80719648940486	2.2373896662809	2.5028289855770334	0.10312968984588489	1.9876750807883115	1.0565496697164567	0.09590077369480099	0.09590077369480099	0.023975193423700247	0.11847359657362633	1.0100263777157052	1.1612270767181478	0.22776433752515235	0.09545773648201417	0.05993798355925062	0.03596279013555037	1.2775353067200272	0.05993798355925062	0.03596279013555037	0.05993798355925062	0.023975193423700247	0.047950386847400495
CS17_01169_1-335	1.7832212959811597	1.7548605407558182	1.7194107062867166	0.24670267281270375	0.32997459274884	1.6733789861034927	0.6343385896865238	1.80719648940486	0.0	0.4301931768760402	0.6956324961721734	1.704066799558975	0.18047859138345168	0.7506468196884032	1.903097263099661	1.903097263099661	1.8311716828285602	1.6887228928312337	0.7971701116891546	0.645969412686712	2.0349608269300123	1.7117387529228458	1.8671344729641106	1.7712336992693096	0.5296611826848326	1.8671344729641106	1.8431592795404104	1.8671344729641106	1.7832212959811597	1.7592461025574595
ETEC_2110_12-327	2.2134144728572	2.1850537176318583	2.1496038831627566	0.18349050406333645	0.1002185841272002	2.1035721629795328	1.064531766562564	2.2373896662809	0.4301931768760402	0.0	0.2654393192961332	2.134259976435015	0.24971458549258851	1.1808399965644434	2.333290439975701	2.333290439975701	2.2613648597046003	2.1189160697072738	1.2273632885651948	1.0761625895627522	2.4651540038060524	2.141931929798886	2.2973276498401507	2.2014268761453497	0.9598543595608728	2.2973276498401507	2.2733524564164505	2.2973276498401507	2.2134144728572	2.1894392794334996
ROD_31861_1-344	2.478853792153333	2.4504930369279916	2.41504320245889	0.4489298233594696	0.3656579034233334	2.369011482275666	1.329971085858697	2.5028289855770334	0.6956324961721734	0.2654393192961332	0.0	2.3996992957311485	0.5151539047887217	1.4462793158605765	2.5987297592718344	2.5987297592718344	2.5268041790007336	2.384355389003407	1.4928026078613281	1.3416019088588853	2.7305933231021857	2.407371249095019	2.562766969136284	2.466866195441483	1.225293678857006	2.562766969136284	2.5387917757125837	2.562766969136284	2.478853792153333	2.454878598729633
CS17_04863_1-326	0.07915449642218464	0.0507937411968431	0.015343906727741441	1.9507694723716789	2.034041392307815	0.030687813455482438	1.0697282098724512	0.10312968984588489	1.704066799558975	2.134259976435015	2.3996992957311485	0.0	1.8845453909424266	0.9534199798705718	0.19903046354068588	0.19903046354068588	0.12710488326958513	0.015343906727741441	0.9068966878698204	1.058097386872263	0.33089402737103724	0.0076719533638707205	0.1630676734051355	0.06716689971033452	1.1744056168741424	0.1630676734051355	0.13909247998143526	0.1630676734051355	0.07915449642218464	0.05517930299848439
SEN1915_19-359	1.9636998873646112	1.9353391321392697	1.899889297670168	0.06622408142925207	0.14949600136538832	1.8538575774869441	0.8148171810699755	1.9876750807883115	0.18047859138345168	0.24971458549258851	0.5151539047887217	1.8845453909424266	0.0	0.9311254110718549	2.0835758544831124	2.0835758544831124	2.0116502742120117	1.8692014842146851	0.9776487030726063	0.8264480040701637	2.215439418313464	1.8922173443062973	2.047613064347562	1.951712290652761	0.7101397740682843	2.047613064347562	2.023637870923862	2.047613064347562	1.9636998873646112	1.939724693940911
ROD_38021_1-336	1.0325744762927564	1.004213721067415	0.9687638865983133	0.9973494925011069	1.0806214124372433	0.9227321664150894	0.1163082300018794	1.0565496697164567	0.7506468196884032	1.1808399965644434	1.4462793158605765	0.9534199798705718	0.9311254110718549	0.0	1.1524504434112577	1.1524504434112577	1.080524863140157	0.9380760731428304	0.04652329200075145	0.10467740700169115	1.284314007241609	0.9610919332344425	1.1164876532757073	1.0205868795809063	0.22098563700357055	1.1164876532757073	1.092512459852007	1.1164876532757073	1.0325744762927564	1.0085992828690562
ROD_24951_1-326	0.11987596711850124	0.14823672234384278	0.18368655681294443	2.1497999359123647	2.2330718558485008	0.2297182769961683	1.268758673413137	0.09590077369480099	1.903097263099661	2.333290439975701	2.5987297592718344	0.19903046354068588	2.0835758544831124	1.1524504434112577	0.0	0.0	0.07192558027110074	0.21437437026842732	1.1059271514105062	1.2571278504129488	0.13186356383035136	0.19135851017681516	0.03596279013555037	0.13186356383035136	1.3734360804148282	0.03596279013555037	0.05993798355925062	0.03596279013555037	0.11987596711850124	0.14385116054220148
ROD_34671_1-326	0.11987596711850124	0.14823672234384278	0.18368655681294443	2.1497999359123647	2.2330718558485008	0.2297182769961683	1.268758673413137	0.09590077369480099	1.903097263099661	2.333290439975701	2.5987297592718344	0.19903046354068588	2.0835758544831124	1.1524504434112577	0.0	0.0	0.07192558027110074	0.21437437026842732	1.1059271514105062	1.2571278504129488	0.13186356383035136	0.19135851017681516	0.03596279013555037	0.13186356383035136	1.3734360804148282	0.03596279013555037	0.05993798355925062	0.03596279013555037	0.11987596711850124	0.14385116054220148
ROD_28391_1-326	0.047950386847400495	0.07631114207274203	0.11176097654184369	2.077874355641264	2.1611462755774	0.15779269672506757	1.1968330931420363	0.023975193423700247	1.8311716828285602	2.2613648597046003	2.5268041790007336	0.12710488326958513	2.0116502742120117	1.080524863140157	0.07192558027110074	0.07192558027110074	0.0	0.14244878999732657	1.0340015711394055	1.185202270141848	0.2037891441014521	0.11943292990571441	0.03596279013555037	0.05993798355925062	1.3015105001437275	0.03596279013555037	0.011987596711850124	0.03596279013555037	0.047950386847400495	0.07192558027110074
CS17_03414_1-326	0.09449840314992608	0.06613764792458454	0.030687813455482882	1.9354255656439374	2.0186974855800734	0.015343906727740997	1.0543843031447098	0.11847359657362633	1.6887228928312337	2.1189160697072738	2.384355389003407	0.015343906727741441	1.8692014842146851	0.9380760731428304	0.21437437026842732	0.21437437026842732	0.14244878999732657	0.0	0.8915527811420789	1.0427534801445215	0.3462379340987787	0.02301586009161216	0.17841158013287695	0.08251080643807596	1.159061710146401	0.17841158013287695	0.1544363867091767	0.17841158013287695	0.09449840314992608	0.07052320972622583
ROD_23001_1-336	0.986051184292005	0.9576904290666635	0.9222405945975618	1.0438727845018585	1.1271447044379945	0.8762088744143379	0.16283152200263085	1.0100263777157052	0.7971701116891546	1.2273632885651948	1.4928026078613281	0.9068966878698204	0.9776487030726063	0.04652329200075145	1.1059271514105062	1.1059271514105062	1.0340015711394055	0.8915527811420789	0.0	0.1512006990024426	1.2377907152408576	0.9145686412336911	1.0699643612749559	0.9740635875801549	0.267508929004322	1.0699643612749559	1.0459891678512556	1.0699643612749559	0.986051184292005	0.9620759908683048
ROD_04401_1-336	1.1372518832944476	1.108891128069106	1.0734412936000044	0.8926720854994158	0.975944005435552	1.0274095734167805	0.01163082300018825	1.1612270767181478	0.645969412686712	1.0761625895627522	1.3416019088588853	1.058097386872263	0.8264480040701637	0.10467740700169115	1.2571278504129488	1.2571278504129488	1.185202270141848	1.0427534801445215	0.1512006990024426	0.0	1.3889914142433002	1.0657693402361337	1.2211650602773985	1.1252642865825975	0.1163082300018794	1.2211650602773985	1.1971898668536982	1.2211650602773985	1.1372518832944476	1.1132766898707473
ROD_00481_1-326	0.2517395309488526	0.28010028617419414	0.3155501206432958	2.281663499742716	2.364935419678852	0.3615818408265197	1.4006222372434884	0.22776433752515235	2.0349608269300123	2.4651540038060524	2.7305933231021857	0.33089402737103724	2.215439418313464	1.284314007241609	0.13186356383035136	0.13186356383035136	0.2037891441014521	0.3462379340987787	1.2377907152408576	1.3889914142433002	0.0	0.3232220740071665	0.16782635396590173	0.2637271276607027	1.5052996442451796	0.16782635396590173	0.19180154738960198	0.16782635396590173	0.2517395309488526	0.27571472437255284
CS17_00880_1-326	0.07148254305831392	0.04312178783297238	0.0076719533638707205	1.9584414257355496	2.0417133456716856	0.03835976681935316	1.077400163236322	0.09545773648201417	1.7117387529228458	2.141931929798886	2.407371249095019	0.0076719533638707205	1.8922173443062973	0.9610919332344425	0.19135851017681516	0.19135851017681516	0.11943292990571441	0.02301586009161216	0.9145686412336911	1.0657693402361337	0.3232220740071665	0.0	0.15539572004126478	0.059494946346463795	1.182077570238013	0.15539572004126478	0.13142052661756454	0.15539572004126478	0.07148254305831392	0.04750734963461367
ROD_23011_1-326	0.08391317698295087	0.1122739322082924	0.14772376667739406	2.1138371457768144	2.1971090657129504	0.19375548686061794	1.2327958832775867	0.05993798355925062	1.8671344729641106	2.2973276498401507	2.562766969136284	0.1630676734051355	2.047613064347562	1.1164876532757073	0.03596279013555037	0.03596279013555037	0.03596279013555037	0.17841158013287695	1.0699643612749559	1.2211650602773985	0.16782635396590173	0.15539572004126478	0.0	0.09590077369480099	1.3374732902792779	0.0	0.023975193423700247	0.0	0.08391317698295087	0.10788837040665111
ROD_39361_1-326	0.011987596711850124	0.016373158513491415	0.051822992982593075	2.0179363720820134	2.1012082920181494	0.09785471316581695	1.1368951095827857	0.03596279013555037	1.7712336992693096	2.2014268761453497	2.466866195441483	0.06716689971033452	1.951712290652761	1.0205868795809063	0.13186356383035136	0.13186356383035136	0.05993798355925062	0.08251080643807596	0.9740635875801549	1.1252642865825975	0.2637271276607027	0.059494946346463795	0.09590077369480099	0.0	1.2415725165844769	0.09590077369480099	0.07192558027110074	0.09590077369480099	0.011987596711850124	0.011987596711850124
ROD_01351_1-336	1.253560113296327	1.2251993580709855	1.1897495236018838	0.7763638554975364	0.8596357754336726	1.14371780341866	0.10467740700169115	1.2775353067200272	0.5296611826848326	0.9598543595608728	1.225293678857006	1.1744056168741424	0.7101397740682843	0.22098563700357055	1.3734360804148282	1.3734360804148282	1.3015105001437275	1.159061710146401	0.267508929004322	0.1163082300018794	1.5052996442451796	1.182077570238013	1.3374732902792779	1.2415725165844769	0.0	1.3374732902792779	1.3134980968555776	1.3374732902792779	1.253560113296327	1.2295849198726267
ROD_37371_1-326	0.08391317698295087	0.1122739322082924	0.14772376667739406	2.1138371457768144	2.1971090657129504	0.19375548686061794	1.2327958832775867	0.05993798355925062	1.8671344729641106	2.2973276498401507	2.562766969136284	0.1630676734051355	2.047613064347562	1.1164876532757073	0.03596279013555037	0.03596279013555037	0.03596279013555037	0.17841158013287695	1.0699643612749559	1.2211650602773985	0.16782635396590173	0.15539572004126478	0.0	0.09590077369480099	1.3374732902792779	0.0	0.023975193423700247	0.0	0.08391317698295087	0.10788837040665111
ROD_12961_1-326	0.05993798355925062	0.08829873878459216	0.12374857325369382	2.089861952353114	2.17313387228925	0.1697802934369177	1.2088206898538865	0.03596279013555037	1.8431592795404104	2.2733524564164505	2.5387917757125837	0.13909247998143526	2.023637870923862	1.092512459852007	0.05993798355925062	0.05993798355925062	0.011987596711850124	0.1544363867091767	1.0459891678512556	1.1971898668536982	0.19180154738960198	0.13142052661756454	0.023975193423700247	0.07192558027110074	1.3134980968555776	0.023975193423700247	0.0	0.023975193423700247	0.05993798355925062	0.08391317698295087
ROD_11331_1-326	0.08391317698295087	0.1122739322082924	0.14772376667739406	2.1138371457768144	2.1971090657129504	0.19375548686061794	1.2327958832775867	0.05993798355925062	1.8671344729641106	2.2973276498401507	2.562766969136284	0.1630676734051355	2.047613064347562	1.1164876532757073	0.03596279013555037	0.03596279013555037	0.03596279013555037	0.17841158013287695	1.0699643612749559	1.2211650602773985	0.16782635396590173	0.15539572004126478	0.0	0.09590077369480099	1.3374732902792779	0.0	0.023975193423700247	0.0	0.08391317698295087	0.10788837040665111
ROD_35971_1-326	0.0	0.02836075522534154	0.0638105896944432	2.0299239687938635	2.1131958887299995	0.10984230987766708	1.1488827062946358	0.023975193423700247	1.7832212959811597	2.2134144728572	2.478853792153333	0.07915449642218464	1.9636998873646112	1.0325744762927564	0.11987596711850124	0.11987596711850124	0.047950386847400495	0.09449840314992608	0.986051184292005	1.1372518832944476	0.2517395309488526	0.07148254305831392	0.08391317698295087	0.011987596711850124	1.253560113296327	0.08391317698295087	0.05993798355925062	0.08391317698295087	0.0	0.023975193423700247
ROD_33031_1-326	0.023975193423700247	0.004385561801641291	0.03983539627074295	2.0059487753701633	2.0892206953062993	0.08586711645396683	1.1249075128709356	0.047950386847400495	1.7592461025574595	2.1894392794334996	2.454878598729633	0.05517930299848439	1.939724693940911	1.0085992828690562	0.14385116054220148	0.14385116054220148	0.07192558027110074	0.07052320972622583	0.9620759908683048	1.1132766898707473	0.27571472437255284	0.04750734963461367	0.10788837040665111	0.011987596711850124	1.2295849198726267	0.10788837040665111	0.08391317698295087	0.10788837040665111	0.023975193423700247	0.0
