STM_MW04921_1-621	0.0	1.0	-1	0.15692360262422456	0.4314517872539975	0.6899440077101612	0.4208161233477349	0.5061115736644755	1.0	0.6231742212159043	0.6701374437968093	0.4617542370013098	0.062210045458938164	0.48892514936973186
BN373_08611_1-620	1.0	0	-1	1.0	1.0	1.0	1.0	1.0	0	1.0	1.0	1.0	1.0	1.0
b0420_1-620	-1	-1	-1	-1	-1	-1	-1	-1	-1	-1	-1	-1	-1	-1
ROD_04691_1-620	0.15692360262422456	1.0	-1	0.0	0.5206704210636643	0.6322326265390147	0.31301139676655937	0.5836143248194549	1.0	0.5530348377003168	0.6087394247663126	0.3615694085683392	0.10099655760509567	0.39379770063415476
NCTC13441_03559_1-621	0.4314517872539975	1.0	-1	0.5206704210636643	0.0	0.8237182197324239	0.6707060420780535	0.1313165440269038	1.0	0.7857563769556819	0.8124572332188481	0.6939813334289863	0.4668211974145244	0.7094293070947308
SEN0404_1-620	0.6899440077101612	1.0	-1	0.6322326265390147	0.8237182197324239	0.0	0.46466743155560486	0.8468669338920719	1.0	0.17719007099170084	0.06004489912808223	0.42395089083015536	0.6693758652580418	0.3933256705794243
Ecoli9000q_45310_1-621	0.4208161233477349	1.0	-1	0.31301139676655937	0.6707060420780535	0.46466743155560486	0.0	0.7139477866013042	1.0	0.34938489489351365	0.4304700639979379	0.07068241244939498	0.3823948808070698	0.11759482397140136
ERS227112_02723_1-621	0.5061115736644755	1.0	-1	0.5836143248194549	0.1313165440269038	0.8468669338920719	0.7139477866013042	0.0	1.0	0.8138901091136646	0.8370847012097925	0.7341666471308131	0.5368363951184518	0.7475860462825537
t2441_1-620	1.0	0	-1	1.0	1.0	1.0	1.0	1.0	0	1.0	1.0	1.0	1.0	1.0
SL1344_0416_1-620	0.6231742212159043	1.0	-1	0.5530348377003168	0.7857563769556819	0.17719007099170084	0.34938489489351365	0.8138901091136646	1.0	0.0	0.1246284761420549	0.2999001484290129	0.5981767804619876	0.2626798631954081
CS17_00451_1-621	0.6701374437968093	1.0	-1	0.6087394247663126	0.8124572332188481	0.06004489912808223	0.4304700639979379	0.8370847012097925	1.0	0.1246284761420549	0.0	0.3871525260775839	0.6482553959915045	0.3545709482742158
ETEC_0473_1-620	0.4617542370013098	1.0	-1	0.3615694085683392	0.6939813334289863	0.42395089083015536	0.07068241244939498	0.7341666471308131	1.0	0.2999001484290129	0.3871525260775839	0.0	0.4260487005727222	0.05048049466668662
STMMW_04921_1-620	0.062210045458938164	1.0	-1	0.10099655760509567	0.4668211974145244	0.6693758652580418	0.3823948808070698	0.5368363951184518	1.0	0.5981767804619876	0.6482553959915045	0.4260487005727222	0.0	0.45502204608239877
ENC_23400_1-620	0.48892514936973186	1.0	-1	0.39379770063415476	0.7094293070947308	0.3933256705794243	0.11759482397140136	0.7475860462825537	1.0	0.2626798631954081	0.3545709482742158	0.05048049466668662	0.45502204608239877	0.0
