ENC_26250_1-657	0.0	0.7148474990594426	0.7919274608906588	0.2883580227323699	0.7347064372141556	0.6672677949306399	0.3897919950271171	0.5393724908441415	0.4169759656907627	0.620197736188152	0.5297222273650142	0.791140047251344	0.21576265266011432	-1	0.19207651811361895	0.22629297955253194	0.6452258433390509	0.5269022344894098	0.21599960581293112	0.371878187544164	0.13472904835600066	0.46324136026501284	0.6185065327901023	0.2505595321794423	0.11683515743884118	0.6490476801605938
STMMW_15531_1-691	0.7148474990594426	0.0	0.2703113652413108	0.5993034277778151	0.06964321929216684	0.14299699098524107	0.5326962304382924	0.3809477391762269	0.5109078114105466	0.2492080008195517	0.3936509069037302	0.2675499879547097	0.776372759075043	-1	0.7696185985714954	0.6314464087767467	0.19624218510066888	0.39726517069298156	0.6362852582029216	0.5460235653564302	0.6704471583163946	0.46875098073624816	0.25253634609772624	0.7862951762949066	0.6771242612946169	0.18748934022991617
STM_MW15551_1-593	0.7919274608906588	0.2703113652413108	0.0	0.7076162652627074	0.21568945388506952	0.37465464436793194	0.6590137503709284	0.548284600955221	0.6431149886370223	0.45215561113027175	0.5575539580714135	0.003770055623168353	0.8368217438746156	-1	0.8318933097178408	0.7310706331848922	0.41350705736947985	0.5601912452814501	0.7346014866164807	0.6687385551923162	0.7595290368710436	0.6123536284165403	0.45458426685230846	0.844062018949284	0.7644012430273658	0.4071202059454857
ETEC_3680_1-657	0.2883580227323699	0.5993034277778151	0.7076162652627074	0.0	0.6272092270267042	0.5324443811663626	0.14253511672288624	0.35272577522133947	0.18073405879206994	0.46630148874844374	0.3391652155756313	0.7065097908493541	0.44190378349192255	-1	0.42504773586942746	0.08021775884099261	0.5014710093084802	0.3352025588385571	0.09229385272754527	0.11736261698961634	0.1775501351160315	0.2457462363365812	0.4639250080853115	0.4666667036358006	0.19421387381784372	0.5068414581347523
STM_MW15531_1-691	0.7347064372141556	0.06964321929216684	0.21568945388506952	0.6272092270267042	0.0	0.20268143947610276	0.5652407693379345	0.4240605315300886	0.5449697659545678	0.30149557266127996	0.43587900976184024	0.21272136965774743	0.791946880054482	-1	0.7856631010320174	0.6571136673512233	0.25221846686149585	0.439241564585437	0.6616155237256894	0.5776399457477884	0.6933982791381228	0.5057488726835822	0.3045921212593666	0.8011782681959942	0.6996103671693964	0.24407519828550728
t1473_1-593	0.6672677949306399	0.14299699098524107	0.37465464436793194	0.5324443811663626	0.20268143947610276	0.0	0.4547233035985059	0.2776545072630987	0.4292993333223753	0.12393306524841091	0.2924772880396882	0.3722881357242898	0.7390589781218542	-1	0.7311778383446292	0.5699506450427104	0.062129529949539346	0.2966946172103365	0.5755968905929306	0.47027439825972467	0.6154589444645346	0.3801083383890395	0.1278167683896647	0.7506370205738531	0.6232501691253425	0.05191621123457324
ROD_15421_1-691	0.3897919950271171	0.5326962304382924	0.6590137503709284	0.14253511672288624	0.5652407693379345	0.4547233035985059	0.0	0.24513034014306592	0.04454869559578063	0.3775855762024523	0.2293156287651707	0.6577233483557177	0.5214520928545026	-1	0.5069986239473663	0.21131902794422963	0.41860127404143943	0.22469426547163332	0.22167385437910597	0.02851963922875648	0.29477812260598996	0.1203677510608203	0.37481405668080187	0.5426854272852735	0.3090666933668997	0.4248644446167136
t3983_1-654	0.5393724908441415	0.3809477391762269	0.548284600955221	0.35272577522133947	0.4240605315300886	0.2776545072630987	0.24513034014306592	0.0	0.20993392716372902	0.17546769078583688	0.02052034784688327	0.5465751641029631	0.6387587041078306	-1	0.627848218950148	0.4046486628886245	0.2298024985283558	0.026358730190309054	0.41246520719739715	0.2666589505069198	0.46764940128791516	0.14183494208256575	0.17179617016573978	0.6547871040472152	0.47843540983804483	0.23809952105865742
BN373_44351_1-658	0.4169759656907627	0.5109078114105466	0.6431149886370223	0.18073405879206994	0.5449697659545678	0.4292993333223753	0.04454869559578063	0.20993392716372902	0.0	0.3485649965325443	0.19338184198157876	0.6417644205763975	0.5427707778979252	-1	0.5289611921774361	0.24645373649052651	0.39149308470399	0.18854500385886663	0.2563472689146084	0.07179782209803375	0.3261948373495006	0.0793541807055435	0.3456642526548868	0.5630581949766563	0.33984687092108384	0.3980482807107395
t1471_1-603	0.620197736188152	0.2492080008195517	0.45215561113027175	0.46630148874844374	0.30149557266127996	0.12393306524841091	0.3775855762024523	0.17546769078583688	0.3485649965325443	0.0	0.19238738058190544	0.450082391156773	0.7021448801145128	-1	0.6931488325928019	0.5091135872178179	0.06589773030762587	0.1972013154576055	0.515558580546805	0.39533661101993267	0.5610597315323824	0.2924151831084319	0.004433112342443347	0.7153608137295417	0.5699531440694245	0.07596043183864201
SL1344_1490_1-593	0.5297222273650142	0.3936509069037302	0.5575539580714135	0.3391652155756313	0.43587900976184024	0.2924772880396882	0.2293156287651707	0.02052034784688327	0.19338184198157876	0.19238738058190544	0.0	0.5558795994579864	0.6311906070758289	-1	0.6200515444789704	0.39217590094632465	0.24560721916935432	0.005960697938534717	0.4001562038465331	0.25129526899202903	0.4564965208395515	0.12385616584173617	0.18879120084205972	0.6475548060708264	0.4675084990122676	0.25373398391124075
STMMW_15551_1-593	0.791140047251344	0.2675499879547097	0.003770055623168353	0.7065097908493541	0.21272136965774743	0.3722881357242898	0.6577233483557177	0.5465751641029631	0.6417644205763975	0.450082391156773	0.5558795994579864	0.0	0.8362042246908602	-1	0.8312571397486809	0.7300529176691931	0.4112875787954887	0.5585268670139584	0.7335971329896802	0.6674849549770393	0.7586190171392836	0.6108866494412162	0.45252023769586286	0.8434718993030677	0.7635096612961102	0.4048765574644753
STM_MW35261_1-658	0.21576265266011432	0.776372759075043	0.8368217438746156	0.44190378349192255	0.791946880054482	0.7390589781218542	0.5214520928545026	0.6387587041078306	0.5427707778979252	0.7021448801145128	0.6311906070758289	0.8362042246908602	0.0	-1	0.029317299320465093	0.393230058666031	0.7217728564754723	0.6289790633435476	0.38515761054930836	0.5074034159933141	0.3214222041524515	0.5790538282124683	0.7008185752478141	0.04437034226609863	0.30738914660598904	0.724770083646365
b3431_1-657	-1	-1	-1	-1	-1	-1	-1	-1	-1	-1	-1	-1	-1	-1	-1	-1	-1	-1	-1	-1	-1	-1	-1	-1	-1	-1
STMMW_35261_1-658	0.19207651811361895	0.7696185985714954	0.8318933097178408	0.42504773586942746	0.7856631010320174	0.7311778383446292	0.5069986239473663	0.627848218950148	0.5289611921774361	0.6931488325928019	0.6200515444789704	0.8312571397486809	0.029317299320465093	-1	0.0	0.37490393008014417	0.7133696280671815	0.6177732060160174	0.36658767172808804	0.49252563823189655	0.3009272799726376	0.5663400908527115	0.6917824696548714	0.07238682298139702	0.286470385318351	0.7164573797792441
NCTC13441_00268_1-658	0.22629297955253194	0.6314464087767467	0.7310706331848922	0.08021775884099261	0.6571136673512233	0.5699506450427104	0.21131902794422963	0.4046486628886245	0.24645373649052651	0.5091135872178179	0.39217590094632465	0.7300529176691931	0.393230058666031	-1	0.37490393008014417	0.0	0.541461887659016	0.38853111965175474	0.013129296638012608	0.18816580972398814	0.10582110843148203	0.30625078285504437	0.506927742507411	0.4201526486397998	0.12393815609356174	0.5464015311164743
ENC_10340_1-594	0.6452258433390509	0.19624218510066888	0.41350705736947985	0.5014710093084802	0.25221846686149585	0.062129529949539346	0.41860127404143943	0.2298024985283558	0.39149308470399	0.06589773030762587	0.24560721916935432	0.4112875787954887	0.7217728564754723	-1	0.7133696280671815	0.541461887659016	0.0	0.25010392666289705	0.5474821705557751	0.43518255595383626	0.5899848989650184	0.3390434165417233	0.07003871060850347	0.7341178900613745	0.5982922558011801	0.010772590815275575
SL1344_1488_1-691	0.5269022344894098	0.39726517069298156	0.5601912452814501	0.3352025588385571	0.439241564585437	0.2966946172103365	0.22469426547163332	0.026358730190309054	0.18854500385886663	0.1972013154576055	0.005960697938534717	0.5585268670139584	0.6289790633435476	-1	0.6177732060160174	0.38853111965175474	0.25010392666289705	0.0	0.39655927596676027	0.24680570531236837	0.4532374343415633	0.11860242111021836	0.19362657145892168	0.6454413892908828	0.46431544519071094	0.2581822502149395
SEN3361_1-658	0.21599960581293112	0.6362852582029216	0.7346014866164807	0.09229385272754527	0.6616155237256894	0.5755968905929306	0.22167385437910597	0.41246520719739715	0.2563472689146084	0.515558580546805	0.4001562038465331	0.7335971329896802	0.38515761054930836	-1	0.36658767172808804	0.013129296638012608	0.5474821705557751	0.39655927596676027	0.0	0.19882462162900266	0.09392498072715587	0.3153592221193295	0.5134014344400057	0.4124383778089415	0.11228305701856879	0.5523569599689945
ROD_43941_1-658	0.371878187544164	0.5460235653564302	0.6687385551923162	0.11736261698961634	0.5776399457477884	0.47027439825972467	0.02851963922875648	0.2666589505069198	0.07179782209803375	0.39533661101993267	0.25129526899202903	0.6674849549770393	0.5074034159933141	-1	0.49252563823189655	0.18816580972398814	0.43518255595383626	0.24680570531236837	0.19882462162900266	0.0	0.2740750036015704	0.14545454545454542	0.3926441342351552	0.5292600950248016	0.2887830423205068	0.44126710316387535
ERS227112_00788_1-658	0.13472904835600066	0.6704471583163946	0.7595290368710436	0.1775501351160315	0.6933982791381228	0.6154589444645346	0.29477812260598996	0.46764940128791516	0.3261948373495006	0.5610597315323824	0.4564965208395515	0.7586190171392836	0.3214222041524515	-1	0.3009272799726376	0.10582110843148203	0.5899848989650184	0.4532374343415633	0.09392498072715587	0.2740750036015704	0.0	0.3796640939867965	0.5591051953320899	0.35153093320838197	0.02026109968923534	0.594401823876552
ROD_15441_1-595	0.46324136026501284	0.46875098073624816	0.6123536284165403	0.2457462363365812	0.5057488726835822	0.3801083383890395	0.1203677510608203	0.14183494208256575	0.0793541807055435	0.2924151831084319	0.12385616584173617	0.6108866494412162	0.5790538282124683	-1	0.5663400908527115	0.30625078285504437	0.3390434165417233	0.11860242111021836	0.3153592221193295	0.14545454545454542	0.3796640939867965	0.0	0.28926441240284123	0.5977313539302851	0.3922327816193421	0.34616363136198186
SEN1497_1-691	0.6185065327901023	0.25253634609772624	0.45458426685230846	0.4639250080853115	0.3045921212593666	0.1278167683896647	0.37481405668080187	0.17179617016573978	0.3456642526548868	0.004433112342443347	0.18879120084205972	0.45252023769586286	0.7008185752478141	-1	0.6917824696548714	0.506927742507411	0.07003871060850347	0.19362657145892168	0.5134014344400057	0.3926441342351552	0.5591051953320899	0.28926441240284123	0.0	0.7140933574637277	0.5680382089219325	0.08005680305316415
SL1344_3504_1-658	0.2505595321794423	0.7862951762949066	0.844062018949284	0.4666667036358006	0.8011782681959942	0.7506370205738531	0.5426854272852735	0.6547871040472152	0.5630581949766563	0.7153608137295417	0.6475548060708264	0.8434718993030677	0.04437034226609863	-1	0.07238682298139702	0.4201526486397998	0.7341178900613745	0.6454413892908828	0.4124383778089415	0.5292600950248016	0.35153093320838197	0.5977313539302851	0.7140933574637277	0.0	0.33812052722829594	0.7369821292368454
CS17_03854_1-658	0.11683515743884118	0.6771242612946169	0.7644012430273658	0.19421387381784372	0.6996103671693964	0.6232501691253425	0.3090666933668997	0.47843540983804483	0.33984687092108384	0.5699531440694245	0.4675084990122676	0.7635096612961102	0.30738914660598904	-1	0.286470385318351	0.12393815609356174	0.5982922558011801	0.46431544519071094	0.11228305701856879	0.2887830423205068	0.02026109968923534	0.3922327816193421	0.5680382089219325	0.33812052722829594	0.0	0.6026196889567613
SEN1495_1-593	0.6490476801605938	0.18748934022991617	0.4071202059454857	0.5068414581347523	0.24407519828550728	0.05191621123457324	0.4248644446167136	0.23809952105865742	0.3980482807107395	0.07596043183864201	0.25373398391124075	0.4048765574644753	0.724770083646365	-1	0.7164573797792441	0.5464015311164743	0.010772590815275575	0.2581822502149395	0.5523569599689945	0.44126710316387535	0.594401823876552	0.34616363136198186	0.08005680305316415	0.7369821292368454	0.6026196889567613	0.0
