ERS227112_02853_1-465	0.0	-1	0.9342519063652296	0.1207812520618147	0.3651792009844588	0.9120608337745181	0.9113402431090765	0.9669594078588255	0.9413089013377641	0.15217009092355877	0.9770174317106958	0.2133961289049104	0.07084642451359244	0.19602521319985167	0.9455227943982534	0.9374713186228738	1.0	0.9436573423387818	0.9676587758455284	0.9834888274916812	0.9755224509133021
b4052_1-471	-1	-1	-1	-1	-1	-1	-1	-1	-1	-1	-1	-1	-1	-1	-1	-1	-1	-1	-1	-1	-1
NCTC13441_04431_1-471	0.9342519063652296	-1	0.0	0.9421930434351146	0.8964304670912951	0.2523457242454637	0.2584223559775932	0.49746691782860664	0.10733383406880082	0.9442567997516833	0.6504451000971684	0.9164152427279088	0.938909923717838	0.9471401904374692	0.17142532064326302	0.04896586470670988	1.0	0.14305260355987476	0.508104001704953	0.7488722243410114	0.6277070902972445
STMMW_03581_2-438	0.1207812520618147	-1	0.9421930434351146	0.0	0.4418536519244375	0.9226822363765038	0.9220486795538583	0.9709500919465003	0.9483976857190723	0.035700829782522904	0.9797932950842742	0.30840312933244557	0.05374227562120892	0.08558047848102426	0.9521026194996612	0.9450236110493774	1.0	0.950462479075594	0.9715649893921172	0.9854830675802445	0.9784788799393981
NCTC13441_01927_2-447	0.3651792009844588	-1	0.8964304670912951	0.4418536519244375	0.0	0.8614740311567375	0.8603389223724016	0.9479528834083369	0.9075469821511013	0.46177993969081993	0.9637967622911146	0.19295998615953913	0.4101539848015718	0.48962008345518043	0.9141849074790429	0.90150183882744	1.0	0.9112463584233655	0.9490545612169209	0.9739908135745965	0.9614417972368631
STMMW_41961_1-471	0.9120608337745181	-1	0.2523457242454637	0.9226822363765038	0.8614740311567375	0.0	0.008127595774125617	0.624278992406452	0.3325943242201305	0.9254425446947917	0.738653784476699	0.8882040001874701	0.9182910092763	0.9292991275824855	0.3805125981969917	0.2889552623594535	1.0	0.35929961495482265	0.632231853648162	0.8122432447678313	0.7216536142276373
SEN4015_1-471	0.9113402431090765	-1	0.2584223559775932	0.9220486795538583	0.8603389223724016	0.008127595774125617	0.0	0.6273327008800196	0.33801872777022646	0.9248316063764289	0.74077790087357	0.8872879219784493	0.9176214698830427	0.9287197908558668	0.3855475413860099	0.2947343465643151	1.0	0.3645069686967965	0.6352209244803092	0.8137692557782197	0.7239159011363839
STM_MW41961_1-471	0.9669594078588255	-1	0.49746691782860664	0.9709500919465003	0.9479528834083369	0.624278992406452	0.6273327008800196	0.0	0.43704253465553067	0.9719871977691162	0.30441415241273057	0.9579958943055082	0.9693002156758396	0.9734361969775485	0.39349693553086323	0.471593012782431	1.0	0.4135776778609943	0.021166932593541077	0.5002761319237105	0.25916736049671313
ROD_36391_1-471	0.9413089013377641	-1	0.10733383406880082	0.9483976857190723	0.9075469821511013	0.3325943242201305	0.33801872777022646	0.43704253465553067	0.0	0.9502399311576001	0.6084147543127865	0.9253867151956323	0.9454669558287578	0.9528138364659624	0.07179782209803386	0.06137315917066508	1.0	0.04001358050107493	0.4489586173775078	0.718676717855638	0.5829427350207766
STM_MW03581_19-460	0.15217009092355877	-1	0.9442567997516833	0.035700829782522904	0.46177993969081993	0.9254425446947917	0.9248316063764289	0.9719871977691162	0.9502399311576001	0.0	0.9805146912169361	0.33309371149027345	0.0875244615696536	0.05172632129015736	0.9538125957279325	0.9469863137533613	1.0	0.9522310096779644	0.9725801428656935	0.9860013341135266	0.9792472017834108
ETEC_4362_1-471	0.9770174317106958	-1	0.6504451000971684	0.9797932950842742	0.9637967622911146	0.738653784476699	0.74077790087357	0.30441415241273057	0.6084147543127865	0.9805146912169361	0.0	0.9707825385383516	0.9786456645001325	0.9815225945594868	0.5781250518369592	0.6324475779252318	1.0	0.5920929320108449	0.28937234473462214	0.281578442388316	0.06107559184535185
ROD_33781_1-451	0.2133961289049104	-1	0.9164152427279088	0.30840312933244557	0.19295998615953913	0.8882040001874701	0.8872879219784493	0.9579958943055082	0.9253867151956323	0.33309371149027345	0.9707825385383516	0.0	0.26912420068054826	0.36759032044015394	0.9307437865441663	0.9205080426440371	1.0	0.9283722598736015	0.9588849923793954	0.9790095458272633	0.9688819875083746
t4227_3-450	0.07084642451359244	-1	0.938909923717838	0.05374227562120892	0.4101539848015718	0.9182910092763	0.9176214698830427	0.9693002156758396	0.9454669558287578	0.0875244615696536	0.9786456645001325	0.26912420068054826	0.0	0.13472346443991104	0.949382309632629	0.9419012521279928	1.0	0.9476490181816726	0.9699500359412653	0.9846585850284227	0.9772565977469506
ERS227112_01205_1-448	0.19602521319985167	-1	0.9471401904374692	0.08558047848102426	0.48962008345518043	0.9292991275824855	0.9287197908558668	0.9734361969775485	0.9528138364659624	0.05172632129015736	0.9815225945594868	0.36759032044015394	0.13472346443991104	0.0	0.9562017002408678	0.9497285167209305	1.0	0.9547019238190684	0.9739984712055528	0.9867254336028041	0.9803206676916318
BN373_00461_1-471	0.9455227943982534	-1	0.17142532064326302	0.9521026194996612	0.9141849074790429	0.3805125981969917	0.3855475413860099	0.39349693553086323	0.07179782209803386	0.9538125957279325	0.5781250518369592	0.9307437865441663	0.949382309632629	0.9562017002408678	0.0	0.12876452210496922	1.0	0.03310905336926437	0.40633474501425754	0.6969159426233598	0.5506827338824972
SL1344_4182_1-471	0.9374713186228738	-1	0.04896586470670988	0.9450236110493774	0.90150183882744	0.2889552623594535	0.2947343465643151	0.471593012782431	0.06137315917066508	0.9469863137533613	0.6324475779252318	0.9205080426440371	0.9419012521279928	0.9497285167209305	0.12876452210496922	0.0	1.0	0.09893097982665933	0.4827777678628214	0.7359424164290979	0.6085388569276288
Ecoli9000q_37040_1-471	1.0	-1	1.0	1.0	1.0	1.0	1.0	1.0	1.0	1.0	1.0	1.0	1.0	1.0	1.0	1.0	0	1.0	1.0	1.0	1.0
CS17_04532_1-471	0.9436573423387818	-1	0.14305260355987476	0.950462479075594	0.9112463584233655	0.35929961495482265	0.3645069686967965	0.4135776778609943	0.04001358050107493	0.9522310096779644	0.5920929320108449	0.9283722598736015	0.9476490181816726	0.9547019238190684	0.03310905336926437	0.09893097982665933	1.0	0.0	0.42599043962505845	0.7069507688544161	0.5655592032261136
ENC_04830_1-470	0.9676587758455284	-1	0.508104001704953	0.9715649893921172	0.9490545612169209	0.632231853648162	0.6352209244803092	0.021166932593541077	0.4489586173775078	0.9725801428656935	0.28937234473462214	0.9588849923793954	0.9699500359412653	0.9739984712055528	0.40633474501425754	0.4827777678628214	1.0	0.42599043962505845	0.0	0.48946977302230843	0.24314710631280986
t4152_1-471	0.9834888274916812	-1	0.7488722243410114	0.9854830675802445	0.9739908135745965	0.8122432447678313	0.8137692557782197	0.5002761319237105	0.718676717855638	0.9860013341135266	0.281578442388316	0.9790095458272633	0.9846585850284227	0.9867254336028041	0.6969159426233598	0.7359424164290979	1.0	0.7069507688544161	0.48946977302230843	0.0	0.3254564642139091
ERS227112_01911_1-471	0.9755224509133021	-1	0.6277070902972445	0.9784788799393981	0.9614417972368631	0.7216536142276373	0.7239159011363839	0.25916736049671313	0.5829427350207766	0.9792472017834108	0.06107559184535185	0.9688819875083746	0.9772565977469506	0.9803206676916318	0.5506827338824972	0.6085388569276288	1.0	0.5655592032261136	0.24314710631280986	0.3254564642139091	0.0
