BN373_32731_1-556	0.0	0.2653353885111017	0.27735232606996135	0.45477269701939804	0.05020229430096179	-1	0.0699210884680097	0.3131082773485916	0.10295763651425205	0.10078273073508226	0.007215135342921841	0.1568679640198889	0.23107963250324437
ENC_39410_1-556	0.2653353885111017	0.0	0.5426877145810631	0.18943730850829632	0.21513309421013993	-1	0.33525647697911143	0.5784436658596933	0.16237775199684967	0.16455265777601946	0.2581202531681799	0.10846742449121283	0.03425575600785735
STM_MW23331_1-556	0.27735232606996135	0.5426877145810631	0.0	0.7321250230893595	0.32755462037092314	-1	0.20743123760195165	0.03575595127863024	0.3803099625842134	0.3781350568050436	0.2845674614128832	0.43422029008985025	0.5084319585732058
SL1344_2278_1-556	0.45477269701939804	0.18943730850829632	0.7321250230893595	0.0	0.40457040271843625	-1	0.5246937854874077	0.7678809743679896	0.351815060505146	0.3539899662843158	0.4475575616764762	0.29790473299950915	0.22369306451615367
SEN2291_1-556	0.05020229430096179	0.21513309421013993	0.32755462037092314	0.40457040271843625	0.0	-1	0.1201233827689715	0.3633105716495534	0.05275534221329026	0.05058043643412047	0.04298715895803995	0.1066656697189271	0.18087733820228258
b2264_1-556	-1	-1	-1	-1	-1	-1	-1	-1	-1	-1	-1	-1	-1
ERS227112_03916_1-556	0.0699210884680097	0.33525647697911143	0.20743123760195165	0.5246937854874077	0.1201233827689715	-1	0.0	0.24318718888058188	0.17287872498226176	0.17070381920309197	0.07713622381093155	0.2267890524878986	0.3010007209712541
t0554_1-556	0.3131082773485916	0.5784436658596933	0.03575595127863024	0.7678809743679896	0.3633105716495534	-1	0.24318718888058188	0.0	0.41606591386284364	0.41389100808367385	0.32032341269151343	0.4699762413684805	0.544187909851836
ETEC_2399_1-556	0.10295763651425205	0.16237775199684967	0.3803099625842134	0.351815060505146	0.05275534221329026	-1	0.17287872498226176	0.41606591386284364	0.0	0.002174905779169789	0.09574250117133021	0.053910327505636846	0.12812199598899232
NCTC13441_01443_1-556	0.10078273073508226	0.16455265777601946	0.3781350568050436	0.3539899662843158	0.05058043643412047	-1	0.17070381920309197	0.41389100808367385	0.002174905779169789	0.0	0.09356759539216042	0.056085233284806635	0.1302969017681621
STMMW_23331_1-556	0.007215135342921841	0.2581202531681799	0.2845674614128832	0.4475575616764762	0.04298715895803995	-1	0.07713622381093155	0.32032341269151343	0.09574250117133021	0.09356759539216042	0.0	0.14965282867696705	0.22386449716032253
ROD_26711_1-556	0.1568679640198889	0.10846742449121283	0.43422029008985025	0.29790473299950915	0.1066656697189271	-1	0.2267890524878986	0.4699762413684805	0.053910327505636846	0.056085233284806635	0.14965282867696705	0.0	0.07421166848335548
CS17_02513_1-556	0.23107963250324437	0.03425575600785735	0.5084319585732058	0.22369306451615367	0.18087733820228258	-1	0.3010007209712541	0.544187909851836	0.12812199598899232	0.1302969017681621	0.22386449716032253	0.07421166848335548	0.0
