ROD_42501_1-110	0.0	0.9557611836889164	1.2043416624621381	0.787207606982798	0.6177830777517186	1.7124054478436803	0.6939954965223318	-1	0.37694196263675606	0.7323875355697604	0.1487190715845692	0.3533152015359544	1.088717590298737
ERS227112_00663_1-96	0.9557611836889164	0.0	0.24858047877322176	0.16855357670611837	0.3379781059371978	0.756644264154764	0.26176568716658455	-1	0.5788192210521603	0.22337364811915594	0.8070421121043472	0.602445982152962	0.13295640660982055
ETEC_3799_1-96	1.2043416624621381	0.24858047877322176	0.0	0.4171340554793401	0.5865585847104196	0.5080637853815423	0.5103461659398063	-1	0.8273996998253821	0.4719541268923777	1.055622590877569	0.8510264609261837	0.1156240721634012
ENC_01670_1-95	0.787207606982798	0.16855357670611837	0.4171340554793401	0.0	0.16942452923107942	0.9251978408608824	0.09321211046046618	-1	0.41026564434604196	0.054820071413037574	0.6384885353982288	0.4338924054468436	0.3015099833159389
NCTC13441_00128_1-96	0.6177830777517186	0.3379781059371978	0.5865585847104196	0.16942452923107942	0.0	1.0946223700919617	0.07621241877061324	-1	0.24084111511496253	0.11460445781804185	0.4690640061671494	0.2644678762157642	0.47093451254701835
CS17_04000_1-96	1.7124054478436803	0.756644264154764	0.5080637853815423	0.9251978408608824	1.0946223700919617	0.0	1.0184099513213485	-1	1.3354634852069243	0.98001791227392	1.563686376259111	1.359090246307726	0.6236878575449435
SEN3471_1-96	0.6939954965223318	0.26176568716658455	0.5103461659398063	0.09321211046046618	0.07621241877061324	1.0184099513213485	0.0	-1	0.3170535338855758	0.038392039047428606	0.5452764249377626	0.3406802949863774	0.3947220937764051
b3555_1-96	-1	-1	-1	-1	-1	-1	-1	-1	-1	-1	-1	-1	-1
t3871_1-110	0.37694196263675606	0.5788192210521603	0.8273996998253821	0.41026564434604196	0.24084111511496253	1.3354634852069243	0.3170535338855758	-1	0.0	0.3554455729330044	0.22822289105218685	0.02362676110080164	0.7117756276619809
STMMW_36381_1-96	0.7323875355697604	0.22337364811915594	0.4719541268923777	0.054820071413037574	0.11460445781804185	0.98001791227392	0.038392039047428606	-1	0.3554455729330044	0.0	0.5836684639851912	0.379072334033806	0.3563300547289765
BN373_45541_1-96	0.1487190715845692	0.8070421121043472	1.055622590877569	0.6384885353982288	0.4690640061671494	1.563686376259111	0.5452764249377626	-1	0.22822289105218685	0.5836684639851912	0.0	0.2045961299513852	0.9399985187141677
STM_MW36381_1-96	0.3533152015359544	0.602445982152962	0.8510264609261837	0.4338924054468436	0.2644678762157642	1.359090246307726	0.3406802949863774	-1	0.02362676110080164	0.379072334033806	0.2045961299513852	0.0	0.7354023887627825
SL1344_3614_1-96	1.088717590298737	0.13295640660982055	0.1156240721634012	0.3015099833159389	0.47093451254701835	0.6236878575449435	0.3947220937764051	-1	0.7117756276619809	0.3563300547289765	0.9399985187141677	0.7354023887627825	0.0
