STMMW_32891_23-469	0.0	0.3043728834658719	0.5152663779096598	0.3797291053297509	0.3990737761590333	0.8626312735754829	-1	0.5333239994751142	0.061205988108898435	0.3589115568857226	0.5374138436102913	0.6128525065506054	0.004352325429464399
SL1344_3262_1-447	0.3043728834658719	0.0	0.2108934944437879	0.6841019887956228	0.0947008926931614	0.558258390109611	-1	0.22895111600924234	0.24316689535697344	0.6632844403515945	0.23304096014441944	0.9172253900164773	0.3087252088953363
NCTC13441_00521_1-447	0.5152663779096598	0.2108934944437879	0.0	0.8949954832394107	0.11619260175062651	0.34736489566582307	-1	0.01805762156545443	0.45406038980076135	0.8741779347953824	0.02214746570063153	1.1281188844602652	0.5196187033391242
CS17_03613_1-447	0.3797291053297509	0.6841019887956228	0.8949954832394107	0.0	0.7788028814887842	1.2423603789052338	-1	0.9130531048048651	0.44093509343864934	0.020817548444028278	0.9171429489400422	0.2331234012208545	0.3753767799002865
ETEC_3438_1-447	0.3990737761590333	0.0947008926931614	0.11619260175062651	0.7788028814887842	0.0	0.4635574974164496	-1	0.13425022331608094	0.33786778805013484	0.7579853330447559	0.13834006745125804	1.0119262827096387	0.4034261015884977
t3208_23-469	0.8626312735754829	0.558258390109611	0.34736489566582307	1.2423603789052338	0.4635574974164496	0.0	-1	0.32930727410036864	0.8014252854665844	1.2215428304612055	0.32521742996519154	1.4754837801260883	0.8669835990049473
b3172_1-447	-1	-1	-1	-1	-1	-1	-1	-1	-1	-1	-1	-1	-1
ROD_46601_1-447	0.5333239994751142	0.22895111600924234	0.01805762156545443	0.9130531048048651	0.13425022331608094	0.32930727410036864	-1	0.0	0.4721180113662158	0.8922355563608368	0.004089844135177101	1.1461765060257196	0.5376763249045786
SEN3124_1-447	0.061205988108898435	0.24316689535697344	0.45406038980076135	0.44093509343864934	0.33786778805013484	0.8014252854665844	-1	0.4721180113662158	0.0	0.42011754499462106	0.4762078555013929	0.6740584946595038	0.06555831353836283
BN373_42311_1-447	0.3589115568857226	0.6632844403515945	0.8741779347953824	0.020817548444028278	0.7579853330447559	1.2215428304612055	-1	0.8922355563608368	0.42011754499462106	0.0	0.896325400496014	0.2539409496648828	0.35455923145625823
STM_MW32891_23-469	0.5374138436102913	0.23304096014441944	0.02214746570063153	0.9171429489400422	0.13834006745125804	0.32521742996519154	-1	0.004089844135177101	0.4762078555013929	0.896325400496014	0.0	1.1502663501608967	0.5417661690397557
ENC_34090_1-447	0.6128525065506054	0.9172253900164773	1.1281188844602652	0.2331234012208545	1.0119262827096387	1.4754837801260883	-1	1.1461765060257196	0.6740584946595038	0.2539409496648828	1.1502663501608967	0.0	0.608500181121141
ERS227112_01019_1-447	0.004352325429464399	0.3087252088953363	0.5196187033391242	0.3753767799002865	0.4034261015884977	0.8669835990049473	-1	0.5376763249045786	0.06555831353836283	0.35455923145625823	0.5417661690397557	0.608500181121141	0.0
