ERS227112_05473_1-397	0.0	0.28548235734831706	0.8254526894032557	0.15580732495512142	0.8794529215104235	-1	0.3847209188277175	0.23811130175523215	0.15125188179666815	0.022230871535331896	0.07813782147980194	0.049649061673213764	0.07971967045461309	0.302196342290251
NCTC13441_02507_1-397	0.28548235734831706	0.0	0.7557130850555726	0.1536083363745153	0.8312888705697903	-1	0.1388888888888889	0.062175821353194875	0.3935544953763034	0.26923685576609796	0.34131320935400317	0.3209574878549298	0.3424434683545162	0.02339198354837793
STM_MW17211_1-397	0.8254526894032557	0.7557130850555726	0.0	0.7932375916582489	0.30937304002308214	-1	0.7163119697419553	0.7709018246380805	0.8518532985935607	0.8214841259400104	0.8390914359984436	0.834118799591967	0.8393675434827671	0.7498618577471727
BN373_18801_1-397	0.15580732495512142	0.1536083363745153	0.7932375916582489	0.0	0.8572043064894304	-1	0.2711627341002771	0.09749430341329995	0.2834930556546225	0.13661349037429377	0.2217707014923346	0.19772069914249993	0.22310608680989744	0.17340711624552688
Ecoli9000q_2860_1-397	0.8794529215104235	0.8312888705697903	0.30937304002308214	0.8572043064894304	0.0	-1	0.8040773980810468	0.8417786236135387	0.8976858939770627	0.8767121245903271	0.8888722076093538	0.8854379708448783	0.889062894881879	0.8272478552416561
b1261_1-397	-1	-1	-1	-1	-1	-1	-1	-1	-1	-1	-1	-1	-1	-1
NCTC13441_05046_1-397	0.3847209188277175	0.1388888888888889	0.7163119697419553	0.2711627341002771	0.8040773980810468	-1	0.0	0.19242917949858449	0.4777830376851501	0.37073173690969546	0.43279748583261385	0.4152689478750784	0.43377076441638895	0.11826331895180824
STMMW_17211_1-397	0.23811130175523215	0.062175821353194875	0.7709018246380805	0.09749430341329995	0.8417786236135387	-1	0.19242917949858449	0.0	0.35334840108436716	0.22078875670669237	0.2976436248461605	0.2759383607225112	0.2988488177023992	0.08411338911137198
ROD_17421_1-397	0.15125188179666815	0.3935544953763034	0.8518532985935607	0.2834930556546225	0.8976858939770627	-1	0.4777830376851501	0.35334840108436716	0.0	0.1701202921783011	0.0793112701881654	0.10691084316951281	0.07772871922340398	0.4077404586434486
SL1344_1657_1-397	0.022230871535331896	0.26923685576609796	0.8214841259400104	0.13661349037429377	0.8767121245903271	-1	0.37073173690969546	0.22078875670669237	0.1701202921783011	0.0	0.09863162114376567	0.07077619129663867	0.10017830423722948	0.2863308552137783
CS17_01444_1-397	0.07813782147980194	0.34131320935400317	0.8390914359984436	0.2217707014923346	0.8888722076093538	-1	0.43279748583261385	0.2976436248461605	0.0793112701881654	0.09863162114376567	0.0	0.029977094416033582	0.0017159278378796026	0.35672119992432816
ETEC_1363_1-397	0.049649061673213764	0.3209574878549298	0.834118799591967	0.19772069914249993	0.8854379708448783	-1	0.4152689478750784	0.2759383607225112	0.10691084316951281	0.07077619129663867	0.029977094416033582	0.0	0.031641583723105965	0.33684163912767645
SEN1308_1-397	0.07971967045461309	0.3424434683545162	0.8393675434827671	0.22310608680989744	0.889062894881879	-1	0.43377076441638895	0.2988488177023992	0.07772871922340398	0.10017830423722948	0.0017159278378796026	0.031641583723105965	0.0	0.3578250199248958
t1638_1-397	0.302196342290251	0.02339198354837793	0.7498618577471727	0.17340711624552688	0.8272478552416561	-1	0.11826331895180824	0.08411338911137198	0.4077404586434486	0.2863308552137783	0.35672119992432816	0.33684163912767645	0.3578250199248958	0.0
