BN373_00481_1-397	0.0	0.5885439713386252	0.5129006220732568	0.2964201442204633	-1	0.5388230489482991	0.2753528663988035	-1	0.534541847041847	0.40432734739638365	0.29408824757529717	0.728380923350052	0.227471895023928	0.22113889322906455	0.6348379826149325	0.5367796835405574	0.8046682292556394	0.6951061408488376	0.5476190476190477	0.3296393298939868	0.7937867746161846	0.8805646247052346	0.31034753334219756	0.40091031184332976	0.07087064987901737	0.4410915885595913	0.6647777750418545	0.23603502032199436
ROD_09971_1-396	0.5885439713386252	0.0	0.15529346308618094	0.4151964055231529	-1	0.10781311224886446	0.4321980870653438	-1	0.1160192897118149	0.309258152337617	0.41712823557890355	0.33985879965441357	0.46739021401154196	0.4717209203484021	0.11251265761476271	0.11174874235595002	0.5252669613813893	0.25898798920725524	0.0904656208538031	0.38621693215339487	0.49882074627826783	0.709725056931758	0.40338641771938377	0.31319794549063695	0.5571595832078723	0.26382208562405124	0.185278130329618	0.6856620034253199
t4154_1-397	0.5129006220732568	0.15529346308618094	0.0	0.30768430345826536	-1	0.053217942887500216	0.32781162673471054	-1	0.04442876741231416	0.18227003405698075	0.30997128712813105	0.44237441278194806	0.36947358317555273	0.37460045996365304	0.2503336404589174	0.04902297672589467	0.598989898989899	0.37406231055171507	0.0712758568766069	0.27337715404796714	0.5766506082156634	0.7548028580879693	0.2937031309590948	0.18693413097212266	0.4757464309320144	0.1284808602693966	0.3117991109227798	0.6278731336410266
CS17_00991_1-396	0.2964201442204633	0.4151964055231529	0.30768430345826536	0.0	-1	0.3445279206569433	0.029072464161921323	-1	0.33844303651581237	0.15336880709349435	0.003303382663847773	0.6139470531756406	0.08925014993295408	0.0966555530080399	0.48099421212040894	0.34162367973680235	0.7223744125989205	0.5666535125378866	0.35702969795840245	0.04721452071239029	0.7069085709463073	0.83024616990713	0.019795036778452527	0.14851216498672457	0.24275359971362112	0.2056219250035778	0.5235477221178633	0.4624896297775321
b0928_1-396	-1	-1	-1	-1	-1	-1	-1	-1	-1	-1	-1	-1	-1	-1	-1	-1	-1	-1	-1	-1	-1	-1	-1	-1	-1	-1	-1	-1
ERS227112_03444_1-396	0.5388230489482991	0.10781311224886446	0.053217942887500216	0.3445279206569433	-1	0.0	0.3635841091927844	-1	0.009197823433199187	0.22578794068193384	0.3466931957604814	0.4110306769873724	0.4030289020151763	0.40788293696717626	0.20819543007878868	0.004411217157658298	0.5764494077622221	0.33887880030461015	0.019072936430776684	0.3120465271645953	0.552854441416571	0.7410205019518071	0.33129079739733386	0.23020382395382397	0.5036461274292426	0.17486131607294317	0.2731158307159956	0.6476769599618227
ROD_36371_1-397	0.2753528663988035	0.4321980870653438	0.32781162673471054	0.029072464161921323	-1	0.3635841091927844	0.0	-1	0.3576761276277759	0.17798246210763344	0.02585448876805258	0.6251705636367958	0.061979585035755506	0.06960672794986977	0.4960829892883681	0.36076430171271184	0.7304456725390708	0.5792519627643234	0.3757224290216865	0.07491434241297835	0.715429461013637	0.8351813320488538	0.04829201044304837	0.17326701455446	0.22007938560240334	0.22871645311992733	0.5373993638914575	0.4463949673046369
b4054_1-397	-1	-1	-1	-1	-1	-1	-1	-1	-1	-1	-1	-1	-1	-1	-1	-1	-1	-1	-1	-1	-1	-1	-1	-1	-1	-1	-1	-1
BN373_15711_1-396	0.534541847041847	0.1160192897118149	0.04442876741231416	0.33844303651581237	-1	0.009197823433199187	0.3576761276277759	-1	0.0	0.21860076851994273	0.3406284123201338	0.4164479128280134	0.39748709469596594	0.40238619066769615	0.2154783087065242	0.004807814589750036	0.580345151324652	0.3449596763673532	0.028095330362332957	0.30566011146724376	0.5569672073133607	0.7434025496476729	0.32508303027775887	0.2230576453580533	0.49903837081721153	0.1672013814238677	0.2798015829614576	0.6444062716343626
STM_MW41981_1-397	0.40432734739638365	0.309258152337617	0.18227003405698075	0.15336880709349435	-1	0.22578794068193384	0.17798246210763344	-1	0.21860076851994273	0.0	0.15616555389881445	0.5440128475552263	0.22893076799831574	0.23520041323772917	0.3869753533438433	0.22235759114547202	0.6720820237582034	0.4881519945250018	0.24055443807324803	0.11141467695380369	0.6538145162741965	0.7994949494949495	0.13627126501791775	0.005703712850688063	0.3588915768013858	0.061718866902006314	0.43723751041292913	0.5449269540589345
CS17_04534_1-397	0.29408824757529717	0.41712823557890355	0.30997128712813105	0.003303382663847773	-1	0.3466931957604814	0.02585448876805258	-1	0.3406284123201338	0.15616555389881445	0.0	0.6152223337875075	0.08623162331865258	0.09366157035196156	0.482708686842527	0.3437985486594477	0.7232915161513819	0.5680850218120083	0.35915367490753564	0.05036193574703487	0.7078767640919656	0.8308069317665805	0.02303302886097613	0.15132495513938468	0.24024383436731866	0.20824605976506175	0.5251216263127698	0.46070814240439656
NCTC13441_02961_1-396	0.728380923350052	0.33985879965441357	0.44237441278194806	0.6139470531756406	-1	0.4110306769873724	0.6251705636367958	-1	0.4164479128280134	0.5440128475552263	0.6152223337875075	0.0	0.6484023365617734	0.6512612142413324	0.2561683205854279	0.41362874857038007	0.28086136970380554	0.10913562704691068	0.39957888319485185	0.5948165088399455	0.24079991756405614	0.5602835531000309	0.6061507936507936	0.5466136673363743	0.707662795697305	0.5140186279359509	0.1897342824335075	0.7924925376269638
STMMW_41981_1-397	0.227471895023928	0.46739021401154196	0.36947358317555273	0.08925014993295408	-1	0.4030289020151763	0.061979585035755506	-1	0.39748709469596594	0.22893076799831574	0.08623162331865258	0.6484023365617734	0.0	0.008131105456169624	0.5273155565047334	0.4003838650325994	0.7471525378996914	0.6053297515167992	0.4144148938180518	0.13225076759275098	0.7330670249334131	0.8453967246946119	0.10727847671100137	0.22450758192774586	0.1685462256945381	0.2765202873004599	0.5660711593547414	0.40981558198126694
SL1344_4184_1-397	0.22113889322906455	0.4717209203484021	0.37460045996365304	0.0966555530080399	-1	0.40788293696717626	0.06960672794986977	-1	0.40238619066769615	0.23520041323772917	0.09366157035196156	0.6512612142413324	0.008131105456169624	0.0	0.5311590035622843	0.40525940705924013	0.7492084672783538	0.6085388569276288	0.4191763480699795	0.13930652811096456	0.7352374851034087	0.8466538202299893	0.1145372895598566	0.23081319255955135	0.1617301652676031	0.28240297713981916	0.5695994805185015	0.4049773903937533
SEN0902_1-396	0.6348379826149325	0.11251265761476271	0.2503336404589174	0.48099421212040894	-1	0.20819543007878868	0.4960829892883681	-1	0.2154783087065242	0.3869753533438433	0.482708686842527	0.2561683205854279	0.5273155565047334	0.5311590035622843	0.0	0.2116882519831374	0.46508190489488654	0.1650449810346828	0.19279975104353492	0.45527529631575864	0.43528292766999027	0.6729249768361873	0.4705129974308398	0.39047186989876453	0.6069847354003838	0.3466514192477824	0.0819904343866907	0.7210290068092373
ETEC_0996_1-396	0.5367796835405574	0.11174874235595002	0.04902297672589467	0.34162367973680235	-1	0.004411217157658298	0.36076430171271184	-1	0.004807814589750036	0.22235759114547202	0.3437985486594477	0.41362874857038007	0.4003838650325994	0.40525940705924013	0.2116882519831374	0.0	0.5783177814018376	0.3417951494839981	0.023400018724004615	0.30899836891357696	0.554826897576565	0.742162916757079	0.32832790593165934	0.2267930401460956	0.5014469014469015	0.17120532277258171	0.2763222746351714	0.6461159003496225
t1936_1-396	0.8046682292556394	0.5252669613813893	0.598989898989899	0.7223744125989205	-1	0.5764494077622221	0.7304456725390708	-1	0.580345151324652	0.6720820237582034	0.7232915161513819	0.28086136970380554	0.7471525378996914	0.7492084672783538	0.46508190489488654	0.5783177814018376	0.0	0.3593450150548372	0.5682139804598344	0.7086168991485282	0.05276797654079481	0.3885512078264223	0.7167678212027885	0.6739523737332653	0.789769023313141	0.6505120217443944	0.41730662169326943	0.8507733677328158
ERS227112_05246_1-397	0.6951061408488376	0.25898798920725524	0.37406231055171507	0.5666535125378866	-1	0.33887880030461015	0.5792519627643234	-1	0.3449596763673532	0.4881519945250018	0.5680850218120083	0.10913562704691068	0.6053297515167992	0.6085388569276288	0.1650449810346828	0.3417951494839981	0.3593450150548372	0.0	0.32602410082374594	0.5451793747044474	0.3236556946147692	0.6082722832552985	0.5579021697279779	0.4910714285714286	0.6718499322925682	0.4544833233670691	0.09047241963378073	0.7670717690896335
BN373_19861_1-397	0.5476190476190477	0.0904656208538031	0.0712758568766069	0.35702969795840245	-1	0.019072936430776684	0.3757224290216865	-1	0.028095330362332957	0.24055443807324803	0.35915367490753564	0.39957888319485185	0.4144148938180518	0.4191763480699795	0.19279975104353492	0.023400018724004615	0.5682139804598344	0.32602410082374594	0.0	0.325167820019317	0.5441602386252501	0.7359849598747289	0.3440450455092499	0.24488609748420764	0.5131130532879545	0.19059913373805865	0.25898245009252036	0.654396794907569
SEN4017_1-397	0.3296393298939868	0.38621693215339487	0.27337715404796714	0.04721452071239029	-1	0.3120465271645953	0.07491434241297835	-1	0.30566011146724376	0.11141467695380369	0.05036193574703487	0.5948165088399455	0.13225076759275098	0.13930652811096456	0.45527529631575864	0.30899836891357696	0.7086168991485282	0.5451793747044474	0.325167820019317	0.0	0.6923846601096032	0.8218341549245758	0.027973214748699828	0.10631736784031778	0.27850662556432537	0.16625715623796816	0.49993751139199094	0.4878679242855254
Ecoli9000q_51030_1-396	0.7937867746161846	0.49882074627826783	0.5766506082156634	0.7069085709463073	-1	0.552854441416571	0.715429461013637	-1	0.5569672073133607	0.6538145162741965	0.7078767640919656	0.24079991756405614	0.7330670249334131	0.7352374851034087	0.43528292766999027	0.554826897576565	0.05276797654079481	0.3236556946147692	0.5441602386252501	0.6923846601096032	0.0	0.42081612334773494	0.7009896500723515	0.655789058866445	0.7780575703943005	0.6310429022666407	0.3848462004284997	0.8424603174603175
STM_MW10091_1-396	0.8805646247052346	0.709725056931758	0.7548028580879693	0.83024616990713	-1	0.7410205019518071	0.8351813320488538	-1	0.7434025496476729	0.7994949494949495	0.8308069317665805	0.5602835531000309	0.8453967246946119	0.8466538202299893	0.6729249768361873	0.742162916757079	0.3885512078264223	0.6082722832552985	0.7359849598747289	0.8218341549245758	0.42081612334773494	0.0	0.8268180263697542	0.800638572728143	0.8714545232273486	0.7863059978164243	0.643712837626808	0.9087555559400995
NCTC13441_04427_1-397	0.31034753334219756	0.40338641771938377	0.2937031309590948	0.019795036778452527	-1	0.33129079739733386	0.04829201044304837	-1	0.32508303027775887	0.13627126501791775	0.02303302886097613	0.6061507936507936	0.10727847671100137	0.1145372895598566	0.4705129974308398	0.32832790593165934	0.7167678212027885	0.5579021697279779	0.3440450455092499	0.027973214748699828	0.7009896500723515	0.8268180263697542	0.0	0.13131654402690388	0.2577433200576408	0.18957962385171517	0.5139258667735921	0.4731296673248855
ERS227112_01913_1-397	0.40091031184332976	0.31319794549063695	0.18693413097212266	0.14851216498672457	-1	0.23020382395382397	0.17326701455446	-1	0.2230576453580533	0.005703712850688063	0.15132495513938468	0.5466136673363743	0.22450758192774586	0.23081319255955135	0.39047186989876453	0.2267930401460956	0.6739523737332653	0.4910714285714286	0.24488609748420764	0.10631736784031778	0.655789058866445	0.800638572728143	0.13131654402690388	0.0	0.35521390204855513	0.0670705530584155	0.44044734605667213	0.5423164585620867
ETEC_4364_1-397	0.07087064987901737	0.5571595832078723	0.4757464309320144	0.24275359971362112	-1	0.5036461274292426	0.22007938560240334	-1	0.49903837081721153	0.3588915768013858	0.24024383436731866	0.707662795697305	0.1685462256945381	0.1617301652676031	0.6069847354003838	0.5014469014469015	0.789769023313141	0.6718499322925682	0.5131130532879545	0.27850662556432537	0.7780575703943005	0.8714545232273486	0.2577433200576408	0.35521390204855513	0.0	0.39846006224253616	0.6392082276655064	0.2901777149165849
SL1344_0935_1-396	0.4410915885595913	0.26382208562405124	0.1284808602693966	0.2056219250035778	-1	0.17486131607294317	0.22871645311992733	-1	0.1672013814238677	0.061718866902006314	0.20824605976506175	0.5140186279359509	0.2765202873004599	0.28240297713981916	0.3466514192477824	0.17120532277258171	0.6505120217443944	0.4544833233670691	0.19059913373805865	0.16625715623796816	0.6310429022666407	0.7863059978164243	0.18957962385171517	0.0670705530584155	0.39846006224253616	0.0	0.40021975318958464	0.5730135468120618
STMMW_10091_1-396	0.6647777750418545	0.185278130329618	0.3117991109227798	0.5235477221178633	-1	0.2731158307159956	0.5373993638914575	-1	0.2798015829614576	0.43723751041292913	0.5251216263127698	0.1897342824335075	0.5660711593547414	0.5695994805185015	0.0819904343866907	0.2763222746351714	0.41730662169326943	0.09047241963378073	0.25898245009252036	0.49993751139199094	0.3848462004284997	0.643712837626808	0.5139258667735921	0.44044734605667213	0.6392082276655064	0.40021975318958464	0.0	0.7439019597222345
Ecoli9000q_37060_1-397	0.23603502032199436	0.6856620034253199	0.6278731336410266	0.4624896297775321	-1	0.6476769599618227	0.4463949673046369	-1	0.6444062716343626	0.5449269540589345	0.46070814240439656	0.7924925376269638	0.40981558198126694	0.4049773903937533	0.7210290068092373	0.6461159003496225	0.8507733677328158	0.7670717690896335	0.654396794907569	0.4878679242855254	0.8424603174603175	0.9087555559400995	0.4731296673248855	0.5423164585620867	0.2901777149165849	0.5730135468120618	0.7439019597222345	0.0
