ERS227112_02663_1-275	0.0	0.05316281885245802	0.0044261084028654665	0.050666407049655464	0.25057974487702506	0.1670425984404203	-1	-1	0.2870409582299064	0.0015948485820910067	0.6902226748229773	0.04492781437444221	0.5763623781955564	0.16085035514346183	0.03601022905699414	0.24053717441923442	0.047911220354434424	0.03890472824709199	0.29682933956750435	0.15011681158912987	0.19667519088082844	0.2816925934525193	0.10247972194223623	0.46673241549526345	0.18227074602765705
ROD_17901_1-291	0.05316281885245802	0.0	0.04895338343134674	0.002629646545050823	0.2904210381444906	0.21132496189134636	-1	-1	0.3249438706167519	0.054672880788282224	0.7066913106459624	0.008622389597307779	0.5988841483426321	0.11373395387841584	0.0177933317473739	0.28091235904076056	0.005515870589272792	0.014835252055044656	0.3342118740104404	0.19529899758036642	0.151570275107318	0.31987983998718195	0.15019442990102888	0.4950824234901766	0.13635705245406984
ENC_07760_3-292	0.0044261084028654665	0.04895338343134674	0.0	0.04644587311606745	0.25389676016550244	0.17072935819469212	-1	-1	0.2901965922355839	0.006013898012245982	0.6915937828449605	0.04068176788626155	0.5782374442331949	0.15711967545638938	0.03172453689344979	0.24389863921320137	0.04367843745059306	0.03463190440733105	0.29994164913629306	0.15387848671080934	0.19310378074454146	0.2848718999004796	0.10645224398668986	0.46909271563201566	0.17863529681306425
CS17_00403_1-275	0.050666407049655464	0.002629646545050823	0.04644587311606745	0.0	0.28855017657434234	0.20924555720286128	-1	-1	0.32316403124996224	0.05218045038430368	0.7059179788751498	0.0060085433976433565	0.5978265743834483	0.11606452032459533	0.01520366546869494	0.27901642707919094	0.0028938338042873647	0.012237786563148688	0.33245647047435223	0.19317733915781407	0.15380134540210044	0.3180866488994363	0.14795384968563086	0.493751167998167	0.13862812814724151
BN373_15821_1-263	0.25057974487702506	0.2904210381444906	0.25389676016550244	0.28855017657434234	0.0	0.1002898182790558	-1	-1	0.048652559233134544	0.24938262381892978	0.5866440451009823	0.2842495589876372	0.43471287450733836	0.3711242590652593	0.27756653992395436	0.013223254805277689	0.28648538385829836	0.27973573624545073	0.06171383062349985	0.11820793099313202	0.3979721166032953	0.041515889599739786	0.1650102249001857	0.2884265125483821	0.38717713386652675
ERS227112_03455_1-263	0.1670425984404203	0.21132496189134636	0.17072935819469212	0.20924555720286128	0.1002898182790558	0.0	-1	-1	0.14406302118788827	0.16571203546312305	0.6280994387023704	0.2044655539595068	0.4914054175984872	0.30102409230065386	0.1970375852652994	0.08823329481340494	0.20695060405239843	0.19944857978949962	0.1558143800440204	0.01991542729882515	0.3308646543877495	0.13764208685514434	0.07193472735557384	0.35979008829709885	0.3188663654319436
b0367_1-275	-1	-1	-1	-1	-1	-1	-1	-1	-1	-1	-1	-1	-1	-1	-1	-1	-1	-1	-1	-1	-1	-1	-1	-1	-1
b0934_1-263	-1	-1	-1	-1	-1	-1	-1	-1	-1	-1	-1	-1	-1	-1	-1	-1	-1	-1	-1	-1	-1	-1	-1	-1	-1
BN373_28161_4-294	0.2870409582299064	0.3249438706167519	0.2901965922355839	0.32316403124996224	0.048652559233134544	0.14406302118788827	-1	-1	0.0	0.28590208017499935	0.5655047386622304	0.3190726497151333	0.4058037040211166	0.4017206733013682	0.3127147766323025	0.06123246885074363	0.32119969598383974	0.31477843600127897	0.013729233748541785	0.16110937186179694	0.4272623138602521	0.0074457881523090725	0.2056346143922911	0.2520361573916357	0.41699253466050484
ETEC_1002_1-263	0.0015948485820910067	0.054672880788282224	0.006013898012245982	0.05218045038430368	0.24938262381892978	0.16571203546312305	-1	-1	0.28590208017499935	0.0	0.6897278377048786	0.04645100989548169	0.575685661073759	0.16218867176472346	0.03754764677633283	0.23932401139738085	0.04942965779467691	0.04043752967850149	0.2957060974356242	0.14875921142445214	0.19795637231361068	0.2805451719401095	0.10104602647219033	0.46588057588905285	0.18357490036888918
Ecoli9000q_51100_1-263	0.6902226748229773	0.7066913106459624	0.6915937828449605	0.7059179788751498	0.5866440451009823	0.6280994387023704	-1	-1	0.5655047386622304	0.6897278377048786	0.0	0.7041402929859418	0.26876814231569895	0.740050467593093	0.7013778272592648	0.592109956217891	0.7050644845103409	0.7022744774761004	0.5594564127768222	0.6355059972932856	0.7511481893827207	0.5687398983313334	0.6548520041827003	0.41909590198563584	0.7466860189854453
CS17_00997_1-263	0.04492781437444221	0.008622389597307779	0.04068176788626155	0.0060085433976433565	0.2842495589876372	0.2044655539595068	-1	-1	0.3190726497151333	0.04645100989548169	0.7041402929859418	0.0	0.5953954906300165	0.12137568501494168	0.009250705335518859	0.27465817927121644	0.0031237492043997995	0.006266898094675799	0.32842126047296943	0.18830020571801256	0.15888576674127936	0.3139645752776715	0.1428033463921132	0.49069096254379946	0.1438037184207781
ROD_04121_1-277	0.5763623781955564	0.5988841483426321	0.5782374442331949	0.5978265743834483	0.43471287450733836	0.4914054175984872	-1	-1	0.4058037040211166	0.575685661073759	0.26876814231569895	0.5953954906300165	0.0	0.6445046401149327	0.5916176659938946	0.44218781020587083	0.5966593736442576	0.5928438847471026	0.39753228392111956	0.5015342960288809	0.6596813883282455	0.4102279637618621	0.5279910302180619	0.20558152395876433	0.6535791235672347
ENC_16900_1-263	0.16085035514346183	0.11373395387841584	0.15711967545638938	0.11606452032459533	0.3711242590652593	0.30102409230065386	-1	-1	0.4017206733013682	0.16218867176472346	0.740050467593093	0.12137568501494168	0.6445046401149327	0.0	0.12950357965349057	0.36269703963215755	0.11862248269648898	0.1268819340604574	0.40993459002453386	0.286820824275476	0.04269183209091538	0.39723259489786056	0.24684617741628614	0.5525086958493464	0.025526306321511066
BN373_26921_17-326	0.03601022905699414	0.0177933317473739	0.03172453689344979	0.01520366546869494	0.27756653992395436	0.1970375852652994	-1	-1	0.3127147766323025	0.03754764677633283	0.7013778272592648	0.009250705335518859	0.5916176659938946	0.12950357965349057	0.0	0.2678856047286698	0.012345557656486695	0.00300262438186077	0.32215067611583637	0.18072129987549382	0.16666666666666666	0.3075590076956295	0.13479963273839338	0.485935503361949	0.15172413793103443
ERS227112_04570_14-326	0.24053717441923442	0.28091235904076056	0.24389863921320137	0.27901642707919094	0.013223254805277689	0.08823329481340494	-1	-1	0.06123246885074363	0.23932401139738085	0.592109956217891	0.27465817927121644	0.44218781020587083	0.36269703963215755	0.2678856047286698	0.0	0.27692396520663587	0.2700838692622227	0.07412102772143325	0.10639151834403791	0.3899046706072248	0.05419016921837234	0.15382098416289253	0.2978358300856349	0.37896503021811295
ETEC_0421_1-275	0.047911220354434424	0.005515870589272792	0.04367843745059306	0.0028938338042873647	0.28648538385829836	0.20695060405239843	-1	-1	0.32119969598383974	0.04942965779467691	0.7050644845103409	0.0031237492043997995	0.5966593736442576	0.11862248269648898	0.012345557656486695	0.27692396520663587	0.0	0.0093710710811383	0.33051910402625884	0.1908357523046124	0.15625010367391834	0.31610757788983795	0.145481013756835	0.49228191624434686	0.14112079518807133
NCTC13441_02955_2-264	0.03890472824709199	0.014835252055044656	0.03463190440733105	0.012237786563148688	0.27973573624545073	0.19944857978949962	-1	-1	0.31477843600127897	0.04043752967850149	0.7022744774761004	0.006266898094675799	0.5928438847471026	0.1268819340604574	0.00300262438186077	0.2700838692622227	0.0093710710811383	0.0	0.3241860030229588	0.18318128607602688	0.16415694392709312	0.30963814790212246	0.13739750445632798	0.4874790459534034	0.14916941326647545
ERS227112_04860_1-232	0.29682933956750435	0.3342118740104404	0.29994164913629306	0.33245647047435223	0.06171383062349985	0.1558143800440204	-1	-1	0.013729233748541785	0.2957060974356242	0.5594564127768222	0.32842126047296943	0.39753228392111956	0.40993459002453386	0.32215067611583637	0.07412102772143325	0.33051910402625884	0.3241860030229588	0.0	0.17262669738496736	0.43512556342986364	0.021072796934865683	0.21654064245304988	0.24162423930380952	0.4249967804292957
ROD_10031_1-263	0.15011681158912987	0.19529899758036642	0.15387848671080934	0.19317733915781407	0.11820793099313202	0.01991542729882515	-1	-1	0.16110937186179694	0.14875921142445214	0.6355059972932856	0.18830020571801256	0.5015342960288809	0.286820824275476	0.18072129987549382	0.10639151834403791	0.1908357523046124	0.18318128607602688	0.17262669738496736	0.0	0.31726774989624484	0.1548163131799473	0.053076338007627455	0.37254014224960524	0.305025654377143
BN373_08011_1-275	0.19667519088082844	0.151570275107318	0.19310378074454146	0.15380134540210044	0.3979721166032953	0.3308646543877495	-1	-1	0.4272623138602521	0.19795637231361068	0.7511481893827207	0.15888576674127936	0.6596813883282455	0.04269183209091538	0.16666666666666666	0.3899046706072248	0.15625010367391834	0.16415694392709312	0.43512556342986364	0.31726774989624484	0.0	0.4229658397463579	0.27899969394866114	0.5716129194682908	0.017615176151761558
ERS227112_04446_4-295	0.2816925934525193	0.31987983998718195	0.2848718999004796	0.3180866488994363	0.041515889599739786	0.13764208685514434	-1	-1	0.0074457881523090725	0.2805451719401095	0.5687398983313334	0.3139645752776715	0.4102279637618621	0.39723259489786056	0.3075590076956295	0.05419016921837234	0.31610757788983795	0.30963814790212246	0.021072796934865683	0.1548163131799473	0.4229658397463579	0.0	0.19967556822014115	0.2576053377092846	0.41261902032112013
NCTC13441_03608_1-275	0.10247972194223623	0.15019442990102888	0.10645224398668986	0.14795384968563086	0.1650102249001857	0.07193472735557384	-1	-1	0.2056346143922911	0.10104602647219033	0.6548520041827003	0.1428033463921132	0.5279910302180619	0.24684617741628614	0.13479963273839338	0.15382098416289253	0.145481013756835	0.13739750445632798	0.21654064245304988	0.053076338007627455	0.27899969394866114	0.19967556822014115	0.0	0.40584341374578303	0.26607141259877504
Ecoli9000q_44730_1-275	0.46673241549526345	0.4950824234901766	0.46909271563201566	0.493751167998167	0.2884265125483821	0.35979008829709885	-1	-1	0.2520361573916357	0.46588057588905285	0.41909590198563584	0.49069096254379946	0.20558152395876433	0.5525086958493464	0.485935503361949	0.2978358300856349	0.49228191624434686	0.4874790459534034	0.24162423930380952	0.37254014224960524	0.5716129194682908	0.2576053377092846	0.40584341374578303	0.0	0.5639314959553084
BN373_23771_1-246	0.18227074602765705	0.13635705245406984	0.17863529681306425	0.13862812814724151	0.38717713386652675	0.3188663654319436	-1	-1	0.41699253466050484	0.18357490036888918	0.7466860189854453	0.1438037184207781	0.6535791235672347	0.025526306321511066	0.15172413793103443	0.37896503021811295	0.14112079518807133	0.14916941326647545	0.4249967804292957	0.305025654377143	0.017615176151761558	0.41261902032112013	0.26607141259877504	0.5639314959553084	0.0
