STMMW_29991_1-181	0.0	-1	0.16930532539314702	0.328170693100463	0.3770006788634631	0.16747580416863606	0.33335376100705305	0.660301603716723	0.15422009140051807	0.578245462795863	0.374646207722103	0.263296775842529	0.7667130200049431
b2889_1-181	-1	-1	-1	-1	-1	-1	-1	-1	-1	-1	-1	-1	-1
t2957_1-181	0.16930532539314702	-1	0.0	0.15886536770731596	0.2076953534703161	0.001829521224510966	0.16404843561390603	0.49099627832357595	0.015085233992628955	0.40894013740271595	0.20534088232895598	0.09399145044938195	0.5974076946117961
ROD_49441_1-181	0.328170693100463	-1	0.15886536770731596	0.0	0.04882998576300013	0.16069488893182693	0.0051830679065900664	0.33213091061626	0.17395060169994492	0.2500747696954	0.04647551462164001	0.06487391725793401	0.43854232690448014
BN373_39841_1-181	0.3770006788634631	-1	0.2076953534703161	0.04882998576300013	0.0	0.20952487469482706	0.04364691785641006	0.28330092485325986	0.22278058746294505	0.20124478393239986	0.002354471141360115	0.11370390302093414	0.38971234114148
STM_MW29991_1-181	0.16747580416863606	-1	0.001829521224510966	0.16069488893182693	0.20952487469482706	0.0	0.165877956838417	0.4928257995480869	0.013255712768117989	0.4107696586272269	0.20717040355346694	0.09582097167389292	0.5992372158363071
SEN2882_1-181	0.33335376100705305	-1	0.16404843561390603	0.0051830679065900664	0.04364691785641006	0.165877956838417	0.0	0.3269478427096699	0.17913366960653498	0.24489170178880992	0.041292446715049946	0.07005698516452408	0.4333592589978901
ENC_31230_2-180	0.660301603716723	-1	0.49099627832357595	0.33213091061626	0.28330092485325986	0.4928257995480869	0.3269478427096699	0.0	0.5060815123162049	0.08205614092086	0.28565539599462	0.397004827874194	0.10641141628822015
SL1344_3015_1-181	0.15422009140051807	-1	0.015085233992628955	0.17395060169994492	0.22278058746294505	0.013255712768117989	0.17913366960653498	0.5060815123162049	0.0	0.4240253713953449	0.22042611632158493	0.10907668444201091	0.6124929286044251
NCTC13441_00866_1-181	0.578245462795863	-1	0.40894013740271595	0.2500747696954	0.20124478393239986	0.4107696586272269	0.24489170178880992	0.08205614092086	0.4240253713953449	0.0	0.20359925507375998	0.314948686953334	0.18846755720908015
CS17_03246_1-181	0.374646207722103	-1	0.20534088232895598	0.04647551462164001	0.002354471141360115	0.20717040355346694	0.041292446715049946	0.28565539599462	0.22042611632158493	0.20359925507375998	0.0	0.11134943187957402	0.3920668122828401
ERS227112_01346_1-181	0.263296775842529	-1	0.09399145044938195	0.06487391725793401	0.11370390302093414	0.09582097167389292	0.07005698516452408	0.397004827874194	0.10907668444201091	0.314948686953334	0.11134943187957402	0.0	0.5034162441624142
ETEC_3082_1-181	0.7667130200049431	-1	0.5974076946117961	0.43854232690448014	0.38971234114148	0.5992372158363071	0.4333592589978901	0.10641141628822015	0.6124929286044251	0.18846755720908015	0.3920668122828401	0.5034162441624142	0.0
