Ecoli9000q_52130_1-236	0.0	0.22699023599962675	0.30364716268331443	0.4074535941963365	0.3320510284159687	0.5137718823716354	0.32516514880517783	0.48386262328492874	0.6561328688289437	0.36978147847878534	0.2421565807513708	-1	0.3884429362966892	0.45397905362269736	0.50558372533079
t1088_1-243	0.22699023599962675	0.0	0.4617124575648386	0.5419558426904407	0.4836689231115359	0.6241409175417522	0.47834607093866355	0.601020768233711	0.7341873500859764	0.18472113694942882	0.01961986181553163	-1	0.5272604185139425	0.5779204771016209	0.6178113922000102
STMMW_15361_1-247	0.30364716268331443	0.4617124575648386	0.0	0.1490715998415804	0.04078947368421051	0.30175036048967935	0.030900981469078898	0.2587990612575854	0.5061883678163671	0.5611455444091755	0.4722735847644386	-1	0.12177127609636142	0.21588465341603166	0.2899917280808599
NCTC13441_02922_1-236	0.4074535941963365	0.5419558426904407	0.1490715998415804	0.0	0.11288671588422647	0.1794260958027425	0.12193864209215582	0.12895028699897282	0.4196789858092659	0.6265662802017055	0.5509426057622658	-1	0.031085664818467522	0.07851783247804696	0.16560750377240205
STMMW_17801_1-243	0.3320510284159687	0.4836689231115359	0.04078947368421051	0.11288671588422647	0.0	0.27205798898786876	0.010203799638680677	0.22728022847155677	0.4851895192598614	0.5790461866766959	0.49379926749115227	-1	0.0844254730222698	0.18254092811547884	0.2597993324299774
ETEC_1043_1-235	0.5137718823716354	0.6241409175417522	0.30175036048967935	0.1794260958027425	0.27205798898786876	0.0	0.27948576341681486	0.05794825260875799	0.29278641299415376	0.6935700345862088	0.6315152208016954	-1	0.20493418114739972	0.10950647433151932	0.016561261148459728
t1456_1-242	0.32516514880517783	0.47834607093866355	0.030900981469078898	0.12193864209215582	0.010203799638680677	0.27948576341681486	0.0	0.23516490619708014	0.49044254225722667	0.5747065778090102	0.4885808489423761	-1	0.0937678120498304	0.19088211669781036	0.2673521917342796
SL1344_1466_1-247	0.48386262328492874	0.601020768233711	0.2587990612575854	0.12895028699897282	0.22728022847155677	0.05794825260875799	0.23516490619708014	0.0	0.3337682045823144	0.6747206655447896	0.6088486856282326	-1	0.15602744641754507	0.05472971295423835	0.042083954826337214
CS17_01037_1-236	0.6561328688289437	0.7341873500859764	0.5061883678163671	0.4196789858092659	0.4851895192598614	0.29278641299415376	0.49044254225722667	0.3337682045823144	0.0	0.7832885649936353	0.7394025575461097	-1	0.43771865034351215	0.3702308795065111	0.3044987618962965
STM_MW17801_1-244	0.36978147847878534	0.18472113694942882	0.5611455444091755	0.6265662802017055	0.5790461866766959	0.6935700345862088	0.5747065778090102	0.6747206655447896	0.7832885649936353	0.0	0.16840536512667673	-1	0.6145854114870442	0.6558874864544819	0.6884097063619437
STM_MW15361_1-248	0.2421565807513708	0.01961986181553163	0.4722735847644386	0.5509426057622658	0.49379926749115227	0.6315152208016954	0.4885808489423761	0.6088486856282326	0.7394025575461097	0.16840536512667673	0.0	-1	0.5365355037774312	0.5862016190160526	0.6253098798725164
b0974_1-235	-1	-1	-1	-1	-1	-1	-1	-1	-1	-1	-1	-1	-1	-1	-1
SEN1249_1-243	0.3884429362966892	0.5272604185139425	0.12177127609636142	0.031085664818467522	0.0844254730222698	0.20493418114739972	0.0937678120498304	0.15602744641754507	0.43771865034351215	0.6145854114870442	0.5365355037774312	-1	0.0	0.10716271827382932	0.19154514923717758
SEN1515_1-247	0.45397905362269736	0.5779204771016209	0.21588465341603166	0.07851783247804696	0.18254092811547884	0.10950647433151932	0.19088211669781036	0.05472971295423835	0.3702308795065111	0.6558874864544819	0.5862016190160526	-1	0.10716271827382932	0.0	0.094510425012951
SL1344_1716_1-243	0.50558372533079	0.6178113922000102	0.2899917280808599	0.16560750377240205	0.2597993324299774	0.016561261148459728	0.2673521917342796	0.042083954826337214	0.3044987618962965	0.6884097063619437	0.6253098798725164	-1	0.19154514923717758	0.094510425012951	0.0
