ROD_44871_1-257	0.0	0.12651202960715002	0.3371221273642	0.45064104545232	0.27793157582942984	0.36009931597142986	-1	0.30687881525823	0.41045768153321993	0.8695682820567301	-1
BN373_06391_9-266	0.12651202960715002	0.0	0.46363415697135	0.57715307505947	0.40444360543657987	0.4866113455785799	-1	0.18036678565108	0.53696971114037	0.9960803116638801	-1
ETEC_3240_5-269	0.3371221273642	0.46363415697135	0.0	0.11351891808811998	0.05919055153477015	0.02297718860722986	-1	0.64400094262243	0.07333555416901993	0.5324461546925301	-1
ENC_18230_7-263	0.45064104545232	0.57715307505947	0.11351891808811998	0.0	0.17270946962289013	0.09054172948089012	-1	0.75751986071055	0.040183363919100046	0.4189272366044101	-1
CS17_03388_5-270	0.27793157582942984	0.40444360543657987	0.05919055153477015	0.17270946962289013	0.0	0.08216774014200001	-1	0.5848103910876599	0.1325261057037901	0.5916367062273002	-1
ROD_46561_1-281	0.36009931597142986	0.4866113455785799	0.02297718860722986	0.09054172948089012	0.08216774014200001	0.0	-1	0.6669781312296599	0.050358365561790075	0.5094689660853002	-1
b3335_3-224	-1	-1	-1	-1	-1	-1	-1	-1	-1	-1	-1
ERS227112_02490_9-266	0.30687881525823	0.18036678565108	0.64400094262243	0.75751986071055	0.5848103910876599	0.6669781312296599	-1	0.0	0.71733649679145	1.17644709731496	-1
ETEC_3587_1-224	0.41045768153321993	0.53696971114037	0.07333555416901993	0.040183363919100046	0.1325261057037901	0.050358365561790075	-1	0.71733649679145	0.0	0.45911060052351016	-1
NCTC13441_00740_5-270	0.8695682820567301	0.9960803116638801	0.5324461546925301	0.4189272366044101	0.5916367062273002	0.5094689660853002	-1	1.17644709731496	0.45911060052351016	0.0	-1
b2972_5-269	-1	-1	-1	-1	-1	-1	-1	-1	-1	-1	-1
