STM_MW40691_1-374	0.0	0.08192007834386723	0.4144022131623648	0.09737385263660633	0.5983989818197761	0.22281269333833653	0.11289384366410218	0.01250879394446212	0.3549846671702364	0.2059854030455268	0.0068693585075160005	0.21660057145400896	0.24215298767728438	0.46933667083854824	0.352461231071615	0.4781306474125032
SEN3894_1-374	0.08192007834386723	0.0	0.36214944578978486	0.1713170573438386	0.631298168692077	0.15346443340173677	0.18556564949046586	0.0702905342080599	0.4078243737686462	0.135135647534756	0.08822669846427542	0.14669800518803458	0.30423587429942694	0.5128086523376718	0.40550765775291964	0.5208822256617343
SL1344_4053_1-374	0.4144022131623648	0.36214944578978486	0.0	0.4714241257622155	0.76482333256192	0.24651653234917517	0.480512598159657	0.406984301990128	0.6222804486185498	0.26248485974469826	0.4184248943013605	0.25249142965993815	0.5562064668223037	0.6892447288871624	0.6208027300239709	0.6943944621063723
t3516_1-374	0.09737385263660633	0.1713170573438386	0.4714241257622155	0.0	0.5550749118521371	0.29849041560825035	0.017194262622272083	0.10866461712285873	0.2854014536207724	0.283301663400686	0.09113050221980817	0.2928831919648479	0.16039767456724313	0.4120895669690711	0.2826057933067072	0.4218322235491431
NCTC13441_04559_1-373	0.5983989818197761	0.631298168692077	0.76482333256192	0.5550749118521371	0.0	0.6878807863279301	0.5472909129173489	0.6034225262040788	0.37737756338543216	0.6811229294131235	0.5956211585852442	0.6853859918541244	0.4700763984681261	0.24320940206132338	0.3798039014021735	0.23045678733760996
SL1344_0038_3-124	0.22281269333833653	0.15346443340173677	0.24651653234917517	0.29849041560825035	0.6878807863279301	0.0	0.310552355634323	0.21296787060405137	0.49870227072255957	0.02119267121455021	0.22815147157528629	0.00792969927978811	0.4110109216313202	0.5875751964648994	0.4967410882175392	0.5944097634332575
SL1344_0038_155-417	0.11289384366410218	0.18556564949046586	0.480512598159657	0.017194262622272083	0.5472909129173489	0.310552355634323	0.0	0.12399047178057174	0.2728994966127457	0.2956247628211202	0.10675784305401333	0.3050415440668271	0.1457087667467826	0.4018040283326373	0.2700549260045964	0.41171713344542066
SEN0037_3-126	0.01250879394446212	0.0702905342080599	0.406984301990128	0.10866461712285873	0.6034225262040788	0.21296787060405137	0.12399047178057174	0.0	0.36305303105962256	0.1959274248870458	0.019292225061876965	0.2066770582441708	0.2516327397958555	0.4759746290769111	0.36056116010319084	0.48465860360995006
SEN0037_155-417	0.3549846671702364	0.4078243737686462	0.6222804486185498	0.2854014536207724	0.37737756338543216	0.49870227072255957	0.2728994966127457	0.36305303105962256	0.0	0.48784841047371985	0.35052317803785626	0.494695356857761	0.14888450789973512	0.1772857137622375	0.0038969652779206557	0.19091946187078976
STMMW_00381_3-125	0.2059854030455268	0.135135647534756	0.26248485974469826	0.283301663400686	0.6811229294131235	0.02119267121455021	0.2956247628211202	0.1959274248870458	0.48784841047371985	0.0	0.21143977397220787	0.01336898395721916	0.3982584099574273	0.5786455705773509	0.4858447653769326	0.5856281163423469
STMMW_00381_155-417	0.0068693585075160005	0.08822669846427542	0.4184248943013605	0.09113050221980817	0.5956211585852442	0.22815147157528629	0.10675784305401333	0.019292225061876965	0.35052317803785626	0.21143977397220787	0.0	0.22198202298327455	0.23691105614884908	0.46566613999144457	0.34798228765224787	0.47452094338441947
STMMW_40691_1-374	0.21660057145400896	0.14669800518803458	0.25249142965993815	0.2928831919648479	0.6853859918541244	0.00792969927978811	0.3050415440668271	0.2066770582441708	0.494695356857761	0.01336898395721916	0.22198202298327455	0.0	0.40630308362109796	0.5842786511846056	0.49271849846012866	0.5911678474072887
STM_MW00381_3-125	0.24215298767728438	0.30423587429942694	0.5562064668223037	0.16039767456724313	0.4700763984681261	0.4110109216313202	0.1457087667467826	0.2516327397958555	0.14888450789973512	0.3982584099574273	0.23691105614884908	0.40630308362109796	0.0	0.29977512541082857	0.14555476448504862	0.31137901964141007
STM_MW00381_155-418	0.46933667083854824	0.5128086523376718	0.6892447288871624	0.4120895669690711	0.24320940206132338	0.5875751964648994	0.4018040283326373	0.4759746290769111	0.1772857137622375	0.5786455705773509	0.46566613999144457	0.5842786511846056	0.29977512541082857	0.0	0.18049180276935534	0.016571668119316117
NCTC13441_03973_1-126	0.352461231071615	0.40550765775291964	0.6208027300239709	0.2826057933067072	0.3798039014021735	0.4967410882175392	0.2700549260045964	0.36056116010319084	0.0038969652779206557	0.4858447653769326	0.34798228765224787	0.49271849846012866	0.14555476448504862	0.18049180276935534	0.0	0.19407242063492064
NCTC13441_03973_150-417	0.4781306474125032	0.5208822256617343	0.6943944621063723	0.4218322235491431	0.23045678733760996	0.5944097634332575	0.41171713344542066	0.48465860360995006	0.19091946187078976	0.5856281163423469	0.47452094338441947	0.5911678474072887	0.31137901964141007	0.016571668119316117	0.19407242063492064	0.0
