NCTC13441_00907_1-237	0.0	0.13658908587185592	0.7226446002164089	0.2871117528041365	0.11262859967502514	0.41904753776203785	0.3526377176702262	0.6236216728240782	0.03886691463161285	0.15374737145516382	-1	0.01212977513286062	0.1513813220751905	1.018994573122549	0.12711442610048995
SEN2849_1-237	0.13658908587185592	0.0	0.5860555143445529	0.15052266693228056	0.023960486196830777	0.5556366236338938	0.2160486317983703	0.4870325869522223	0.17545600050346877	0.017158285583307897	-1	0.14871886100471654	0.014792236203334586	0.882405487250693	0.009474659771365967
CS17_03167_1-237	0.7226446002164089	0.5860555143445529	0.0	0.4355328474122724	0.6100160005413837	1.1416921379784468	0.37000688254618264	0.09902292739233065	0.7615115148480217	0.568897228761245	-1	0.7347743753492695	0.5712632781412184	0.29634997290614007	0.5955301741159189
BN373_38711_1-237	0.2871117528041365	0.15052266693228056	0.4355328474122724	0.0	0.17448315312911133	0.7061592905661743	0.06552596486608975	0.33650992001994173	0.3259786674357493	0.13336438134897266	-1	0.2992415279369971	0.13573043072894597	0.7318828203184125	0.15999732670364653
STM_MW29671_7-243	0.11262859967502514	0.023960486196830777	0.6100160005413837	0.17448315312911133	0.0	0.531676137437063	0.24000911799520108	0.5109930731490531	0.151495514306638	0.041118771780138674	-1	0.12475837480788576	0.03875272240016536	0.9063659734475238	0.01448582642546481
ROD_28751_1-237	0.41904753776203785	0.5556366236338938	1.1416921379784468	0.7061592905661743	0.531676137437063	0.0	0.7716852554322641	1.0426692105861162	0.380180623130425	0.5727949092172017	-1	0.4069177626291772	0.5704288598372284	1.4380421108845867	0.5461619638625278
ETEC_3019_1-237	0.3526377176702262	0.2160486317983703	0.37000688254618264	0.06552596486608975	0.24000911799520108	0.7716852554322641	0.0	0.270983955153852	0.3915046323018391	0.1988903462150624	-1	0.36476749280308685	0.20125639559503572	0.6663568554523227	0.22552329156973627
ROD_15141_1-253	0.6236216728240782	0.4870325869522223	0.09902292739233065	0.33650992001994173	0.5109930731490531	1.0426692105861162	0.270983955153852	0.0	0.6624885874556911	0.4698743013689144	-1	0.6357514479569388	0.4722403507488877	0.3953729002984707	0.49650724672358826
ERS227112_01427_1-237	0.03886691463161285	0.17545600050346877	0.7615115148480217	0.3259786674357493	0.151495514306638	0.380180623130425	0.3915046323018391	0.6624885874556911	0.0	0.19261428608677666	-1	0.026737139498752227	0.19024823670680335	1.0578614877541619	0.1659813407321028
t2915_1-237	0.15374737145516382	0.017158285583307897	0.568897228761245	0.13336438134897266	0.041118771780138674	0.5727949092172017	0.1988903462150624	0.4698743013689144	0.19261428608677666	0.0	-1	0.16587714658802444	0.0023660493799733118	0.8652472016673851	0.026632945354673865
b2832_1-237	-1	-1	-1	-1	-1	-1	-1	-1	-1	-1	-1	-1	-1	-1	-1
BN373_01231_1-214	0.01212977513286062	0.14871886100471654	0.7347743753492695	0.2992415279369971	0.12475837480788576	0.4069177626291772	0.36476749280308685	0.6357514479569388	0.026737139498752227	0.16587714658802444	-1	0.0	0.16351109720805113	1.0311243482554096	0.13924420123335057
SL1344_2984_1-237	0.1513813220751905	0.014792236203334586	0.5712632781412184	0.13573043072894597	0.03875272240016536	0.5704288598372284	0.20125639559503572	0.4722403507488877	0.19024823670680335	0.0023660493799733118	-1	0.16351109720805113	0.0	0.8676132510473584	0.024266895974700553
NCTC13441_03317_1-251	1.018994573122549	0.882405487250693	0.29634997290614007	0.7318828203184125	0.9063659734475238	1.4380421108845867	0.6663568554523227	0.3953729002984707	1.0578614877541619	0.8652472016673851	-1	1.0311243482554096	0.8676132510473584	0.0	0.891880147022059
STMMW_29671_7-243	0.12711442610048995	0.009474659771365967	0.5955301741159189	0.15999732670364653	0.01448582642546481	0.5461619638625278	0.22552329156973627	0.49650724672358826	0.1659813407321028	0.026632945354673865	-1	0.13924420123335057	0.024266895974700553	0.891880147022059	0.0
