SL1344_2801_1-456	0.0	0.508975394910987	0.32131284764161605	0.65886244312819	1.27195714800073	1.14302097340016	1.15994428784974	2.877667004321	0.69046030032402	1.47833200907064
STM_MW27831_1-456	0.508975394910987	0.0	0.18766254726937093	0.149887048217203	0.7629817530897429	0.634045578489173	0.6509688929387529	2.368691609410013	0.18148490541303297	0.969356614159653
STMMW_27831_1-456	0.32131284764161605	0.18766254726937093	0.0	0.33754959548657393	0.9506443003591138	0.8217081257585439	0.8386314402081239	2.556354156679384	0.3691474526824039	1.157019161429024
SEN2661_1-456	0.65886244312819	0.149887048217203	0.33754959548657393	0.0	0.6130947048725399	0.48415853027197	0.5010818447215499	2.21880456119281	0.03159785719582997	0.81946956594245
BN373_38911_3-447	1.27195714800073	0.7629817530897429	0.9506443003591138	0.6130947048725399	0.0	0.12893617460056994	0.11201286015098999	1.60570985632027	0.58149684767671	0.2063748610699101
ROD_38521_1-463	1.14302097340016	0.634045578489173	0.8217081257585439	0.48415853027197	0.12893617460056994	0.0	0.01692331444957995	1.73464603092084	0.45256067307614	0.33531103567048004
t2713_1-456	1.15994428784974	0.6509688929387529	0.8386314402081239	0.5010818447215499	0.11201286015098999	0.01692331444957995	0.0	1.71772271647126	0.46948398752571996	0.3183877212209001
ERS227112_01406_3-447	2.877667004321	2.368691609410013	2.556354156679384	2.21880456119281	1.60570985632027	1.73464603092084	1.71772271647126	0.0	2.18720670399698	1.39933499525036
ENC_07140_15-448	0.69046030032402	0.18148490541303297	0.3691474526824039	0.03159785719582997	0.58149684767671	0.45256067307614	0.46948398752571996	2.18720670399698	0.0	0.78787170874662
NCTC13441_04599_1-464	1.47833200907064	0.969356614159653	1.157019161429024	0.81946956594245	0.2063748610699101	0.33531103567048004	0.3183877212209001	1.39933499525036	0.78787170874662	0.0
