ETEC_3444_1-209	0.0	0.28224705800122496	-1	0.11611515394555494	0.671287306209281	0.2118213251451	0.05780885776795497	0.465786806364699	0.367118288686279	0.6050157961238826	0.6049922875297585	0.14617979248906499	0.24080486319828998
SL1344_3269_1-208	0.28224705800122496	0.0	-1	0.16613190405567002	0.953534364210506	0.07042573285612497	0.34005591576917993	0.18353974836347403	0.08487123068505403	0.3227687381226576	0.3227452295285335	0.42842685049028995	0.041442194802934984
b3179_1-209	-1	-1	-1	-1	-1	-1	-1	-1	-1	-1	-1	-1	-1
SEN3130_1-208	0.11611515394555494	0.16613190405567002	-1	0.0	0.787402460154836	0.09570617119954505	0.1739240117135099	0.34967165241914405	0.25100313474072405	0.4889006421783276	0.48887713358420354	0.2622949464346199	0.12468970925273504
CS17_03620_1-209	0.671287306209281	0.953534364210506	-1	0.787402460154836	0.0	0.883108631354381	0.613478448441326	1.13707411257398	1.03840559489556	1.2763031023331637	1.2762795937390394	0.525107513720216	0.912092169407571
ROD_46421_1-209	0.2118213251451	0.07042573285612497	-1	0.09570617119954505	0.883108631354381	0.0	0.26963018291305496	0.253965481219599	0.155296963541179	0.3931944709787826	0.3931709623846585	0.358001117634165	0.028983538053189983
ENC_34140_1-208	0.05780885776795497	0.34005591576917993	-1	0.1739240117135099	0.613478448441326	0.26963018291305496	0.0	0.523595664132654	0.42492714645423396	0.6628246538918375	0.6628011452977135	0.08837093472111002	0.29861372096624494
NCTC13441_00514_1-209	0.465786806364699	0.18353974836347403	-1	0.34967165241914405	1.13707411257398	0.253965481219599	0.523595664132654	0.0	0.09866851767842	0.13922898975918357	0.13920548116505949	0.6119665988537639	0.22498194316640902
ERS227112_01010_1-209	0.367118288686279	0.08487123068505403	-1	0.25100313474072405	1.03840559489556	0.155296963541179	0.42492714645423396	0.09866851767842	0.0	0.23789750743760357	0.23787399884347948	0.513298081175344	0.12631342548798902
t3214_1-208	0.6050157961238826	0.3227687381226576	-1	0.4889006421783276	1.2763031023331637	0.3931944709787826	0.6628246538918375	0.13922898975918357	0.23789750743760357	0.0	2.3508594124088678e-05	0.7511955886129476	0.3642109329255926
STM_MW32961_1-209	0.6049922875297585	0.3227452295285335	-1	0.48887713358420354	1.2762795937390394	0.3931709623846585	0.6628011452977135	0.13920548116505949	0.23787399884347948	2.3508594124088678e-05	0.0	0.7511720800188235	0.3641874243314685
BN373_42391_1-209	0.14617979248906499	0.42842685049028995	-1	0.2622949464346199	0.525107513720216	0.358001117634165	0.08837093472111002	0.6119665988537639	0.513298081175344	0.7511955886129476	0.7511720800188235	0.0	0.38698465568735496
STMMW_32961_1-208	0.24080486319828998	0.041442194802934984	-1	0.12468970925273504	0.912092169407571	0.028983538053189983	0.29861372096624494	0.22498194316640902	0.12631342548798902	0.3642109329255926	0.3641874243314685	0.38698465568735496	0.0
