ETEC_3851_1-339	0.0	0.8630878281761276	0.6984466743961911	0.9254961306605198	0.7633225632519497	0.386052923121613	0.4913288364285821	0.7287946761809024	0.3044141524127306	0.09202267027102047	0.4550893421058077	0.11893319720376955	-1
t3819_1-339	0.8630878281761276	0.0	0.5459769128736045	0.45582727710050597	0.9675959781131173	0.7769967852603809	0.7308434571706366	0.49517151840574825	0.8031699864240047	0.8756868518199651	0.9253950983777309	0.8446063665214079	-1
STMMW_36881_1-339	0.6984466743961911	0.5459769128736045	0.0	0.7529330204191952	0.9286291318532404	0.5088284691621039	0.4071743255768999	0.10063892256517008	0.566475760468983	0.7261964166473601	0.835680378955047	0.6577406790872463	-1
SL1344_3666_1-339	0.9254961306605198	0.45582727710050597	0.7529330204191952	0.0	0.9823666151769203	0.8786477334198008	0.8535323512023311	0.7252861105736389	0.8928904755640062	0.9323521756626622	0.959402047542561	0.9154390233487085	-1
ERS227112_00626_1-339	0.7633225632519497	0.9675959781131173	0.9286291318532404	0.9823666151769203	0.0	0.8546925795454652	0.8796090128582686	0.9358118191260711	0.8353705245548251	0.739335521935668	0.5656582720134519	0.7914713675103883	-1
SEN3522_1-339	0.386052923121613	0.7769967852603809	0.5088284691621039	0.8786477334198008	0.8546925795454652	0.0	0.17147392221858004	0.5582594428203149	0.11736692313688837	0.44254997254104966	0.6654536944259819	0.3031776081791857	-1
ENC_02260_1-339	0.4913288364285821	0.7308434571706366	0.4071743255768999	0.8535323512023311	0.8796090128582686	0.17147392221858004	0.0	0.46683566271981103	0.26871547870645957	0.538138115190291	0.7228196616064944	0.4226644767944329	-1
BN373_45941_1-339	0.7287946761809024	0.49517151840574825	0.10063892256517008	0.7252861105736389	0.9358118191260711	0.5582594428203149	0.46683566271981103	0.0	0.6101051728412693	0.7537517142704525	0.8522173285733281	0.6921852883817927	-1
STM_MW36881_1-339	0.3044141524127306	0.8031699864240047	0.566475760468983	0.8928904755640062	0.8353705245548251	0.11736692313688837	0.26871547870645957	0.6101051728412693	0.0	0.3684238195104422	0.6209678581693316	0.21051860610376252	-1
CS17_04057_1-339	0.09202267027102047	0.8756868518199651	0.7261964166473601	0.9323521756626622	0.739335521935668	0.44254997254104966	0.538138115190291	0.7537517142704525	0.3684238195104422	0.0	0.39986314630031383	0.20001131708422928	-1
NCTC13441_00075_1-339	0.4550893421058077	0.9253950983777309	0.835680378955047	0.959402047542561	0.5656582720134519	0.6654536944259819	0.7228196616064944	0.8522173285733281	0.6209678581693316	0.39986314630031383	0.0	0.5198973088395735	-1
ROD_42081_1-339	0.11893319720376955	0.8446063665214079	0.6577406790872463	0.9154390233487085	0.7914713675103883	0.3031776081791857	0.4226644767944329	0.6921852883817927	0.21051860610376252	0.20001131708422928	0.5198973088395735	0.0	-1
b3608_1-339	-1	-1	-1	-1	-1	-1	-1	-1	-1	-1	-1	-1	-1
