NCTC13441_02016_1-147	0.0	0.10287946808470871	0.20748675436949682	0.31313098436583553	0.2965135037698148	0.08095574693782276	0.17411963568925132	0.3827624261856295	-1	0.22909149820058206	0.00525012587331497	0.3967445969439257	0.46146191633022016
ERS227112_04282_1-147	0.10287946808470871	0.0	0.1046072862847881	0.21025151628112682	0.19363403568510607	0.021923721146885955	0.0712401676045426	0.2798829581009208	-1	0.12621203011587334	0.10812959395802368	0.293865128859217	0.35858244824551144
ETEC_1898_4-150	0.20748675436949682	0.1046072862847881	0.0	0.10564422999633871	0.08902674940031796	0.12653100743167406	0.0333671186802455	0.17527567181613268	-1	0.021604743831085238	0.2127368802428118	0.1892578425744289	0.25397516196072334
BN373_29651_1-147	0.31313098436583553	0.21025151628112682	0.10564422999633871	0.0	0.01661748059602075	0.23217523742801277	0.1390113486765842	0.06963144181979397	-1	0.08403948616525347	0.3183811102391505	0.08361361257809019	0.14833093196438463
ENC_06300_1-147	0.2965135037698148	0.19363403568510607	0.08902674940031796	0.01661748059602075	0.0	0.21555775683199202	0.12239386808056346	0.08624892241581472	-1	0.06742200556923272	0.30176362964312975	0.10023109317411094	0.16494841256040538
STMMW_18831_4-150	0.08095574693782276	0.021923721146885955	0.12653100743167406	0.23217523742801277	0.21555775683199202	0.0	0.09316388875142856	0.30180667924780674	-1	0.1481357512627593	0.08620587281113773	0.31578885000610296	0.3805061693923974
t0977_4-150	0.17411963568925132	0.0712401676045426	0.0333671186802455	0.1390113486765842	0.12239386808056346	0.09316388875142856	0.0	0.20864279049637818	-1	0.05497186251133074	0.1793697615625663	0.2226249612546744	0.28734228064096884
CS17_02054_23-169	0.3827624261856295	0.2798829581009208	0.17527567181613268	0.06963144181979397	0.08624892241581472	0.30180667924780674	0.20864279049637818	0.0	-1	0.15367092798504745	0.38801255205894447	0.01398217075829622	0.07869949014459066
b1865_4-150	-1	-1	-1	-1	-1	-1	-1	-1	-1	-1	-1	-1	-1
SL1344_1835_4-150	0.22909149820058206	0.12621203011587334	0.021604743831085238	0.08403948616525347	0.06742200556923272	0.1481357512627593	0.05497186251133074	0.15367092798504745	-1	0.0	0.23434162407389703	0.16765309874334366	0.2323704181296381
STM_MW18831_4-150	0.00525012587331497	0.10812959395802368	0.2127368802428118	0.3183811102391505	0.30176362964312975	0.08620587281113773	0.1793697615625663	0.38801255205894447	-1	0.23434162407389703	0.0	0.4019947228172407	0.4667120422035351
SEN1103_4-150	0.3967445969439257	0.293865128859217	0.1892578425744289	0.08361361257809019	0.10023109317411094	0.31578885000610296	0.2226249612546744	0.01398217075829622	-1	0.16765309874334366	0.4019947228172407	0.0	0.06471731938629444
ROD_19061_1-147	0.46146191633022016	0.35858244824551144	0.25397516196072334	0.14833093196438463	0.16494841256040538	0.3805061693923974	0.28734228064096884	0.07869949014459066	-1	0.2323704181296381	0.4667120422035351	0.06471731938629444	0.0
