SL1344_2223B_1-637	0.0	1.7745252027628984	1.8847346907513363	1.488675440356424	1.4510553760883684	1.4994888344510366	1.2273145766879785	1.1868872772821764	1.152899838083592	1.6968218514973095	1.6622277929622753	1.5158153275121649	1.6405039969380129	0.043138124362488206	1.5462236673964327	1.3765534613109178	1.247168822739654	1.5300970726434775	1.428613837373138	1.37671559912019	1.0970862737438012	1.7710764572902218	1.569060994160213	0.09589092578605207	-1	-1	-1	1.2924677803543299
NCTC13441_01513_1-449	1.7745252027628984	0.0	0.11020948798843777	0.2858497624064745	0.32346982667453	0.2750363683118618	0.5472106260749201	0.587637925480722	0.6216253646793064	0.07770335126558903	0.1122974098006232	0.2587098752507336	0.13402120582488547	1.8176633271253866	0.22830153536646564	0.3979717414519806	0.5273563800232444	0.24442813011942105	0.34591136538976036	0.3978096036427084	0.6774389290190972	0.0034487454726765954	0.2054642086026855	1.6786342769768463	-1	-1	-1	0.48205742240856847
NCTC13441_01513_451-637	1.8847346907513363	0.11020948798843777	0.0	0.39605925039491224	0.4336793146629678	0.38524585630029956	0.6574201140633578	0.6978474134691599	0.7318348526677441	0.1879128392540268	0.22250689778906096	0.36891936323917135	0.24423069381332324	1.9278728151138245	0.3385110233549034	0.5081812294404184	0.6375658680116822	0.3546376181078588	0.45612085337819813	0.5080190916311462	0.7876484170075351	0.11365823346111437	0.31567369659112327	1.7888437649652842	-1	-1	-1	0.5922669103970062
t0615_1-637	1.488675440356424	0.2858497624064745	0.39605925039491224	0.0	0.03762006426805553	0.010813394094612683	0.2613608636684456	0.3017881630742476	0.3357756022728319	0.20814641114088545	0.17355235260585128	0.027139887155740894	0.151828556581589	1.5318135647189122	0.05754822704000884	0.11212197904550614	0.24150661761676995	0.04142163228705342	0.06006160298328589	0.11195984123623393	0.3915891666126228	0.2824010169337979	0.08038555380378898	1.392784514570372	-1	-1	-1	0.196207660002094
BN373_26611_1-441	1.4510553760883684	0.32346982667453	0.4336793146629678	0.03762006426805553	0.0	0.048433458362668214	0.22374079940039004	0.2641680988061921	0.29815553800477634	0.24576647540894098	0.2111724168739068	0.06475995142379642	0.18944862084964453	1.4941935004508566	0.09516829130806437	0.0745019147774506	0.20388655334871442	0.07904169655510895	0.022441538715230358	0.0743397769681784	0.35396910234456724	0.3200210812018534	0.11800561807184451	1.3551644503023164	-1	-1	-1	0.15858759573403847
BN373_26611_449-645	1.4994888344510366	0.2750363683118618	0.38524585630029956	0.010813394094612683	0.048433458362668214	0.0	0.27217425776305826	0.3126015571688603	0.34658899636744456	0.19733301704627276	0.1627389585112386	0.01632649306112821	0.14101516248697632	1.5426269588135249	0.046734832945396154	0.12293537314011882	0.25232001171138263	0.03060823819244074	0.07087499707789857	0.12277323533084661	0.40240256070723546	0.2715876228391852	0.0695721597091763	1.4035979086649846	-1	-1	-1	0.20702105409670668
ETEC_4384_1-552	1.2273145766879785	0.5472106260749201	0.6574201140633578	0.2613608636684456	0.22374079940039004	0.27217425776305826	0.0	0.04042729940580203	0.0744147386043863	0.469507274809331	0.43491321627429685	0.28850075082418647	0.4131894202500346	1.2704527010504667	0.3189090907084544	0.14923888462293944	0.019854246051675628	0.302782495955499	0.2012992606851597	0.14940102243221165	0.1302283029441772	0.5437618806022435	0.34174641747223455	1.1314236509019264	-1	-1	-1	0.06515320366635158
ROD_23271_1-637	1.1868872772821764	0.587637925480722	0.6978474134691599	0.3017881630742476	0.2641680988061921	0.3126015571688603	0.04042729940580203	0.0	0.03398743919858427	0.5099345742151331	0.4753405156800989	0.3289280502299885	0.4536167196558366	1.2300254016446646	0.35933639011425644	0.18966618402874147	0.06028154545747766	0.34320979536130103	0.24172656009096172	0.18982832183801368	0.08980100353837517	0.5841891800080454	0.3821737168780366	1.0909963514961243	-1	-1	-1	0.10558050307215361
CS17_04556_1-540	1.152899838083592	0.6216253646793064	0.7318348526677441	0.3357756022728319	0.29815553800477634	0.34658899636744456	0.0744147386043863	0.03398743919858427	0.0	0.5439220134137173	0.5093279548786831	0.36291548942857277	0.4876041588544209	1.1960379624460802	0.3933238293128407	0.22365362322732574	0.09426898465606193	0.3771972345598853	0.275713999289546	0.22381576103659795	0.0558135643397909	0.6181766192066298	0.41616115607662085	1.05700891229754	-1	-1	-1	0.13956794227073788
ERS227112_04601_1-441	1.6968218514973095	0.07770335126558903	0.1879128392540268	0.20814641114088545	0.24576647540894098	0.19733301704627276	0.469507274809331	0.5099345742151331	0.5439220134137173	0.0	0.03459405853503417	0.18100652398514455	0.05631785455929644	1.7399599758597977	0.1505981841008766	0.3202683901863916	0.4496530287576554	0.16672477885383202	0.26820801412417133	0.32010625237711937	0.5997355777535083	0.07425460579291243	0.12776085733709647	1.6009309257112574	-1	-1	-1	0.40435407114297944
ERS227112_04601_449-645	1.6622277929622753	0.1122974098006232	0.22250689778906096	0.17355235260585128	0.2111724168739068	0.1627389585112386	0.43491321627429685	0.4753405156800989	0.5093279548786831	0.03459405853503417	0.0	0.14641246545011039	0.021723796024262276	1.7053659173247635	0.11600412556584244	0.2856743316513574	0.4150589702226212	0.13213072031879786	0.23361395558913717	0.2855121938420852	0.5651415192184741	0.1088486643279466	0.0931667988020623	1.5663368671762232	-1	-1	-1	0.3697600126079453
Ecoli9000q_37280_1-542	1.5158153275121649	0.2587098752507336	0.36891936323917135	0.027139887155740894	0.06475995142379642	0.01632649306112821	0.28850075082418647	0.3289280502299885	0.36291548942857277	0.18100652398514455	0.14641246545011039	0.0	0.12468866942584811	1.558953451874653	0.030408339884267943	0.13926186620124703	0.26864650477251084	0.014281745131312529	0.08720149013902678	0.13909972839197482	0.41872905376836367	0.255261129778057	0.053245666648048084	1.4199244017261128	-1	-1	-1	0.2233475471578349
t4187_1-578	1.6405039969380129	0.13402120582488547	0.24423069381332324	0.151828556581589	0.18944862084964453	0.14101516248697632	0.4131894202500346	0.4536167196558366	0.4876041588544209	0.05631785455929644	0.021723796024262276	0.12468866942584811	0.0	1.683642121300501	0.09428032954158017	0.26395053562709514	0.39333517419835895	0.11040692429453558	0.2118901595648749	0.26378839781782293	0.5434177231942118	0.13057246035220887	0.07144300277780002	1.5446130711519608	-1	-1	-1	0.348036216583683
SL1344_3781_1-637	0.043138124362488206	1.8176633271253866	1.9278728151138245	1.5318135647189122	1.4941935004508566	1.5426269588135249	1.2704527010504667	1.2300254016446646	1.1960379624460802	1.7399599758597977	1.7053659173247635	1.558953451874653	1.683642121300501	0.0	1.589361791758921	1.419691585673406	1.2903069471021422	1.5732351970059657	1.4717519617356263	1.4198537234826782	1.1402243981062894	1.81421458165271	1.6121991185227011	0.13902905014854028	-1	-1	-1	1.335605904716818
CS17_02445_1-449	1.5462236673964327	0.22830153536646564	0.3385110233549034	0.05754822704000884	0.09516829130806437	0.046734832945396154	0.3189090907084544	0.35933639011425644	0.3933238293128407	0.1505981841008766	0.11600412556584244	0.030408339884267943	0.09428032954158017	1.589361791758921	0.0	0.16967020608551497	0.2990548446567788	0.016126594752955414	0.11760983002329473	0.16950806827624276	0.4491373936526316	0.22485278989378904	0.02283732676378014	1.4503327416103806	-1	-1	-1	0.25375588704210283
CS17_02445_451-637	1.3765534613109178	0.3979717414519806	0.5081812294404184	0.11212197904550614	0.0745019147774506	0.12293537314011882	0.14923888462293944	0.18966618402874147	0.22365362322732574	0.3202683901863916	0.2856743316513574	0.13926186620124703	0.26395053562709514	1.419691585673406	0.16967020608551497	0.0	0.1293846385712638	0.15354361133255956	0.05206037606222025	0.00016213780927221144	0.27946718756711664	0.394522995979304	0.19250753284929512	1.2806625355248658	-1	-1	-1	0.08408568095658786
SEN4051_1-578	1.247168822739654	0.5273563800232444	0.6375658680116822	0.24150661761676995	0.20388655334871442	0.25232001171138263	0.019854246051675628	0.06028154545747766	0.09426898465606193	0.4496530287576554	0.4150589702226212	0.26864650477251084	0.39333517419835895	1.2903069471021422	0.2990548446567788	0.1293846385712638	0.0	0.28292824990382337	0.18144501463348406	0.12954677638053602	0.15008254899585283	0.5239076345505678	0.3218921714205589	1.151277896953602	-1	-1	-1	0.04529895761467595
t3704_1-637	1.5300970726434775	0.24442813011942105	0.3546376181078588	0.04142163228705342	0.07904169655510895	0.03060823819244074	0.302782495955499	0.34320979536130103	0.3771972345598853	0.16672477885383202	0.13213072031879786	0.014281745131312529	0.11040692429453558	1.5732351970059657	0.016126594752955414	0.15354361133255956	0.28292824990382337	0.0	0.10148323527033931	0.15338147352328735	0.4330107988996762	0.24097938464674445	0.038963921516735556	1.4342061468574254	-1	-1	-1	0.23762929228914742
SEN3630_1-637	1.428613837373138	0.34591136538976036	0.45612085337819813	0.06006160298328589	0.022441538715230358	0.07087499707789857	0.2012992606851597	0.24172656009096172	0.275713999289546	0.26820801412417133	0.23361395558913717	0.08720149013902678	0.2118901595648749	1.4717519617356263	0.11760983002329473	0.05206037606222025	0.18144501463348406	0.10148323527033931	0.0	0.05189823825294804	0.3315275636293369	0.34246261991708377	0.14044715678707487	1.332722911587086	-1	-1	-1	0.1361460570188081
SEN2232_1-637	1.37671559912019	0.3978096036427084	0.5080190916311462	0.11195984123623393	0.0743397769681784	0.12277323533084661	0.14940102243221165	0.18982832183801368	0.22381576103659795	0.32010625237711937	0.2855121938420852	0.13909972839197482	0.26378839781782293	1.4198537234826782	0.16950806827624276	0.00016213780927221144	0.12954677638053602	0.15338147352328735	0.05189823825294804	0.0	0.27962932537638885	0.3943608581700318	0.1923453950400229	1.280824673334138	-1	-1	-1	0.08424781876586007
NCTC13441_04396_1-540	1.0970862737438012	0.6774389290190972	0.7876484170075351	0.3915891666126228	0.35396910234456724	0.40240256070723546	0.1302283029441772	0.08980100353837517	0.0558135643397909	0.5997355777535083	0.5651415192184741	0.41872905376836367	0.5434177231942118	1.1402243981062894	0.4491373936526316	0.27946718756711664	0.15008254899585283	0.4330107988996762	0.3315275636293369	0.27962932537638885	0.0	0.6739901835464206	0.47197472041641175	1.0011953479577491	-1	-1	-1	0.19538150661052878
ETEC_2330_1-449	1.7710764572902218	0.0034487454726765954	0.11365823346111437	0.2824010169337979	0.3200210812018534	0.2715876228391852	0.5437618806022435	0.5841891800080454	0.6181766192066298	0.07425460579291243	0.1088486643279466	0.255261129778057	0.13057246035220887	1.81421458165271	0.22485278989378904	0.394522995979304	0.5239076345505678	0.24097938464674445	0.34246261991708377	0.3943608581700318	0.6739901835464206	0.0	0.2020154631300089	1.6751855315041697	-1	-1	-1	0.4786086769358919
ETEC_2330_451-637	1.569060994160213	0.2054642086026855	0.31567369659112327	0.08038555380378898	0.11800561807184451	0.0695721597091763	0.34174641747223455	0.3821737168780366	0.41616115607662085	0.12776085733709647	0.0931667988020623	0.053245666648048084	0.07144300277780002	1.6121991185227011	0.02283732676378014	0.19250753284929512	0.3218921714205589	0.038963921516735556	0.14044715678707487	0.1923453950400229	0.47197472041641175	0.2020154631300089	0.0	1.4731700683741609	-1	-1	-1	0.276593213805883
STMMW_22783_1-637	0.09589092578605207	1.6786342769768463	1.7888437649652842	1.392784514570372	1.3551644503023164	1.4035979086649846	1.1314236509019264	1.0909963514961243	1.05700891229754	1.6009309257112574	1.5663368671762232	1.4199244017261128	1.5446130711519608	0.13902905014854028	1.4503327416103806	1.2806625355248658	1.151277896953602	1.4342061468574254	1.332722911587086	1.280824673334138	1.0011953479577491	1.6751855315041697	1.4731700683741609	0.0	-1	-1	-1	1.1965768545682778
b4074_1-552	-1	-1	-1	-1	-1	-1	-1	-1	-1	-1	-1	-1	-1	-1	-1	-1	-1	-1	-1	-1	-1	-1	-1	-1	-1	-1	-1	-1
b2196_1-449	-1	-1	-1	-1	-1	-1	-1	-1	-1	-1	-1	-1	-1	-1	-1	-1	-1	-1	-1	-1	-1	-1	-1	-1	-1	-1	-1	-1
b2196_451-637	-1	-1	-1	-1	-1	-1	-1	-1	-1	-1	-1	-1	-1	-1	-1	-1	-1	-1	-1	-1	-1	-1	-1	-1	-1	-1	-1	-1
ROD_34621_1-577	1.2924677803543299	0.48205742240856847	0.5922669103970062	0.196207660002094	0.15858759573403847	0.20702105409670668	0.06515320366635158	0.10558050307215361	0.13956794227073788	0.40435407114297944	0.3697600126079453	0.2233475471578349	0.348036216583683	1.335605904716818	0.25375588704210283	0.08408568095658786	0.04529895761467595	0.23762929228914742	0.1361460570188081	0.08424781876586007	0.19538150661052878	0.4786086769358919	0.276593213805883	1.1965768545682778	-1	-1	-1	0.0
