ETEC_3647_1-186	0.0	0.3341449755235044	0.6170116673420798	0.6089662985787745	-1	0.9900403693686708	0.7630400497669843	0.05448575266637157	0.29604305162659617	0.39735324066488453	0.4394058526179727	0.7390458423078022	0.20233314601464736	0.0095650966369909	0.8648319651727651	0.18154763877213242
NCTC13441_00303_1-186	0.3341449755235044	0.0	0.2828666918185754	0.2748213230552701	-1	1.3241853448921752	0.42889507424347983	0.388630728189876	0.03810192389690825	0.06320826514138012	0.1052608770944683	0.4049008667842978	0.13181182950885706	0.3245798788865135	0.5306869896492606	0.152597336751372
t4012_12-197	0.6170116673420798	0.2828666918185754	0.0	0.008045368763305305	-1	1.6070520367107506	0.14602838242490446	0.6714974200084514	0.32096861571548363	0.21965842667719526	0.17760581472410708	0.12203417496572244	0.41467852132743244	0.6074465707050889	0.24782029783068527	0.43546402856994737
ENC_10490_1-204	0.6089662985787745	0.2748213230552701	0.008045368763305305	0.0	-1	1.5990066679474453	0.15407375118820976	0.6634520512451461	0.3129232469521783	0.21161305791388996	0.16956044596080178	0.13007954372902775	0.40663315256412713	0.5994012019417836	0.25586566659399057	0.42741865980664207
b3397_1-186	-1	-1	-1	-1	-1	-1	-1	-1	-1	-1	-1	-1	-1	-1	-1	-1
CS17_03818_1-186	0.9900403693686708	1.3241853448921752	1.6070520367107506	1.5990066679474453	-1	0.0	1.753080419135655	0.9355546167022992	1.286083420995267	1.3873936100335553	1.4294462219866435	1.729086211676473	1.1923735153833181	0.9996054660056617	1.8548723345414357	1.1715880081408032
ROD_44261_1-186	0.7630400497669843	0.42889507424347983	0.14602838242490446	0.15407375118820976	-1	1.753080419135655	0.0	0.8175258024333558	0.4669969981403881	0.3656868091020997	0.32363419714901154	0.023994207459182015	0.5607069037523369	0.7534749531299934	0.10179191540578081	0.5814924109948518
STMMW_34841_12-197	0.05448575266637157	0.388630728189876	0.6714974200084514	0.6634520512451461	-1	0.9355546167022992	0.8175258024333558	0.0	0.35052880429296773	0.4518389933312561	0.4938916052843443	0.7935315949741738	0.2568188986810189	0.06405084930336247	0.9193177178391366	0.236033391438504
ERS227112_00818_3-188	0.29604305162659617	0.03810192389690825	0.32096861571548363	0.3129232469521783	-1	1.286083420995267	0.4669969981403881	0.35052880429296773	0.0	0.10131018903828837	0.14336280099137655	0.44300279068120607	0.09370990561194881	0.28647795498960527	0.5687889135461689	0.11449541285446374
BN373_44061_1-186	0.39735324066488453	0.06320826514138012	0.21965842667719526	0.21161305791388996	-1	1.3873936100335553	0.3656868091020997	0.4518389933312561	0.10131018903828837	0.0	0.04205261195308818	0.3416926016429177	0.19502009465023717	0.38778814402789363	0.4674787245078805	0.2158056018927521
SEN3320_1-186	0.4394058526179727	0.1052608770944683	0.17760581472410708	0.16956044596080178	-1	1.4294462219866435	0.32363419714901154	0.4938916052843443	0.14336280099137655	0.04205261195308818	0.0	0.2996399896898295	0.23707270660332536	0.4298407559809818	0.42542611255479235	0.2578582138458403
ERS227112_00551_1-187	0.7390458423078022	0.4049008667842978	0.12203417496572244	0.13007954372902775	-1	1.729086211676473	0.023994207459182015	0.7935315949741738	0.44300279068120607	0.3416926016429177	0.2996399896898295	0.0	0.5367126962931549	0.7294807456708113	0.12578612286496282	0.5574982035356698
BN373_46701_1-186	0.20233314601464736	0.13181182950885706	0.41467852132743244	0.40663315256412713	-1	1.1923735153833181	0.5607069037523369	0.2568188986810189	0.09370990561194881	0.19502009465023717	0.23707270660332536	0.5367126962931549	0.0	0.19276804937765646	0.6624988191581177	0.020785507242514933
ENC_25960_1-186	0.0095650966369909	0.3245798788865135	0.6074465707050889	0.5994012019417836	-1	0.9996054660056617	0.7534749531299934	0.06405084930336247	0.28647795498960527	0.38778814402789363	0.4298407559809818	0.7294807456708113	0.19276804937765646	0.0	0.8552668685357742	0.17198254213514153
STM_MW34841_12-197	0.8648319651727651	0.5306869896492606	0.24782029783068527	0.25586566659399057	-1	1.8548723345414357	0.10179191540578081	0.9193177178391366	0.5687889135461689	0.4674787245078805	0.42542611255479235	0.12578612286496282	0.6624988191581177	0.8552668685357742	0.0	0.6832843264006326
SL1344_3461_1-186	0.18154763877213242	0.152597336751372	0.43546402856994737	0.42741865980664207	-1	1.1715880081408032	0.5814924109948518	0.236033391438504	0.11449541285446374	0.2158056018927521	0.2578582138458403	0.5574982035356698	0.020785507242514933	0.17198254213514153	0.6832843264006326	0.0
