ENC_45610_1-176	0.0	0.52633738083114	0.054700534437949866	0.38538440598509993	1.2233562654450199	1.0170172982273298	0.4506946844927	0.25209024864151	0.6052566927346199	0.01889253651388989	0.01826422625843005	0.4398706068698299	0.973012979008962	0.8081755278467901	0.73973033476681	0.30713242106708005	0.6638649762195001	0.61090596755543	0.06388257861296998	0.7266490213999501	1.4318962670712498	0.72608109957915	0.59754706335188	-1	1.137297961826093	0.29723121634322003	0.19344014702335	-1
CS17_03773_1-183	0.52633738083114	0.0	0.47163684639319015	0.9117217868162399	0.6970188846138798	0.49067991739618977	0.97703206532384	0.77842762947265	0.0789193119034799	0.5074448443172501	0.5446016070895701	0.9662079877009699	1.499350359840102	1.3345129086779302	1.26606771559795	0.8334698018982201	1.1902023570506401	0.08456858672429002	0.46245480221817004	1.2529864022310901	0.9055588862401098	1.25241848041029	1.12388444418302	-1	1.663635342657233	0.22910616448791998	0.33289723380779	-1
ERS227112_02379_1-176	0.054700534437949866	0.47163684639319015	0.0	0.4400849404230498	1.16865573100707	0.9623167637893799	0.5053952189306499	0.30679078307945984	0.55055615829667	0.035807997924059976	0.07296476069637992	0.4945711413077798	1.027713513446912	0.86287606228474	0.7944308692047599	0.3618329555050299	0.71856551065745	0.5562054331174802	0.00918204417502011	0.7813495558379	1.3771957326333	0.7807816340170999	0.6522475977898299	-1	1.1919984962640429	0.24253068190527016	0.13873961258540013	-1
t4047_1-183	0.38538440598509993	0.9117217868162399	0.4400849404230498	0.0	1.6087406714301198	1.4024017042124297	0.06531027850760007	0.13329415734358996	0.9906410987197198	0.4042769424989898	0.3671201797266699	0.054486200884729996	0.5876285730238621	0.4227911218616902	0.3543459287817101	0.07825198491801988	0.2784805702344002	0.99629037354053	0.4492669845980699	0.3412646154148502	1.8172806730563498	0.3406966935940501	0.21216265736678008	-1	0.7519135558409931	0.68261562232832	0.5788245530084499	-1
SL1344_3425_1-183	1.2233562654450199	0.6970188846138798	1.16865573100707	1.6087406714301198	0.0	0.20633896721769007	1.6740509499377199	1.4754465140865298	0.6180995727104	1.20446372893113	1.24162049170345	1.6632268723148498	2.1963692444539817	2.03153179329181	1.96308660021183	1.5304886865121	1.88722124166452	0.6124502978895898	1.1594736868320499	1.95000528684497	0.20854000162623	1.9494373650241699	1.8209033287968999	-1	2.360654227271113	0.9261250491017998	1.0299161184216699	-1
ENC_25520_1-183	1.0170172982273298	0.49067991739618977	0.9623167637893799	1.4024017042124297	0.20633896721769007	0.0	1.4677119827200298	1.2691075468688398	0.4117606054927099	0.9981247617134399	1.0352815244857598	1.4568879050971597	1.9900302772362917	1.82519282607412	1.7567476329941398	1.3241497192944098	1.68088227444683	0.40611133067189975	0.9531347196143598	1.74366631962728	0.41487896884392006	1.7430983978064798	1.6145643615792098	-1	2.1543152600534228	0.7197860818841098	0.8235771512039798	-1
ERS227112_00849_1-182	0.4506946844927	0.97703206532384	0.5053952189306499	0.06531027850760007	1.6740509499377199	1.4677119827200298	0.0	0.19860443585119003	1.05595137722732	0.4695872210065899	0.43243045823426995	0.010824077622870076	0.522318294516262	0.35748084335409014	0.28903565027411005	0.14356226342561995	0.21317029172680013	1.06160065204813	0.51457726310567	0.27595433690725013	1.8825909515639498	0.27538641508645	0.14685237885918	-1	0.686603277333393	0.74792590083592	0.64413483151605	-1
ROD_00521_1-176	0.25209024864151	0.77842762947265	0.30679078307945984	0.13329415734358996	1.4754465140865298	1.2691075468688398	0.19860443585119003	0.0	0.8573469413761299	0.27098278515539986	0.23382602238307992	0.18778035822831995	0.720922730367452	0.5560852792052802	0.4876400861253001	0.05504217242557008	0.41177472757799016	0.86299621619694	0.31597282725447995	0.47455877275844016	1.6839865157127598	0.47399085093764004	0.34545681471037004	-1	0.885207713184583	0.54932146498473	0.44553039566485997	-1
STM_MW34501_1-183	0.6052566927346199	0.0789193119034799	0.55055615829667	0.9906410987197198	0.6180995727104	0.4117606054927099	1.05595137722732	0.8573469413761299	0.0	0.58636415622073	0.62352091899305	1.0451272996044498	1.5782696717435818	1.41343222058141	1.34498702750143	0.9123891138017	1.26912166895412	0.005649274820810124	0.5413741141216499	1.33190571413457	0.8266395743366299	1.33133779231377	1.2028037560865	-1	1.742554654560713	0.3080254763913999	0.4118165457112699	-1
BN373_39411_1-186	0.01889253651388989	0.5074448443172501	0.035807997924059976	0.4042769424989898	1.20446372893113	0.9981247617134399	0.4695872210065899	0.27098278515539986	0.58636415622073	0.0	0.03715676277231994	0.4587631433837198	0.9919055155228519	0.82706806436068	0.7586228712806999	0.32602495758096994	0.68275751273339	0.5920134310415401	0.044990042099080085	0.74554155791384	1.41300373055736	0.7449736360930399	0.6164395998657699	-1	1.1561904983399829	0.27833867982933014	0.1745476105094601	-1
ETEC_3602_1-184	0.01826422625843005	0.5446016070895701	0.07296476069637992	0.3671201797266699	1.24162049170345	1.0352815244857598	0.43243045823426995	0.23382602238307992	0.62352091899305	0.03715676277231994	0.0	0.4216063806113999	0.954748752750532	0.7899113015883601	0.72146610850838	0.28886819480865	0.6456007499610701	0.6291701938138601	0.08214680487140003	0.7083847951415201	1.45016049332968	0.70781687332072	0.57928283709345	-1	1.119033735567663	0.3154954426016501	0.21170437328178004	-1
ERS227112_01354_1-184	0.4398706068698299	0.9662079877009699	0.4945711413077798	0.054486200884729996	1.6632268723148498	1.4568879050971597	0.010824077622870076	0.18778035822831995	1.0451272996044498	0.4587631433837198	0.4216063806113999	0.0	0.5331423721391321	0.3683049209769602	0.2998597278969801	0.13273818580274988	0.2239943693496702	1.05077657442526	0.5037531854827999	0.2867784145301202	1.8717668739410798	0.2862104927093201	0.1576764564820501	-1	0.6974273549562631	0.73710182321305	0.6333107538931799	-1
STM_MW00901_1-176	0.973012979008962	1.499350359840102	1.027713513446912	0.5876285730238621	2.1963692444539817	1.9900302772362917	0.522318294516262	0.720922730367452	1.5782696717435818	0.9919055155228519	0.954748752750532	0.5331423721391321	0.0	0.16483745116217186	0.23328264424215195	0.665880557941882	0.30914800278946186	1.583918946564392	1.036895557621932	0.24636395760901186	2.4049092460802117	0.24693187942981198	0.375465915657082	-1	0.164284982817131	1.270244195352182	1.1664531260323119	-1
ETEC_0046_1-176	0.8081755278467901	1.3345129086779302	0.86287606228474	0.4227911218616902	2.03153179329181	1.82519282607412	0.35748084335409014	0.5560852792052802	1.41343222058141	0.82706806436068	0.7899113015883601	0.3683049209769602	0.16483745116217186	0.0	0.0684451930799801	0.5010431067797101	0.14431055162729	1.4190814954022202	0.8720581064597601	0.08152650644684001	2.24007179491804	0.08209442826764013	0.21062846449491013	-1	0.32912243397930285	1.1054067441900102	1.0016156748701401	-1
t0088_1-176	0.73973033476681	1.26606771559795	0.7944308692047599	0.3543459287817101	1.96308660021183	1.7567476329941398	0.28903565027411005	0.4876400861253001	1.34498702750143	0.7586228712806999	0.72146610850838	0.2998597278969801	0.23328264424215195	0.0684451930799801	0.0	0.43259791369973	0.07586535854730991	1.35063630232224	0.80361291337978	0.013081313366859915	2.17162660183806	0.013649235187660036	0.14218327141493003	-1	0.39756762705928295	1.03696155111003	0.93317048179016	-1
ROD_44671_1-184	0.30713242106708005	0.8334698018982201	0.3618329555050299	0.07825198491801988	1.5304886865121	1.3241497192944098	0.14356226342561995	0.05504217242557008	0.9123891138017	0.32602495758096994	0.28886819480865	0.13273818580274988	0.665880557941882	0.5010431067797101	0.43259791369973	0.0	0.3567325551524201	0.9180383886225101	0.37101499968005003	0.4195166003328701	1.73902868813833	0.41894867851206996	0.29041464228479996	-1	0.8301655407590129	0.6043636374103001	0.50057256809043	-1
SL1344_0086_1-176	0.6638649762195001	1.1902023570506401	0.71856551065745	0.2784805702344002	1.88722124166452	1.68088227444683	0.21317029172680013	0.41177472757799016	1.26912166895412	0.68275751273339	0.6456007499610701	0.2239943693496702	0.30914800278946186	0.14431055162729	0.07586535854730991	0.3567325551524201	0.0	1.2747709437749302	0.7277475548324701	0.06278404518045	2.0957612432907498	0.06221612335964988	0.06631791286762012	-1	0.47343298560659286	0.9610961925627202	0.8573051232428501	-1
BN373_43741_1-183	0.61090596755543	0.08456858672429002	0.5562054331174802	0.99629037354053	0.6124502978895898	0.40611133067189975	1.06160065204813	0.86299621619694	0.005649274820810124	0.5920134310415401	0.6291701938138601	1.05077657442526	1.583918946564392	1.4190814954022202	1.35063630232224	0.9180383886225101	1.2747709437749302	0.0	0.54702338894246	1.3375549889553802	0.8209902995158198	1.33698706713458	1.20845303090731	-1	1.748203929381523	0.31367475121221	0.41746582053208003	-1
BN373_05301_1-176	0.06388257861296998	0.46245480221817004	0.00918204417502011	0.4492669845980699	1.1594736868320499	0.9531347196143598	0.51457726310567	0.31597282725447995	0.5413741141216499	0.044990042099080085	0.08214680487140003	0.5037531854827999	1.036895557621932	0.8720581064597601	0.80361291337978	0.37101499968005003	0.7277475548324701	0.54702338894246	0.0	0.7905316000129201	1.3680136884582799	0.78996367819212	0.66142964196485	-1	1.201180540439063	0.23334863773025005	0.12955756841038002	-1
CS17_00047_1-176	0.7266490213999501	1.2529864022310901	0.7813495558379	0.3412646154148502	1.95000528684497	1.74366631962728	0.27595433690725013	0.47455877275844016	1.33190571413457	0.74554155791384	0.7083847951415201	0.2867784145301202	0.24636395760901186	0.08152650644684001	0.013081313366859915	0.4195166003328701	0.06278404518045	1.3375549889553802	0.7905316000129201	0.0	2.1585452884712	0.0005679218208001213	0.12910195804807012	-1	0.41064894042614286	1.0238802377431702	0.9200891684233001	-1
STMMW_34501_1-183	1.4318962670712498	0.9055588862401098	1.3771957326333	1.8172806730563498	0.20854000162623	0.41487896884392006	1.8825909515639498	1.6839865157127598	0.8266395743366299	1.41300373055736	1.45016049332968	1.8717668739410798	2.4049092460802117	2.24007179491804	2.17162660183806	1.73902868813833	2.0957612432907498	0.8209902995158198	1.3680136884582799	2.1585452884712	0.0	2.1579773666503996	2.02944333042313	-1	2.569194228897343	1.1346650507280298	1.2384561200478998	-1
NCTC13441_03944_1-176	0.72608109957915	1.25241848041029	0.7807816340170999	0.3406966935940501	1.9494373650241699	1.7430983978064798	0.27538641508645	0.47399085093764004	1.33133779231377	0.7449736360930399	0.70781687332072	0.2862104927093201	0.24693187942981198	0.08209442826764013	0.013649235187660036	0.41894867851206996	0.06221612335964988	1.33698706713458	0.78996367819212	0.0005679218208001213	2.1579773666503996	0.0	0.12853403622727	-1	0.411216862246943	1.02331231592237	0.9195212466025	-1
SEN0087_1-176	0.59754706335188	1.12388444418302	0.6522475977898299	0.21216265736678008	1.8209033287968999	1.6145643615792098	0.14685237885918	0.34545681471037004	1.2028037560865	0.6164395998657699	0.57928283709345	0.1576764564820501	0.375465915657082	0.21062846449491013	0.14218327141493003	0.29041464228479996	0.06631791286762012	1.20845303090731	0.66142964196485	0.12910195804807012	2.02944333042313	0.12853403622727	0.0	-1	0.539750898474213	0.8947782796951	0.79098721037523	-1
b0046_1-176	-1	-1	-1	-1	-1	-1	-1	-1	-1	-1	-1	-1	-1	-1	-1	-1	-1	-1	-1	-1	-1	-1	-1	-1	-1	-1	-1	-1
STMMW_00901_1-176	1.137297961826093	1.663635342657233	1.1919984962640429	0.7519135558409931	2.360654227271113	2.1543152600534228	0.686603277333393	0.885207713184583	1.742554654560713	1.1561904983399829	1.119033735567663	0.6974273549562631	0.164284982817131	0.32912243397930285	0.39756762705928295	0.8301655407590129	0.47343298560659286	1.748203929381523	1.201180540439063	0.41064894042614286	2.569194228897343	0.411216862246943	0.539750898474213	-1	0.0	1.434529178169313	1.330738108849443	-1
NCTC13441_00343_1-183	0.29723121634322003	0.22910616448791998	0.24253068190527016	0.68261562232832	0.9261250491017998	0.7197860818841098	0.74792590083592	0.54932146498473	0.3080254763913999	0.27833867982933014	0.3154954426016501	0.73710182321305	1.270244195352182	1.1054067441900102	1.03696155111003	0.6043636374103001	0.9610961925627202	0.31367475121221	0.23334863773025005	1.0238802377431702	1.1346650507280298	1.02331231592237	0.8947782796951	-1	1.434529178169313	0.0	0.10379106931987003	-1
SEN3286_1-183	0.19344014702335	0.33289723380779	0.13873961258540013	0.5788245530084499	1.0299161184216699	0.8235771512039798	0.64413483151605	0.44553039566485997	0.4118165457112699	0.1745476105094601	0.21170437328178004	0.6333107538931799	1.1664531260323119	1.0016156748701401	0.93317048179016	0.50057256809043	0.8573051232428501	0.41746582053208003	0.12955756841038002	0.9200891684233001	1.2384561200478998	0.9195212466025	0.79098721037523	-1	1.330738108849443	0.10379106931987003	0.0	-1
b3351_1-184	-1	-1	-1	-1	-1	-1	-1	-1	-1	-1	-1	-1	-1	-1	-1	-1	-1	-1	-1	-1	-1	-1	-1	-1	-1	-1	-1	-1
