ENC_14800_7-433	0.0	0.06148387139509785	0.07468926987177969	-1	0.23335846927031648	0.19556931318934037	0.21633333108185376	0.05736323991784766	0.10020918239175883	0.35633248235156006	0.21948536529646942	0.4196555240690335	0.35743996979681303
SEN1768_1-428	0.06148387139509785	0.0	0.13158095580348728	-1	0.2804945585518413	0.14286961908002543	0.26451619177024177	0.11532019724703042	0.15553180530407387	0.3141646711972363	0.16835245456701925	0.3816361187168465	0.31534471212727255
SL1344_1219_1-428	0.07468926987177969	0.13158095580348728	0.0	-1	0.1714766664129681	0.2556516538496828	0.15307729241445892	0.018380388594671445	0.027579829876654343	0.4044075392849029	0.27778143348671497	0.463001029250438	0.4054323093014778
b1784_1-427	-1	-1	-1	-1	-1	-1	-1	-1	-1	-1	-1	-1	-1
BN373_18141_1-427	0.23335846927031648	0.2804945585518413	0.1714766664129681	-1	0.0	0.38329002689754527	0.021724974231666607	0.18670524724405035	0.14797804586679986	0.5065377489890245	0.40162506569396556	0.5550838226217678	0.507386794859317
ERS227112_03660_1-427	0.19556931318934037	0.14286961908002543	0.2556516538496828	-1	0.38329002689754527	0.0	0.3695944832915538	0.24171406367413922	0.2761806546054776	0.19984713636373103	0.02973040747854789	0.27856497092139987	0.20122387082129356
t1163_1-428	0.21633333108185376	0.26451619177024177	0.15307729241445892	-1	0.021724974231666607	0.3695944832915538	0.0	0.16864406088953246	0.12905682789558548	0.49557922055363496	0.3883366961800204	0.5452033777221321	0.496447121550725
ROD_12681_1-427	0.05736323991784766	0.11532019724703042	0.018380388594671445	-1	0.18670524724405035	0.24171406367413922	0.16864406088953246	0.0	0.04545329048081795	0.39325533659375295	0.26425821354635926	0.45294596347685906	0.3942992949709779
ETEC_1816_1-427	0.10020918239175883	0.15553180530407387	0.027579829876654343	-1	0.14797804586679986	0.2761806546054776	0.12905682789558548	0.04545329048081795	0.0	0.42083387802724326	0.29770009868491254	0.4778113695076494	0.42183038506109827
CS17_01971_1-427	0.35633248235156006	0.3141646711972363	0.4044075392849029	-1	0.5065377489890245	0.19984713636373103	0.49557922055363496	0.39325533659375295	0.42083387802724326	0.0	0.17532934165554812	0.09837849507897549	0.0017205893025315552
NCTC13441_02096_1-427	0.21948536529646942	0.16835245456701925	0.27778143348671497	-1	0.40162506569396556	0.02973040747854789	0.3883366961800204	0.26425821354635926	0.29770009868491254	0.17532934165554812	0.0	0.25645919995926325	0.17674826116840722
STM_MW12901_1-428	0.4196555240690335	0.3816361187168465	0.463001029250438	-1	0.5550838226217678	0.27856497092139987	0.5452033777221321	0.45294596347685906	0.4778113695076494	0.09837849507897549	0.25645919995926325	0.0	0.096824500977048
STMMW_12901_1-428	0.35743996979681303	0.31534471212727255	0.4054323093014778	-1	0.507386794859317	0.20122387082129356	0.496447121550725	0.3942992949709779	0.42183038506109827	0.0017205893025315552	0.17674826116840722	0.096824500977048	0.0
