STM_MW11071_1-136	0.0	0.2759343070637337	0.6229111191073857	0.005206653691480545	0.09801676454585362	0.633156239273258	-1	0.21277881240114804	1.376629637546384	1.8532980504187064	0.13035834012586967	0.8065714807201675	0.17059100119383763
NCTC13441_01856_1-137	0.2759343070637337	0.0	0.34697681204365205	0.2811409607552142	0.3739510716095873	0.9090905463369917	-1	0.4887131194648817	1.6525639446101177	1.5773637433549728	0.145575966937864	1.082505787783901	0.4465253082575713
BN373_10521_1-133	0.6229111191073857	0.34697681204365205	0.0	0.6281177727988663	0.7209278836532393	1.2560673583806437	-1	0.8356899315085338	1.9995407566537697	1.2303869313113207	0.49255277898151606	1.429482599827553	0.7935021203012234
ENC_03070_1-129	0.005206653691480545	0.2811409607552142	0.6281177727988663	0.0	0.09281011085437307	0.6279495855817775	-1	0.2075721587096675	1.3714229838549035	1.858504704110187	0.1355649938173502	0.8013648270286869	0.1653843475023571
SEN0961_1-136	0.09801676454585362	0.3739510716095873	0.7209278836532393	0.09281011085437307	0.0	0.5351394747274044	-1	0.11476204785529442	1.2786128730005304	1.95131481496456	0.22837510467172328	0.7085547161743139	0.07257423664798401
ETEC_2070_1-137	0.633156239273258	0.9090905463369917	1.2560673583806437	0.6279495855817775	0.5351394747274044	0.0	-1	0.42037742687211	0.7434733982731261	2.4864542896919644	0.7635145793991277	0.17341524144690945	0.4625652380794204
b1970_1-137	-1	-1	-1	-1	-1	-1	-1	-1	-1	-1	-1	-1	-1
STMMW_11071_1-136	0.21277881240114804	0.4887131194648817	0.8356899315085338	0.2075721587096675	0.11476204785529442	0.42037742687211	-1	0.0	1.163850825145236	2.0660768628198545	0.3431371525270177	0.5937926683190194	0.04218781120731041
CS17_02204_1-137	1.376629637546384	1.6525639446101177	1.9995407566537697	1.3714229838549035	1.2786128730005304	0.7434733982731261	-1	1.163850825145236	0.0	3.2299276879650907	1.5069879776722537	0.5700581568262166	1.2060386363525464
ERS227112_02909_1-133	1.8532980504187064	1.5773637433549728	1.2303869313113207	1.858504704110187	1.95131481496456	2.4864542896919644	-1	2.0660768628198545	3.2299276879650907	0.0	1.7229397102928368	2.659869531138874	2.023889051612544
SL1344_1036_1-136	0.13035834012586967	0.145575966937864	0.49255277898151606	0.1355649938173502	0.22837510467172328	0.7635145793991277	-1	0.3431371525270177	1.5069879776722537	1.7229397102928368	0.0	0.9369298208460372	0.3009493413197073
ROD_50451_1-140	0.8065714807201675	1.082505787783901	1.429482599827553	0.8013648270286869	0.7085547161743139	0.17341524144690945	-1	0.5937926683190194	0.5700581568262166	2.659869531138874	0.9369298208460372	0.0	0.6359804795263299
t1822_1-136	0.17059100119383763	0.4465253082575713	0.7935021203012234	0.1653843475023571	0.07257423664798401	0.4625652380794204	-1	0.04218781120731041	1.2060386363525464	2.023889051612544	0.3009493413197073	0.6359804795263299	0.0
