SEN2574_1-229	0.0	0.14587020733648248	0.0902560695825223	0.11613041965339777	0.19564597909147907	0.3253818547928963	0.6995940437600445	-1	0.3526946819162905	0.3042007088742008	0.05672876383616965	0.1081065898238438
STMMW_26671_1-229	0.14587020733648248	0.0	0.05561413775396018	0.26200062698988025	0.04977577175499659	0.1795116474564138	0.5537238364235622	-1	0.20682447457980802	0.15833050153771833	0.20259897117265213	0.03776361751263868
ETEC_2793_1-229	0.0902560695825223	0.05561413775396018	0.0	0.20638648923592007	0.10538990950895677	0.23512578521037397	0.6093379741775222	-1	0.2624386123337682	0.2139446392916785	0.14698483341869195	0.0178505202413215
ROD_25251_1-229	0.11613041965339777	0.26200062698988025	0.20638648923592007	0.0	0.31177639874487684	0.44151227444629404	0.8157244634134424	-1	0.46882510156968826	0.4203311285275986	0.059401655817228116	0.22423700947724157
t0263_1-229	0.19564597909147907	0.04977577175499659	0.10538990950895677	0.31177639874487684	0.0	0.1297358757014172	0.5039480646685655	-1	0.15704870282481143	0.10855472978272174	0.2523747429276487	0.08753938926763527
BN373_35611_1-229	0.3253818547928963	0.1795116474564138	0.23512578521037397	0.44151227444629404	0.1297358757014172	0.0	0.3742121889671483	-1	0.027312827123394223	0.021181145918695465	0.3821106186290659	0.21727526496905247
STM_MW26671_1-229	0.6995940437600445	0.5537238364235622	0.6093379741775222	0.8157244634134424	0.5039480646685655	0.3742121889671483	0.0	-1	0.3468993618437541	0.3953933348858438	0.7563228075962143	0.5914874539362007
b2580_1-229	-1	-1	-1	-1	-1	-1	-1	-1	-1	-1	-1	-1
NCTC13441_01159_1-229	0.3526946819162905	0.20682447457980802	0.2624386123337682	0.46882510156968826	0.15704870282481143	0.027312827123394223	0.3468993618437541	-1	0.0	0.04849397304208969	0.40942344575246015	0.2445880920924467
ERS227112_00010_1-229	0.3042007088742008	0.15833050153771833	0.2139446392916785	0.4203311285275986	0.10855472978272174	0.021181145918695465	0.3953933348858438	-1	0.04849397304208969	0.0	0.36092947271037046	0.196094119050357
CS17_02869_1-229	0.05672876383616965	0.20259897117265213	0.14698483341869195	0.059401655817228116	0.2523747429276487	0.3821106186290659	0.7563228075962143	-1	0.40942344575246015	0.36092947271037046	0.0	0.16483535366001345
SL1344_2611_1-229	0.1081065898238438	0.03776361751263868	0.0178505202413215	0.22423700947724157	0.08753938926763527	0.21727526496905247	0.5914874539362007	-1	0.2445880920924467	0.196094119050357	0.16483535366001345	0.0
