SEN1105_1-173	0.0	0.03310555775827706	0.09663424358584005	0.32705616856182906	0.4842666743887619	0.40928314137121	0.0048685951334880295	0.08419563359709703	0.287877454546204	6.432825780557652	0.12494125668552802	0.13879479650064197	0.13745640570805
ROD_19041_1-174	0.03310555775827706	0.0	0.06352868582756299	0.293950610803552	0.517372232147039	0.37617758361293296	0.02823696262478903	0.05109007583881997	0.25477189678792694	6.465931338315929	0.15804681444380508	0.17190035425891903	0.10435084794977295
STMMW_18811_1-173	0.09663424358584005	0.06352868582756299	0.0	0.23042192497598898	0.580900917974602	0.31264889778537	0.09176564845235202	0.012438609988743021	0.19124321096036395	6.529460024143492	0.22157550027136808	0.23542904008648202	0.04082216212220996
ERS227112_04284_1-173	0.32705616856182906	0.293950610803552	0.23042192497598898	0.0	0.811322842950591	0.08222697280938099	0.32218757342834103	0.242860534964732	0.03917871401562503	6.759881949119481	0.4519974252473571	0.46585096506247103	0.18959976285377902
CS17_02052_1-173	0.4842666743887619	0.517372232147039	0.580900917974602	0.811322842950591	0.0	0.8935498157599719	0.48913526952224995	0.568462307985859	0.772144128934966	5.94855910616889	0.3593254177032339	0.34547187788811995	0.6217230800968119
t0979_1-173	0.40928314137121	0.37617758361293296	0.31264889778537	0.08222697280938099	0.8935498157599719	0.0	0.404414546237722	0.325087507774113	0.12140568682500602	6.842108921928862	0.534224398056738	0.548077937871852	0.27182673566316
ENC_06320_1-173	0.0048685951334880295	0.02823696262478903	0.09176564845235202	0.32218757342834103	0.48913526952224995	0.404414546237722	0.0	0.079327038463609	0.283008859412716	6.43769437569114	0.12980985181901605	0.14366339163413	0.13258781057456198
SL1344_1833_1-173	0.08419563359709703	0.05109007583881997	0.012438609988743021	0.242860534964732	0.568462307985859	0.325087507774113	0.079327038463609	0.0	0.20368182094910697	6.517021414154749	0.20913689028262505	0.222990430097739	0.05326077211095298
NCTC13441_02018_1-173	0.287877454546204	0.25477189678792694	0.19124321096036395	0.03917871401562503	0.772144128934966	0.12140568682500602	0.283008859412716	0.20368182094910697	0.0	6.720703235103856	0.412818711231732	0.426672251046846	0.150421048838154
b1863_1-173	6.432825780557652	6.465931338315929	6.529460024143492	6.759881949119481	5.94855910616889	6.842108921928862	6.43769437569114	6.517021414154749	6.720703235103856	0.0	6.307884523872124	6.29403098405701	6.570282186265702
ETEC_1896_1-173	0.12494125668552802	0.15804681444380508	0.22157550027136808	0.4519974252473571	0.3593254177032339	0.534224398056738	0.12980985181901605	0.20913689028262505	0.412818711231732	6.307884523872124	0.0	0.013853539815113947	0.26239766239357804
BN373_29631_1-173	0.13879479650064197	0.17190035425891903	0.23542904008648202	0.46585096506247103	0.34547187788811995	0.548077937871852	0.14366339163413	0.222990430097739	0.426672251046846	6.29403098405701	0.013853539815113947	0.0	0.276251202208692
STM_MW18811_1-173	0.13745640570805	0.10435084794977295	0.04082216212220996	0.18959976285377902	0.6217230800968119	0.27182673566316	0.13258781057456198	0.05326077211095298	0.150421048838154	6.570282186265702	0.26239766239357804	0.276251202208692	0.0
