STM_MW12151_1-124	0.0	0.06541312093305962	0.5339818637497094	0.1268847079964065	-1	0.13774906345755666	0.4384436263889506	0.1902562780544058	0.7078736382695873	0.03258937805249956	0.21247738607965727	0.4468273418841199	0.00020576406466155106
SEN1843_1-124	0.06541312093305962	0.0	0.46856874281664973	0.06147158706334688	-1	0.07233594252449704	0.373030505455891	0.25566939898746543	0.6424605173365276	0.09800249898555918	0.14706426514659765	0.38141422095106026	0.06561888499772117
SL1344_1143_1-124	0.5339818637497094	0.46856874281664973	0.0	0.40709715575330285	-1	0.3962328002921527	0.09553823736075873	0.7242381418041152	0.17389177451987792	0.5665712418022089	0.3215044776700521	0.08715452186558947	0.5341876278143709
ERS227112_03579_1-124	0.1268847079964065	0.06147158706334688	0.40709715575330285	0.0	-1	0.010864355461150166	0.3115589183925441	0.3171409860508123	0.5809889302731808	0.15947408604890606	0.08559267808325077	0.3199426338877134	0.12709047206106805
b1104_1-125	-1	-1	-1	-1	-1	-1	-1	-1	-1	-1	-1	-1	-1
NCTC13441_02808_1-125	0.13774906345755666	0.07233594252449704	0.3962328002921527	0.010864355461150166	-1	0.0	0.30069456293139396	0.3280053415119625	0.5701245748120306	0.17033844151005623	0.07472832262210061	0.3090782784265632	0.13795482752221822
ENC_15340_1-124	0.4384436263889506	0.373030505455891	0.09553823736075873	0.3115589183925441	-1	0.30069456293139396	0.0	0.6286999044433564	0.26943001188063664	0.4710330044414502	0.22596624030929335	0.008383715495169253	0.4386493904536122
Ecoli9000q_54650_1-125	0.1902562780544058	0.25566939898746543	0.7242381418041152	0.3171409860508123	-1	0.3280053415119625	0.6286999044433564	0.0	0.8981299163239931	0.15766690000190622	0.4027336641340631	0.6370836199385257	0.19005051398974424
CS17_01242_1-125	0.7078736382695873	0.6424605173365276	0.17389177451987792	0.5809889302731808	-1	0.5701245748120306	0.26943001188063664	0.8981299163239931	0.0	0.7404630163220869	0.49539625218993	0.2610462963854674	0.7080794023342488
STMMW_12151_1-124	0.03258937805249956	0.09800249898555918	0.5665712418022089	0.15947408604890606	-1	0.17033844151005623	0.4710330044414502	0.15766690000190622	0.7404630163220869	0.0	0.24506676413215683	0.47941671993661944	0.03238361398783801
BN373_17151_1-124	0.21247738607965727	0.14706426514659765	0.3215044776700521	0.08559267808325077	-1	0.07472832262210061	0.22596624030929335	0.4027336641340631	0.49539625218993	0.24506676413215683	0.0	0.2343499558044626	0.21268315014431882
ROD_11661_1-124	0.4468273418841199	0.38141422095106026	0.08715452186558947	0.3199426338877134	-1	0.3090782784265632	0.008383715495169253	0.6370836199385257	0.2610462963854674	0.47941671993661944	0.2343499558044626	0.0	0.44703310594878143
t1714_1-124	0.00020576406466155106	0.06561888499772117	0.5341876278143709	0.12709047206106805	-1	0.13795482752221822	0.4386493904536122	0.19005051398974424	0.7080794023342488	0.03238361398783801	0.21268315014431882	0.44703310594878143	0.0
