ENC_44890_1-262	0.0	0.862701980512486	0.9110905652287681	0.22655116901294003	-1	0.3328149146431001	0.74915562754471	0.75988856240921	0.5754215815122601	0.775793945459822	0.13517180829294007	0.700894332562644	0.7535809151130001
ROD_48691_1-262	0.862701980512486	0.0	0.048388584716282046	0.636150811499546	-1	0.5298870658693859	0.11354635296777604	0.10281341810327604	0.28728039900022595	0.08690803505266398	0.9978737888054261	0.16180764794984204	0.10912106539948596
STM_MW44961_1-262	0.9110905652287681	0.048388584716282046	0.0	0.684539396215828	-1	0.578275650585668	0.1619349376840581	0.1512020028195581	0.335668983716508	0.13529661976894602	1.0462623735217083	0.21019623266612408	0.157509650115768
BN373_04491_1-262	0.22655116901294003	0.636150811499546	0.684539396215828	0.0	-1	0.10626374563016006	0.52260445853177	0.53333739339627	0.34887041249932005	0.549242776446882	0.3617229773058801	0.47434316354970396	0.52702974610006
b4367_1-262	-1	-1	-1	-1	-1	-1	-1	-1	-1	-1	-1	-1	-1
ERS227112_02299_1-262	0.3328149146431001	0.5298870658693859	0.578275650585668	0.10626374563016006	-1	0.0	0.4163407129016099	0.4270736477661099	0.24260666686916	0.44297903081672196	0.46798672293604016	0.3680794179195439	0.4207660004699
SEN4315_1-262	0.74915562754471	0.11354635296777604	0.1619349376840581	0.52260445853177	-1	0.4163407129016099	0.0	0.010732934864499999	0.1737340460324499	0.026638317915112064	0.88432743583765	0.048261294982065994	0.004425287568290082
t4593_1-262	0.75988856240921	0.10281341810327604	0.1512020028195581	0.53333739339627	-1	0.4270736477661099	0.010732934864499999	0.0	0.1844669808969499	0.015905383050612065	0.89506037070215	0.05899422984656599	0.006307647296209917
NCTC13441_04029_1-262	0.5754215815122601	0.28728039900022595	0.335668983716508	0.34887041249932005	-1	0.24260666686916	0.1737340460324499	0.1844669808969499	0.0	0.20037236394756197	0.7105933898052001	0.1254727510503839	0.17815933360074
SL1344_4481_1-262	0.775793945459822	0.08690803505266398	0.13529661976894602	0.549242776446882	-1	0.44297903081672196	0.026638317915112064	0.015905383050612065	0.20037236394756197	0.0	0.9109657537527621	0.07489961289717806	0.022213030346821983
CS17_04834_1-262	0.13517180829294007	0.9978737888054261	1.0462623735217083	0.3617229773058801	-1	0.46798672293604016	0.88432743583765	0.89506037070215	0.7105933898052001	0.9109657537527621	0.0	0.8360661408555841	0.8887527234059401
STMMW_44961_1-262	0.700894332562644	0.16180764794984204	0.21019623266612408	0.47434316354970396	-1	0.3680794179195439	0.048261294982065994	0.05899422984656599	0.1254727510503839	0.07489961289717806	0.8360661408555841	0.0	0.052686582550356076
ETEC_4669_1-262	0.7535809151130001	0.10912106539948596	0.157509650115768	0.52702974610006	-1	0.4207660004699	0.004425287568290082	0.006307647296209917	0.17815933360074	0.022213030346821983	0.8887527234059401	0.052686582550356076	0.0
