BN373_47471_1-357	0.0	0.18693261306051762	0.5330194887897586	0.013724783348566734	0.4535330547219561	-1	0.18851827940391636	0.2698399325138065	0.2623611378078068	0.4225019987823479	0.33924215636104427	0.11919236236276494	0.057959416413546266	0.11929516082213083
CS17_04151_1-357	0.18693261306051762	0.0	0.6203133759986253	0.1980917867940473	0.5556855487539798	-1	0.3402106778857871	0.4063306618814445	0.4002498978123805	0.5304552091871896	0.4627593466727072	0.2838440356699548	0.13690832315945028	0.28392761774469283
Ecoli9000q_33190_1-357	0.5330194887897586	0.6203133759986253	0.0	0.5265210933762311	0.14545515470722487	-1	0.4245335423363384	0.3604409060358926	0.3669252866878253	0.1913729394290284	0.293265277581171	0.4698269051538701	0.5600854066960037	0.46976502179076934
ETEC_3990_1-357	0.013724783348566734	0.1980917867940473	0.5265210933762311	0.0	0.445928544029131	-1	0.1772258829019372	0.25967918978517257	0.2520963218597355	0.414465666917645	0.33004719931791715	0.10693524204357278	0.07088871932882772	0.10703947102310135
ERS227112_00472_1-357	0.4535330547219561	0.5556855487539798	0.14545515470722487	0.445928544029131	0.0	-1	0.3265813247442838	0.25157925006851056	0.25916736049671296	0.053733616175604744	0.1729694160442861	0.3795842339152048	0.48520595995956484	0.379511817162074
b3700_1-357	-1	-1	-1	-1	-1	-1	-1	-1	-1	-1	-1	-1	-1	-1
STMMW_38211_1-357	0.18851827940391636	0.3402106778857871	0.4245335423363384	0.1772258829019372	0.3265813247442838	-1	0.0	0.10021378306606132	0.09099756227367424	0.2883413309748443	0.18573909076647083	0.07870721605811466	0.23555128635992578	0.07859968005444906
SEN3653_1-357	0.2698399325138065	0.4063306618814445	0.3604409060358926	0.25967918978517257	0.25157925006851056	-1	0.10021378306606132	0.0	0.0101388295673216	0.20908027303400573	0.09505069769999451	0.17103345124839447	0.3121595839137818	0.170936691834472
STM_MW38211_1-357	0.2623611378078068	0.4002498978123805	0.3669252866878253	0.2520963218597355	0.25916736049671296	-1	0.09099756227367424	0.0101388295673216	0.0	0.2170992733471465	0.10422582444308086	0.1625426135371531	0.3051142557844186	0.16244486304767772
t3683_1-357	0.4225019987823479	0.5304552091871896	0.1913729394290284	0.414465666917645	0.053733616175604744	-1	0.2883413309748443	0.20908027303400573	0.2170992733471465	0.0	0.12600658958926803	0.34435400359743756	0.45597344591291245	0.34427747466819664
SL1344_3803_1-357	0.33924215636104427	0.4627593466727072	0.293265277581171	0.33004719931791715	0.1729694160442861	-1	0.18573909076647083	0.09505069769999451	0.10422582444308086	0.12600658958926803	0.0	0.2498273000771911	0.37753929536903136	0.249739737713071
ROD_40271_1-357	0.11919236236276494	0.2838440356699548	0.4698269051538701	0.10693524204357278	0.3795842339152048	-1	0.07870721605811466	0.17103345124839447	0.1625426135371531	0.34435400359743756	0.2498273000771911	0.0	0.1702434590128134	0.00011670931878117418
ENC_03920_1-357	0.057959416413546266	0.13690832315945028	0.5600854066960037	0.07088871932882772	0.48520595995956484	-1	0.23555128635992578	0.3121595839137818	0.3051142557844186	0.45597344591291245	0.37753929536903136	0.1702434590128134	0.0	0.17034029933346626
NCTC13441_04816_1-357	0.11929516082213083	0.28392761774469283	0.46976502179076934	0.10703947102310135	0.379511817162074	-1	0.07859968005444906	0.170936691834472	0.16244486304767772	0.34427747466819664	0.249739737713071	0.00011670931878117418	0.17034029933346626	0.0
