ERS227112_02440_1-131	0.0	0.20575086037267584	0.6530618551652265	0.28597103208287444	0.7681169976705816	0.43415827166943455	0.6396253797218273	-1	0.6371866657427915	0.21504839834026382	0.8492942652370382	0.39351851851851855	0.28612375870708145	0.10396021020467118	-1	0.14022204515816378	0.5699784959363672	0.09419269306320943	0.21613735488403574	0.4272274009219324	0.6363374049165637	0.6127806190814071	0.3954429752997136	0.27195839218374024	0.709588949069913	0.3480247477457259
ENC_14560_2-138	0.20575086037267584	0.0	0.5631872575933	0.10100126988848783	0.7080475246869993	0.2875765297069525	0.5462700526848957	-1	0.5431995879435929	0.011706072444662059	0.8102538268613352	0.23640901673994463	0.10119356046406043	0.2883211678832117	-1	0.0762159751194908	0.4585810892216935	0.12315882909658533	0.37741776853064685	0.2788502114754286	0.5421303254365837	0.5124711358198221	0.23883200555438394	0.0833586446717842	0.6343577393532299	0.1791300490924139
Ecoli9000q_41510_1-132	0.6530618551652265	0.5631872575933	0.0	0.514111947240996	0.33163013124471846	0.3868636272931576	0.03728474395069115	-1	0.043755804771995206	0.5580133296101413	0.5656120925108011	0.4279493184403735	0.5140079963910476	0.6891296176302683	-1	0.5964793667004457	0.19320745228723515	0.6169846034825776	0.728048148098189	0.3942829224142292	0.04598892070498944	0.10402691101943565	0.42612833750997997	0.5234638499914797	0.16293133155366074	0.4678660828993159
NCTC13441_03886_1-132	0.28597103208287444	0.10100126988848783	0.514111947240996	0.0	0.6752470659477052	0.20753673344490914	0.49529411764705894	-1	0.4918786904184554	0.0903528747411289	0.7889361054880148	0.15062062082630615	0.00021389415705710038	0.36020163367976327	-1	0.16951933473512065	0.3977534198394822	0.2117209008483388	0.44029936451906	0.19783002537153788	0.4906892977405853	0.4576979389951923	0.15331582909889044	0.019247031692549432	0.5932783346630359	0.08690644000602198
STMMW_13081_2-138	0.7681169976705816	0.7080475246869993	0.33163013124471846	0.6752470659477052	0.0	0.5901981230448383	0.3565501306656162	-1	0.36087519273745866	0.7045894271199463	0.3500785600970192	0.6176585610446231	0.6751775883317682	0.7922236033356382	-1	0.7302989672815288	0.46076417077248016	0.7440040496983982	0.8182355764366308	0.5951569563511657	0.3623677401405093	0.40115858410979605	0.6164414722591701	0.6814975959616582	0.2015351978281245	0.6443377236671819
STMMW_01431_1-131	0.43415827166943455	0.2875765297069525	0.3868636272931576	0.20753673344490914	0.5901981230448383	0.0	0.3631176312475114	-1	0.35880774412371985	0.2791380677049071	0.7336609740543573	0.06700905863051795	0.20736719391899663	0.49298329668925456	-1	0.34187457919334874	0.24003218120312647	0.3753177701291702	0.5564578061138141	0.01210056269915496	0.3573068636058878	0.31567545917649464	0.0640391142405703	0.2227892990514762	0.486762752922265	0.13211164630236
NCTC13441_02121_1-136	0.6396253797218273	0.5462700526848957	0.03728474395069115	0.49529411764705894	0.3565501306656162	0.3631176312475114	0.0	-1	0.006721676820474751	0.5408957450164051	0.5818081344168125	0.40579451923599	0.4951861409121986	0.6770900009983747	-1	0.5808515230604315	0.1619613975750249	0.6021509017222794	0.7175157969160904	0.3708242662825872	0.009041278508473615	0.06932700676483936	0.403903014017857	0.5050082077601221	0.19414122252582847	0.4472572094843494
b0099_1-129	-1	-1	-1	-1	-1	-1	-1	-1	-1	-1	-1	-1	-1	-1	-1	-1	-1	-1	-1	-1	-1	-1	-1	-1	-1	-1
t1180_2-138	0.6371866657427915	0.5431995879435929	0.043755804771995206	0.4918786904184554	0.36087519273745866	0.35880774412371985	0.006721676820474751	-1	0.0	0.5377889114563751	0.5846190849862141	0.4017734335911676	0.49176998298737534	0.6749048162372285	-1	0.5780150767834571	0.15629025332760846	0.5994585918232976	0.7156041801258021	0.3665665312181634	0.0023352988118916385	0.06302899044848008	0.39986912824794996	0.5016585173676311	0.19955794479095273	0.44351670864385934
BN373_05921_1-130	0.21504839834026382	0.011706072444662059	0.5580133296101413	0.0903528747411289	0.7045894271199463	0.2791380677049071	0.5408957450164051	-1	0.5377889114563751	0.0	0.8080063351112311	0.22736448948048474	0.09054744294620556	0.2966521318493033	-1	0.08702985783796353	0.45216812965999875	0.133423195365643	0.38470576123498645	0.27030838861023787	0.5367069838261466	0.5066964891850158	0.22981617793761497	0.07250127743308436	0.6300268063457299	0.16940706805908934
STM_MW01431_1-132	0.8492942652370382	0.8102538268613352	0.5656120925108011	0.7889361054880148	0.3500785600970192	0.7336609740543573	0.5818081344168125	-1	0.5846190849862141	0.8080063351112311	0.0	0.7515081014595438	0.788890950495824	0.8649616651020451	-1	0.8247155164722902	0.6495390734211723	0.8336227433706511	0.8818674041145598	0.7368838261370444	0.5855891235435282	0.6108001247110989	0.7507170893636125	0.7929984589548399	0.48106060606060597	0.7688474612466031
ERS227112_05522_2-136	0.39351851851851855	0.23640901673994463	0.4279493184403735	0.15062062082630615	0.6176585610446231	0.06700905863051795	0.40579451923599	-1	0.4017734335911676	0.22736448948048474	0.7515081014595438	0.0	0.15043890467195245	0.4565684608185738	-1	0.2946068481215605	0.290956909330193	0.33045198814696336	0.5246018217120773	0.05558105800868242	0.40037312566395233	0.36153140245483917	0.003173150112504823	0.1669686526562602	0.5211542977030625	0.06977837059841314
ROD_01051_1-132	0.28612375870708145	0.10119356046406043	0.5140079963910476	0.00021389415705710038	0.6751775883317682	0.20736719391899663	0.4951861409121986	-1	0.49176998298737534	0.09054744294620556	0.788890950495824	0.15043890467195245	0.0	0.3603384828120138	-1	0.1696969696969697	0.39762457525577466	0.21188950914177757	0.4404190812146905	0.19765840919330044	0.4905803358509338	0.4575819189369708	0.15313468955717235	0.019456809021986803	0.5931913206634857	0.08671109284507647
ENC_46110_2-131	0.10396021020467118	0.2883211678832117	0.6891296176302683	0.36020163367976327	0.7922236033356382	0.49298329668925456	0.6770900009983747	-1	0.6749048162372285	0.2966521318493033	0.8649616651020451	0.4565684608185738	0.3603384828120138	0.0	-1	0.22960474207286335	0.6146836218913512	0.1883606110972853	0.12519214655075503	0.4867729607215642	0.674143844745014	0.6530360273170267	0.45829285066826597	0.34764575077006543	0.7397801429703642	0.4158042320183238
b1759_1-135	-1	-1	-1	-1	-1	-1	-1	-1	-1	-1	-1	-1	-1	-1	-1	-1	-1	-1	-1	-1	-1	-1	-1	-1	-1	-1
ROD_12991_1-137	0.14022204515816378	0.0762159751194908	0.5964793667004457	0.16951933473512065	0.7302989672815288	0.34187457919334874	0.5808515230604315	-1	0.5780150767834571	0.08702985783796353	0.8247155164722902	0.2946068481215605	0.1696969696969697	0.22960474207286335	-1	0.0	0.4998458594547947	0.05081583217805327	0.3260521781052842	0.3338133458150434	0.5770273091610784	0.5496286236022121	0.2968451664808037	0.1532213594029758	0.6622255207933183	0.2416934528471241
t0141_1-131	0.5699784959363672	0.4585810892216935	0.19320745228723515	0.3977534198394822	0.46076417077248016	0.24003218120312647	0.1619613975750249	-1	0.15629025332760846	0.45216812965999875	0.6495390734211723	0.290956909330193	0.39762457525577466	0.6146836218913512	-1	0.4998458594547947	0.0	0.5252616083238983	0.6629222063679353	0.24922821944381807	0.15431532691531882	0.0995348435847207	0.28869984717021646	0.4093448788545612	0.3246592363736463	0.34043278088119505
ETEC_0097_1-129	0.09419269306320943	0.12315882909658533	0.6169846034825776	0.2117209008483388	0.7440040496983982	0.3753177701291702	0.6021509017222794	-1	0.5994585918232976	0.133423195365643	0.8336227433706511	0.33045198814696336	0.21188950914177757	0.1883606110972853	-1	0.05081583217805327	0.5252616083238983	0.0	0.2899714884191592	0.36766617503336496	0.5985210184346487	0.572514619883041	0.3325765644961022	0.1962511206955143	0.6793898120427144	0.2802274310867637
CS17_00099_1-130	0.21613735488403574	0.37741776853064685	0.728048148098189	0.44029936451906	0.8182355764366308	0.5564578061138141	0.7175157969160904	-1	0.7156041801258021	0.38470576123498645	0.8818674041145598	0.5246018217120773	0.4404190812146905	0.12519214655075503	-1	0.3260521781052842	0.6629222063679353	0.2899714884191592	0.0	0.5510249554367203	0.7149384762881618	0.6964731918329856	0.5261103314949962	0.42931537954266713	0.7723576254470349	0.4889409542178167
CS17_01946_1-136	0.4272274009219324	0.2788502114754286	0.3942829224142292	0.19783002537153788	0.5951569563511657	0.01210056269915496	0.3708242662825872	-1	0.3665665312181634	0.27030838861023787	0.7368838261370444	0.05558105800868242	0.19765840919330044	0.4867729607215642	-1	0.3338133458150434	0.24922821944381807	0.36766617503336496	0.5510249554367203	0.0	0.3650838121991413	0.32395617118929987	0.052574735423802546	0.21326941629602347	0.49297321241007086	0.12148107294311382
SEN1742_2-138	0.6363374049165637	0.5421303254365837	0.04598892070498944	0.4906892977405853	0.3623677401405093	0.3573068636058878	0.009041278508473615	-1	0.0023352988118916385	0.5367069838261466	0.5855891235435282	0.40037312566395233	0.4905803358509338	0.674143844745014	-1	0.5770273091610784	0.15431532691531882	0.5985210184346487	0.7149384762881618	0.3650838121991413	0.0	0.060835761317714225	0.3984643627890608	0.5004920169683269	0.20142721617147052	0.44221411192214116
ETEC_1791_1-135	0.6127806190814071	0.5124711358198221	0.10402691101943565	0.4576979389951923	0.40115858410979605	0.31567545917649464	0.06932700676483936	-1	0.06302899044848008	0.5066964891850158	0.6108001247110989	0.36153140245483917	0.4575819189369708	0.6530360273170267	-1	0.5496286236022121	0.0995348435847207	0.572514619883041	0.6964731918329856	0.32395617118929987	0.060835761317714225	0.0	0.35949899662391693	0.46813564395028673	0.25000899944328553	0.4060827008697945
SL1344_1236_2-138	0.3954429752997136	0.23883200555438394	0.42612833750997997	0.15331582909889044	0.6164414722591701	0.0640391142405703	0.403903014017857	-1	0.39986912824794996	0.22981617793761497	0.7507170893636125	0.003173150112504823	0.15313468955717235	0.45829285066826597	-1	0.2968451664808037	0.28869984717021646	0.3325765644961022	0.5261103314949962	0.052574735423802546	0.3984643627890608	0.35949899662391693	0.0	0.16961198616980402	0.5196300116203919	0.0727301034664032
SL1344_0137_1-131	0.27195839218374024	0.0833586446717842	0.5234638499914797	0.019247031692549432	0.6814975959616582	0.2227892990514762	0.5050082077601221	-1	0.5016585173676311	0.07250127743308436	0.7929984589548399	0.1669686526562602	0.019456809021986803	0.34764575077006543	-1	0.1532213594029758	0.4093448788545612	0.1962511206955143	0.42931537954266713	0.21326941629602347	0.5004920169683269	0.46813564395028673	0.16961198616980402	0.0	0.6011065194458229	0.10448078069348886
STM_MW13081_2-138	0.709588949069913	0.6343577393532299	0.16293133155366074	0.5932783346630359	0.2015351978281245	0.486762752922265	0.19414122252582847	-1	0.19955794479095273	0.6300268063457299	0.48106060606060597	0.5211542977030625	0.5931913206634857	0.7397801429703642	-1	0.6622255207933183	0.3246592363736463	0.6793898120427144	0.7723576254470349	0.49297321241007086	0.20142721617147052	0.25000899944328553	0.5196300116203919	0.6011065194458229	0.0	0.5545673705773957
SEN0138_1-131	0.3480247477457259	0.1791300490924139	0.4678660828993159	0.08690644000602198	0.6443377236671819	0.13211164630236	0.4472572094843494	-1	0.44351670864385934	0.16940706805908934	0.7688474612466031	0.06977837059841314	0.08671109284507647	0.4158042320183238	-1	0.2416934528471241	0.34043278088119505	0.2802274310867637	0.4889409542178167	0.12148107294311382	0.44221411192214116	0.4060827008697945	0.0727301034664032	0.10448078069348886	0.5545673705773957	0.0
