SEN1144_10-114	0.0	0.0692360201159552	0.8964090434178309	1.0713002568094372	0.6325492035643911	0.2846762962723439	1.188133601638477	1.0256926757584053	0.6788650701684995	1.529376382160463	1.5669001928692583	1.4050101265987172	0.8178126699808248	0.15083757735964265	0.9592872972016826
SL1344_0965A_7-111	0.0692360201159552	0.0	0.8271730233018757	1.002064236693482	0.563313183448436	0.21544027615638872	1.1188975815225217	0.9564566556424501	0.6096290500525443	1.4601403620445077	1.497664172753303	1.335774106482762	0.7485766498648696	0.08160155724368745	0.8900512770857274
ETEC_0282_4-108	0.8964090434178309	0.8271730233018757	0.0	0.1748912133916063	0.26385983985343975	0.611732747145487	0.29172455822064614	0.12928363234057438	0.2175439732493314	0.632967338742632	0.6704911494514274	0.5086010831808863	0.0785963734370061	0.7455714660581882	0.0628782537838517
ETEC_2755_12-113	1.0713002568094372	1.002064236693482	0.1748912133916063	0.0	0.43875105324504604	0.7866239605370933	0.11683334482903984	0.04560758105103191	0.3924351866409377	0.4580761253510257	0.4955999360598211	0.33370986978927997	0.2534875868286124	0.9204626794497945	0.11201295960775459
CS17_02912_1-108	0.6325492035643911	0.563313183448436	0.26385983985343975	0.43875105324504604	0.0	0.34787290729204723	0.5555843980740859	0.39314347219401413	0.04631586660410836	0.8968271785960718	0.9343509893048672	0.772460923034326	0.18526346641643365	0.4817116262047485	0.32673809363729145
STMMW_26322_10-114	0.2846762962723439	0.21544027615638872	0.611732747145487	0.7866239605370933	0.34787290729204723	0.0	0.9034573053661331	0.7410163794860614	0.3941887738961556	1.244700085888119	1.2822238965969144	1.1203338303263732	0.5331363737084809	0.13383871891270127	0.6746110009293387
NCTC13441_03077_1-108	1.188133601638477	1.1188975815225217	0.29172455822064614	0.11683334482903984	0.5555843980740859	0.9034573053661331	0.0	0.16244092588007175	0.5092685314699775	0.34124278052198587	0.37876659123078127	0.21687652496024012	0.37032093165765223	1.0372960242788345	0.22884630443679443
ROD_26101_1-110	1.0256926757584053	0.9564566556424501	0.12928363234057438	0.04560758105103191	0.39314347219401413	0.7410163794860614	0.16244092588007175	0.0	0.3468276055899058	0.5036837064020576	0.541207517110853	0.3793174508403119	0.20788000577758048	0.8748550983987626	0.06640537855672268
CS17_02599_1-108	0.6788650701684995	0.6096290500525443	0.2175439732493314	0.3924351866409377	0.04631586660410836	0.3941887738961556	0.5092685314699775	0.3468276055899058	0.0	0.8505113119919634	0.8880351227007588	0.7261450564302177	0.1389475998123253	0.5280274928088569	0.2804222270331831
STMMW_20111_12-111	1.529376382160463	1.4601403620445077	0.632967338742632	0.4580761253510257	0.8968271785960718	1.244700085888119	0.34124278052198587	0.5036837064020576	0.8505113119919634	0.0	0.0375238107087954	0.12436625556174574	0.7115637121796381	1.3785388048008202	0.5700890849587803
SL1344_1957_12-111	1.5669001928692583	1.497664172753303	0.6704911494514274	0.4955999360598211	0.9343509893048672	1.2822238965969144	0.37876659123078127	0.541207517110853	0.8880351227007588	0.0375238107087954	0.0	0.16189006627054114	0.7490875228884335	1.4160626155096157	0.6076128956675757
ETEC_1996_6-112	1.4050101265987172	1.335774106482762	0.5086010831808863	0.33370986978927997	0.772460923034326	1.1203338303263732	0.21687652496024012	0.3793174508403119	0.7261450564302177	0.12436625556174574	0.16189006627054114	0.0	0.5871974566178924	1.2541725492390745	0.44572282939703456
CS17_02120_1-108	0.8178126699808248	0.7485766498648696	0.0785963734370061	0.2534875868286124	0.18526346641643365	0.5331363737084809	0.37032093165765223	0.20788000577758048	0.1389475998123253	0.7115637121796381	0.7490875228884335	0.5871974566178924	0.0	0.6669750926211822	0.1414746272208578
STMMW_10392_7-111	0.15083757735964265	0.08160155724368745	0.7455714660581882	0.9204626794497945	0.4817116262047485	0.13383871891270127	1.0372960242788345	0.8748550983987626	0.5280274928088569	1.3785388048008202	1.4160626155096157	1.2541725492390745	0.6669750926211822	0.0	0.80844971984204
ROD_36711_1-107	0.9592872972016826	0.8900512770857274	0.0628782537838517	0.11201295960775459	0.32673809363729145	0.6746110009293387	0.22884630443679443	0.06640537855672268	0.2804222270331831	0.5700890849587803	0.6076128956675757	0.44572282939703456	0.1414746272208578	0.80844971984204	0.0
