BN373_32101_1-396	0.0	0.04857213108366998	0.1992542570320499	0.21782069467116005	0.057031313071040035	0.06713808584047998	0.16138170031114996	0.034530095844940156	0.2783838034172281	0.29499591850794504	0.11018649344285003	0.32726353378782913	0.02937568667619983	0.27421832376440103	5.75886442376088	0.007723623593079987
SL1344_3109_1-394	0.04857213108366998	0.0	0.2478263881157199	0.16924856358749008	0.008459181987370057	0.01856595475681	0.20995383139481993	0.014042035238729822	0.22981167233355815	0.24642378742427506	0.06161436235918005	0.27869140270415915	0.07794781775986981	0.22564619268073105	5.80743655484455	0.04084850749058999
ERS227112_00977_1-355	0.1992542570320499	0.2478263881157199	0.0	0.41707495170320996	0.25628557010308994	0.2663923428725299	0.03787255672089995	0.23378435287699006	0.47763806044927803	0.49425017553999495	0.30944075047489994	0.526517790819879	0.16987857035585008	0.47347258079645094	5.55961016672883	0.2069778806251299
NCTC13441_04072_1-395	0.21782069467116005	0.16924856358749008	0.41707495170320996	0.0	0.16078938160012002	0.15068260883068008	0.37920239498231	0.1832905988262199	0.06056310874606807	0.07717522383678499	0.10763420122831002	0.10944283911666908	0.24719638134735988	0.056397629093240975	5.97668511843204	0.21009707107808007
ENC_40010_1-396	0.057031313071040035	0.008459181987370057	0.25628557010308994	0.16078938160012002	0.0	0.010106772769439942	0.21841301338219	0.02250121722609988	0.2213524903461881	0.237964605436905	0.053155180371809996	0.2702322207167891	0.08640699974723987	0.217187010693361	5.81589573683192	0.04930768947796005
ERS227112_03976_1-396	0.06713808584047998	0.01856595475681	0.2663923428725299	0.15068260883068008	0.010106772769439942	0.0	0.22851978615162993	0.03260798999553982	0.21124571757674815	0.22785783266746507	0.043048407602370053	0.26012544794734915	0.09651377251667981	0.20708023792392105	5.82600250960136	0.05941446224739999
CS17_04786_1-395	0.16138170031114996	0.20995383139481993	0.03787255672089995	0.37920239498231	0.21841301338219	0.22851978615162993	0.0	0.1959117961560901	0.4397655037283781	0.456377618819095	0.271568193754	0.4886452340989791	0.13200601363495013	0.435600024075551	5.59748272344973	0.16910532390422994
ETEC_4634_1-394	0.034530095844940156	0.014042035238729822	0.23378435287699006	0.1832905988262199	0.02250121722609988	0.03260798999553982	0.1959117961560901	0.0	0.24385370757228797	0.2604658226630049	0.07565639759790987	0.292733437942889	0.06390578252113999	0.23968822791946087	5.79339451960582	0.02680647225186017
t3056_1-394	0.2783838034172281	0.22981167233355815	0.47763806044927803	0.06056310874606807	0.2213524903461881	0.21124571757674815	0.4397655037283781	0.24385370757228797	0.0	0.016612115090716917	0.1681973099743781	0.048879730370601004	0.30775949009342796	0.004165479652827098	6.037248227178108	0.27066017982414814
SEN2978_1-394	0.29499591850794504	0.24642378742427506	0.49425017553999495	0.07717522383678499	0.237964605436905	0.22785783266746507	0.456377618819095	0.2604658226630049	0.016612115090716917	0.0	0.184809425065095	0.03226761527988409	0.3243716051841449	0.020777594743544014	6.053860342268825	0.28727229491486506
ROD_46091_1-354	0.11018649344285003	0.06161436235918005	0.30944075047489994	0.10763420122831002	0.053155180371809996	0.043048407602370053	0.271568193754	0.07565639759790987	0.1681973099743781	0.184809425065095	0.0	0.2170770403449791	0.13956218011904986	0.164031830321551	5.8690509172037295	0.10246286984977004
STM_MW30951_1-395	0.32726353378782913	0.27869140270415915	0.526517790819879	0.10944283911666908	0.2702322207167891	0.26012544794734915	0.4886452340989791	0.292733437942889	0.048879730370601004	0.03226761527988409	0.2170770403449791	0.0	0.35663922046402896	0.0530452100234281	6.086127957548709	0.31953991019474914
STMMW_30951_1-394	0.02937568667619983	0.07794781775986981	0.16987857035585008	0.24719638134735988	0.08640699974723987	0.09651377251667981	0.13200601363495013	0.06390578252113999	0.30775949009342796	0.3243716051841449	0.13956218011904986	0.35663922046402896	0.0	0.30359401044060086	5.72948873708468	0.03709931026927982
ROD_23021_1-396	0.27421832376440103	0.22564619268073105	0.47347258079645094	0.056397629093240975	0.217187010693361	0.20708023792392105	0.435600024075551	0.23968822791946087	0.004165479652827098	0.020777594743544014	0.164031830321551	0.0530452100234281	0.30359401044060086	0.0	6.033082747525281	0.26649470017132104
b4322_1-394	5.75886442376088	5.80743655484455	5.55961016672883	5.97668511843204	5.81589573683192	5.82600250960136	5.59748272344973	5.79339451960582	6.037248227178108	6.053860342268825	5.8690509172037295	6.086127957548709	5.72948873708468	6.033082747525281	0.0	5.7665880473539595
BN373_42701_1-354	0.007723623593079987	0.04084850749058999	0.2069778806251299	0.21009707107808007	0.04930768947796005	0.05941446224739999	0.16910532390422994	0.02680647225186017	0.27066017982414814	0.28727229491486506	0.10246286984977004	0.31953991019474914	0.03709931026927982	0.26649470017132104	5.7665880473539595	0.0
