STM_MW32981_1-159	0.0	0.3555065988225169	1.0283427656283872	0.02664392607189703	0.38194758132029694	0.22557506158557505	0.7726287675803171	0.573444185614917	-1	0.38947359704012696	0.22003184776107598	0.46358855616165695	0.33080788483146195	-1	0.44158993614409703	0.3739820667054371	0.595534626160657	0.5965229811616669	0.225682952589234	0.08530072321156501	0.6106961429329171	0.327239111208633	0.13646174749254703	0.7303036249978571
CS17_03622_1-159	0.3555065988225169	0.0	0.6728361668058702	0.3821505248944139	0.02644098249778004	0.12993153723694184	0.41712216875780017	0.21793758679240005	-1	0.03396699821761007	0.1354747510614409	0.10808195733914006	0.024698713991054944	-1	0.08608333732158013	0.018475467882920205	0.2400280273381401	0.24101638233915001	0.1298236462332829	0.2702058756109519	0.2551895441104002	0.028267487613883868	0.21904485132996987	0.37479702617534016
ENC_34160_1-158	1.0283427656283872	0.6728361668058702	0.0	1.0549866917002841	0.6463951843080902	0.8027677040428121	0.25571399804807005	0.45489858001347017	-1	0.6388691685882602	0.8083109178673111	0.5647542094667302	0.6975348807969252	-1	0.5867528294842901	0.65436069892295	0.4328081394677301	0.4318197844667202	0.8026598130391531	0.9430420424168221	0.41764662269547004	0.7011036544197541	0.8918810181358401	0.29803914063053005
NCTC13441_00512_1-159	0.02664392607189703	0.3821505248944139	1.0549866917002841	0.0	0.40859150739219396	0.2522189876574721	0.7992726936522141	0.600088111686814	-1	0.416117523112024	0.246675773832973	0.490232482233554	0.357451810903359	-1	0.46823386221599406	0.40062599277733413	0.622178552232554	0.6231669072335639	0.252326878661131	0.11194464928346204	0.6373400690048141	0.35388303728053006	0.16310567356444405	0.7569475510697541
STM_MW34931_1-157	0.38194758132029694	0.02644098249778004	0.6463951843080902	0.40859150739219396	0.0	0.15637251973472188	0.39068118626002013	0.19149660429462	-1	0.007526015719830026	0.16191573355922095	0.08164097484136001	0.051139696488834985	-1	0.05964235482380009	0.007965514614859837	0.21358704484036006	0.21457539984136997	0.15626462873106295	0.2966468581087319	0.22874856161262014	0.05470847011166391	0.2454858338277499	0.3483560436775601
ROD_46401_1-158	0.22557506158557505	0.12993153723694184	0.8027677040428121	0.2522189876574721	0.15637251973472188	0.0	0.547053705994742	0.3478691240293419	-1	0.1638985354545519	0.005543213824499071	0.2380134945760819	0.1052328232458869	-1	0.21601487455852197	0.14840700511986205	0.36995956457508195	0.37094791957609186	0.00010789100365893312	0.14027433837401004	0.385121081347342	0.10166404962305797	0.08911331409302803	0.504728563412282
SL1344_3470_1-157	0.7726287675803171	0.41712216875780017	0.25571399804807005	0.7992726936522141	0.39068118626002013	0.547053705994742	0.0	0.19918458196540012	-1	0.3831551705401901	0.5525969198192411	0.3090402114186601	0.4418208827488551	-1	0.33103883143622004	0.39864670087487997	0.17709414141966007	0.17610578641865016	0.5469458149910831	0.6873280443687521	0.1619326246474	0.44538965637168404	0.63616702008777	0.04232514258246001
STMMW_34931_1-157	0.573444185614917	0.21793758679240005	0.45489858001347017	0.600088111686814	0.19149660429462	0.3478691240293419	0.19918458196540012	0.0	-1	0.18397058857478998	0.35341233785384096	0.10985562945326	0.242636300783455	-1	0.13185424947081992	0.19946211890947985	0.022090440545740053	0.023078795546749964	0.34776123302568296	0.48814346240335194	0.03725195731800013	0.24620507440628392	0.4369824381223699	0.1568594393829401
b3181_1-158	-1	-1	-1	-1	-1	-1	-1	-1	-1	-1	-1	-1	-1	-1	-1	-1	-1	-1	-1	-1	-1	-1	-1	-1
CS17_03827_1-157	0.38947359704012696	0.03396699821761007	0.6388691685882602	0.416117523112024	0.007526015719830026	0.1638985354545519	0.3831551705401901	0.18397058857478998	-1	0.0	0.16944174927905098	0.07411495912152999	0.05866571220866501	-1	0.052116339103970066	0.015491530334689863	0.20606102912053004	0.20704938412153995	0.16379064445089297	0.30417287382856195	0.2212225458927901	0.062234485831493935	0.25301184954757994	0.3408300279577301
STMMW_32981_1-158	0.22003184776107598	0.1354747510614409	0.8083109178673111	0.246675773832973	0.16191573355922095	0.005543213824499071	0.5525969198192411	0.35341233785384096	-1	0.16944174927905098	0.0	0.24355670840058097	0.11077603707038597	-1	0.22155808838302105	0.15395021894436112	0.375502778399581	0.3764911334005909	0.0056511048281580045	0.13473112454951097	0.3906642951718411	0.10720726344755704	0.08357010026852896	0.5102717772367811
ERS227112_01008_1-159	0.46358855616165695	0.10808195733914006	0.5647542094667302	0.490232482233554	0.08164097484136001	0.2380134945760819	0.3090402114186601	0.10985562945326	-1	0.07411495912152999	0.24355670840058097	0.0	0.132780671330195	-1	0.021998620017559922	0.08960648945621985	0.13194606999900005	0.13293442500000996	0.23790560357242296	0.37828783295009194	0.14710758677126012	0.13634944495302392	0.3271268086691099	0.2667150688362001
SL1344_3271_1-158	0.33080788483146195	0.024698713991054944	0.6975348807969252	0.357451810903359	0.051139696488834985	0.1052328232458869	0.4418208827488551	0.242636300783455	-1	0.05866571220866501	0.11077603707038597	0.132780671330195	0.0	-1	0.11078205131263508	0.04317418187397515	0.26472674132919505	0.26571509633020496	0.10512493224222796	0.24550716161989694	0.2798882581014551	0.0035687736228289246	0.19434613733891493	0.3994957401663951
b3406_1-157	-1	-1	-1	-1	-1	-1	-1	-1	-1	-1	-1	-1	-1	-1	-1	-1	-1	-1	-1	-1	-1	-1	-1	-1
SEN3132_1-158	0.44158993614409703	0.08608333732158013	0.5867528294842901	0.46823386221599406	0.05964235482380009	0.21601487455852197	0.33103883143622004	0.13185424947081992	-1	0.052116339103970066	0.22155808838302105	0.021998620017559922	0.11078205131263508	-1	0.0	0.06760786943865993	0.15394469001655997	0.15493304501756988	0.21590698355486304	0.356289212932532	0.16910620678882005	0.114350824935464	0.30512818865155	0.28871368885376003
t3216_1-158	0.3739820667054371	0.018475467882920205	0.65436069892295	0.40062599277733413	0.007965514614859837	0.14840700511986205	0.39864670087487997	0.19946211890947985	-1	0.015491530334689863	0.15395021894436112	0.08960648945621985	0.04317418187397515	-1	0.06760786943865993	0.0	0.2215525594552199	0.2225409144562298	0.1482991141162031	0.2886813434938721	0.23671407622747997	0.04674295549680407	0.23752031921289007	0.35632155829241996
t4003_1-157	0.595534626160657	0.2400280273381401	0.4328081394677301	0.622178552232554	0.21358704484036006	0.36995956457508195	0.17709414141966007	0.022090440545740053	-1	0.20606102912053004	0.375502778399581	0.13194606999900005	0.26472674132919505	-1	0.15394469001655997	0.2215525594552199	0.0	0.0009883550010099107	0.369851673571423	0.510233902949092	0.015161516772260075	0.268295514952024	0.45907287866811	0.13476899883720006
SEN3329_1-157	0.5965229811616669	0.24101638233915001	0.4318197844667202	0.6231669072335639	0.21457539984136997	0.37094791957609186	0.17610578641865016	0.023078795546749964	-1	0.20704938412153995	0.3764911334005909	0.13293442500000996	0.26571509633020496	-1	0.15493304501756988	0.2225409144562298	0.0009883550010099107	0.0	0.3708400285724329	0.5112222579501019	0.014173161771250165	0.2692838699530339	0.4600612336691199	0.13378064383619015
ETEC_3656_1-157	0.225682952589234	0.1298236462332829	0.8026598130391531	0.252326878661131	0.15626462873106295	0.00010789100365893312	0.5469458149910831	0.34776123302568296	-1	0.16379064445089297	0.0056511048281580045	0.23790560357242296	0.10512493224222796	-1	0.21590698355486304	0.1482991141162031	0.369851673571423	0.3708400285724329	0.0	0.14038222937766898	0.3850131903436831	0.10155615861939904	0.08922120509668696	0.5046206724086231
ETEC_3446_1-158	0.08530072321156501	0.2702058756109519	0.9430420424168221	0.11194464928346204	0.2966468581087319	0.14027433837401004	0.6873280443687521	0.48814346240335194	-1	0.30417287382856195	0.13473112454951097	0.37828783295009194	0.24550716161989694	-1	0.356289212932532	0.2886813434938721	0.510233902949092	0.5112222579501019	0.14038222937766898	0.0	0.5253954197213521	0.24193838799706802	0.051161024280982015	0.645002901786292
BN373_44141_1-157	0.6106961429329171	0.2551895441104002	0.41764662269547004	0.6373400690048141	0.22874856161262014	0.385121081347342	0.1619326246474	0.03725195731800013	-1	0.2212225458927901	0.3906642951718411	0.14710758677126012	0.2798882581014551	-1	0.16910620678882005	0.23671407622747997	0.015161516772260075	0.014173161771250165	0.3850131903436831	0.5253954197213521	0.0	0.28345703172428405	0.47423439544037005	0.11960748206493999
ROD_44181_1-157	0.327239111208633	0.028267487613883868	0.7011036544197541	0.35388303728053006	0.05470847011166391	0.10166404962305797	0.44538965637168404	0.24620507440628392	-1	0.062234485831493935	0.10720726344755704	0.13634944495302392	0.0035687736228289246	-1	0.114350824935464	0.04674295549680407	0.268295514952024	0.2692838699530339	0.10155615861939904	0.24193838799706802	0.28345703172428405	0.0	0.190777363716086	0.40306451378922403
NCTC13441_00293_1-157	0.13646174749254703	0.21904485132996987	0.8918810181358401	0.16310567356444405	0.2454858338277499	0.08911331409302803	0.63616702008777	0.4369824381223699	-1	0.25301184954757994	0.08357010026852896	0.3271268086691099	0.19434613733891493	-1	0.30512818865155	0.23752031921289007	0.45907287866811	0.4600612336691199	0.08922120509668696	0.051161024280982015	0.47423439544037005	0.190777363716086	0.0	0.59384187750531
BN373_42411_1-158	0.7303036249978571	0.37479702617534016	0.29803914063053005	0.7569475510697541	0.3483560436775601	0.504728563412282	0.04232514258246001	0.1568594393829401	-1	0.3408300279577301	0.5102717772367811	0.2667150688362001	0.3994957401663951	-1	0.28871368885376003	0.35632155829241996	0.13476899883720006	0.13378064383619015	0.5046206724086231	0.645002901786292	0.11960748206493999	0.40306451378922403	0.59384187750531	0.0
