ROD_00871_1-135	0.0	0.46248058825648225	0.41157220246242343	0.41629203069105286	0.5550628828134203	0.36667285148747203	0.16385889742642024	-1	0.3038483665735254	0.5829996068119693	0.27101199458657144	0.389510997834579	0.7890075383917285	0.7685152438529146
NCTC13441_03904_18-152	0.46248058825648225	0.0	0.08651594300455835	0.07912956477211043	0.17223990898604907	0.6595743636903464	0.357142699851648	-1	0.6258049835163123	0.22421333243494804	0.6081547961620936	0.11952646184137326	0.8865874561540051	0.5693462392432806
SEN0120_18-152	0.41157220246242343	0.08651594300455835	0.0	0.00802108304261066	0.2438543538416601	0.6273327008800196	0.2962577778721321	-1	0.5903650275906732	0.29133124754970235	0.5710431935432653	0.03613694030456366	0.8758461705188132	0.6066046554636079
ETEC_0079_18-152	0.41629203069105286	0.07912956477211043	0.00802108304261066	0.0	0.23774020472370552	0.6303218962335264	0.3019025526764111	-1	0.5936507437215259	0.2856009937953765	0.5744838917095478	0.04386816594808555	0.8768420186951399	0.6034236838994326
STMMW_01251_18-152	0.5550628828134203	0.17223990898604907	0.2438543538416601	0.23774020472370552	0.0	0.7182092443048391	0.46786838272021736	-1	0.6902562990984958	0.06278802760982954	0.6756461784077544	0.2711791439184397	0.9061216223839156	0.4797360184045632
STM_MW01251_18-152	0.36667285148747203	0.6595743636903464	0.6273327008800196	0.6303218962335264	0.7182092443048391	0.0	0.47044913975295355	-1	0.09024540329629496	0.7359023300536216	0.13122418502160232	0.6133607410603155	0.6668507546158069	0.8533944194652485
ENC_45930_18-152	0.16385889742642024	0.357142699851648	0.2962577778721321	0.3019025526764111	0.46786838272021736	0.47044913975295355	0.0	-1	0.41791900566838897	0.5012798773980436	0.39046316539070114	0.2698732303837456	0.8235805305161462	0.7231510860612012
b0081_18-152	-1	-1	-1	-1	-1	-1	-1	-1	-1	-1	-1	-1	-1	-1
BN373_05741_18-152	0.3038483665735254	0.6258049835163123	0.5903650275906732	0.5936507437215259	0.6902562990984958	0.09024540329629496	0.41791900566838897	-1	0.0	0.7097044951426703	0.045043775402493096	0.5750070839536435	0.6969159426233598	0.8388515088948774
ERS227112_02422_18-152	0.5829996068119693	0.22421333243494804	0.29133124754970235	0.2856009937953765	0.06278802760982954	0.7359023300536216	0.5012798773980436	-1	0.7097044951426703	0.0	0.696011715113242	0.31694036795270836	0.9120160605496405	0.4448812041222561
Ecoli9000q_41330_18-152	0.27101199458657144	0.6081547961620936	0.5710431935432653	0.5744838917095478	0.6756461784077544	0.13122418502160232	0.39046316539070114	-1	0.045043775402493096	0.696011715113242	0.0	0.5549608399845954	0.7105679928319095	0.8312503893327224
SL1344_0119_18-152	0.389510997834579	0.11952646184137326	0.03613694030456366	0.04386816594808555	0.2711791439184397	0.6133607410603155	0.2698732303837456	-1	0.5750070839536435	0.31694036795270836	0.5549608399845954	0.0	0.8711914226483405	0.6208207595452127
t0123_18-152	0.7890075383917285	0.8865874561540051	0.8758461705188132	0.8768420186951399	0.9061216223839156	0.6668507546158069	0.8235805305161462	-1	0.6969159426233598	0.9120160605496405	0.7105679928319095	0.8711914226483405	0.0	0.951158461475736
CS17_00081_18-152	0.7685152438529146	0.5693462392432806	0.6066046554636079	0.6034236838994326	0.4797360184045632	0.8533944194652485	0.7231510860612012	-1	0.8388515088948774	0.4448812041222561	0.8312503893327224	0.6208207595452127	0.951158461475736	0.0
