STMMW_08531_1-302	0.0	0.4651700408764251	0.4080243333301381	0.0535086423653901	0.3089390626699451	0.15552651815150909	0.008513881152729885	-1	0.31185270785952013	0.4122716305704581	0.20404438272224212	0.34526553531891413
SEN0747_1-302	0.4651700408764251	0.0	0.057145707546287006	0.411661398511035	0.15623097820648002	0.309643522724916	0.473683922029155	-1	0.15331733301690498	0.05289841030596698	0.261125658154183	0.11990450555751098
t2086_1-302	0.4080243333301381	0.057145707546287006	0.0	0.354515690964748	0.09908527066019301	0.252497815178629	0.416538214482868	-1	0.09617162547061797	0.004247297240320025	0.20397995060789598	0.06275879801122397
SL1344_0777_1-302	0.0535086423653901	0.411661398511035	0.354515690964748	0.0	0.255430420304555	0.10201787578611898	0.06202252351811999	-1	0.25834406549413	0.358762988205068	0.15053574035685202	0.291756892953524
ERS227112_03244_1-301	0.3089390626699451	0.15623097820648002	0.09908527066019301	0.255430420304555	0.0	0.153412544518436	0.31745294382267497	-1	0.0029136451895750426	0.10333256790051304	0.10489467994770296	0.036326472648969044
BN373_13721_1-301	0.15552651815150909	0.309643522724916	0.252497815178629	0.10201787578611898	0.153412544518436	0.0	0.16404039930423897	-1	0.15632618970801104	0.25674511241894904	0.04851786457073304	0.18973901716740504
CS17_00839_1-302	0.008513881152729885	0.473683922029155	0.416538214482868	0.06202252351811999	0.31745294382267497	0.16404039930423897	0.0	-1	0.32036658901225	0.420785511723188	0.212558263874972	0.353779416471644
b0780_1-302	-1	-1	-1	-1	-1	-1	-1	-1	-1	-1	-1	-1
NCTC13441_03214_1-302	0.31185270785952013	0.15331733301690498	0.09617162547061797	0.25834406549413	0.0029136451895750426	0.15632618970801104	0.32036658901225	-1	0.0	0.100418922710938	0.107808325137278	0.033412827459394
STM_MW08531_1-302	0.4122716305704581	0.05289841030596698	0.004247297240320025	0.358762988205068	0.10333256790051304	0.25674511241894904	0.420785511723188	-1	0.100418922710938	0.0	0.208227247848216	0.067006095251544
ETEC_0845_1-302	0.20404438272224212	0.261125658154183	0.20397995060789598	0.15053574035685202	0.10489467994770296	0.04851786457073304	0.212558263874972	-1	0.107808325137278	0.208227247848216	0.0	0.141221152596672
ROD_07811_1-302	0.34526553531891413	0.11990450555751098	0.06275879801122397	0.291756892953524	0.036326472648969044	0.18973901716740504	0.353779416471644	-1	0.033412827459394	0.067006095251544	0.141221152596672	0.0
