CS17_04486_1-229	0.0	0.022134750978225037	-1	0.29020227487487515	0.12148566294582563	0.3602798441824615	0.3745467641029079	1.1524203683570662	0.2472494975172912	0.10535612992197985	0.046170061395446105
NCTC13441_04473_1-229	0.022134750978225037	0.0	-1	0.2680675238966501	0.14362041392405067	0.38241459516068654	0.35241201312468284	1.1745551193352912	0.26938424849551623	0.12749088090020488	0.06830481237367114
b4021_1-229	-1	-1	-1	-1	-1	-1	-1	-1	-1	-1	-1
ROD_37351_1-230	0.29020227487487515	0.2680675238966501	-1	0.0	0.4116879378207008	0.6504821190573367	0.08434448922803273	1.4426226432319413	0.5374517723921663	0.395558404796855	0.33637233627032126
SL1344_4125_1-229	0.12148566294582563	0.14362041392405067	-1	0.4116879378207008	0.0	0.23879418123663587	0.4960324270487335	1.0309347054112405	0.12576383457146556	0.016129533023845788	0.07531560155037953
Ecoli9000q_36420_1-229	0.3602798441824615	0.38241459516068654	-1	0.6504821190573367	0.23879418123663587	0.0	0.7348266082853694	0.7921405241746048	0.11303034666517031	0.25492371426048166	0.3141097827870154
ETEC_4276_1-229	0.3745467641029079	0.35241201312468284	-1	0.08434448922803273	0.4960324270487335	0.7348266082853694	0.0	1.526967132459974	0.6217962616201991	0.4799028940248877	0.420716825498354
SEN3973_1-228	1.1524203683570662	1.1745551193352912	-1	1.4426226432319413	1.0309347054112405	0.7921405241746048	1.526967132459974	0.0	0.9051708708397751	1.0470642384350863	1.10625030696162
STM_MW41391_1-229	0.2472494975172912	0.26938424849551623	-1	0.5374517723921663	0.12576383457146556	0.11303034666517031	0.6217962616201991	0.9051708708397751	0.0	0.14189336759531135	0.2010794361218451
STMMW_41391_1-229	0.10535612992197985	0.12749088090020488	-1	0.395558404796855	0.016129533023845788	0.25492371426048166	0.4799028940248877	1.0470642384350863	0.14189336759531135	0.0	0.05918606852653374
t4117_1-229	0.046170061395446105	0.06830481237367114	-1	0.33637233627032126	0.07531560155037953	0.3141097827870154	0.420716825498354	1.10625030696162	0.2010794361218451	0.05918606852653374	0.0
