ERS227112_05352_1-168	0.0	0.41282183365751496	0.5449989486313469	0.49511488250617003	0.33830050670403006	0.9486269816642021	0.332207018893556	0.464714579659316	0.7323997521589021	0.071926627828868	0.7114102443821722	0.278274983783708	-1
SEN1351_1-168	0.41282183365751496	0.0	0.132177114973832	0.08229304884865507	0.0745213269534849	0.5358051480066871	0.08061481476395893	0.05189274600180105	0.31957791850138706	0.48474846148638295	0.29858841072465714	0.13454684987380694	-1
ROD_16781_1-168	0.5449989486313469	0.132177114973832	0.0	0.04988406612517693	0.2066984419273169	0.4036280330328551	0.21279192973779093	0.08028436897203095	0.18740080352755506	0.616925576460215	0.16641129575082514	0.26672396484763894	-1
ENC_08850_1-168	0.49511488250617003	0.08229304884865507	0.04988406612517693	0.0	0.15681437580213997	0.45351209915803203	0.162907863612614	0.03040030284685402	0.237284869652732	0.567041510335038	0.21629536187600207	0.216839898722462	-1
ETEC_1428_1-168	0.33830050670403006	0.0745213269534849	0.2066984419273169	0.15681437580213997	0.0	0.610326474960172	0.00609348781047403	0.12641407295528595	0.39409924545487196	0.41022713453289805	0.37310973767814204	0.06002552292032204	-1
t1586_1-168	0.9486269816642021	0.5358051480066871	0.4036280330328551	0.45351209915803203	0.610326474960172	0.0	0.616419962770646	0.48391240200488606	0.21622722950530004	1.02055360949307	0.23721673728202997	0.670351997880494	-1
NCTC13441_02441_1-168	0.332207018893556	0.08061481476395893	0.21279192973779093	0.162907863612614	0.00609348781047403	0.616419962770646	0.0	0.13250756076575998	0.400192733265346	0.404133646722424	0.37920322548861607	0.05393203510984801	-1
BN373_19341_1-168	0.464714579659316	0.05189274600180105	0.08028436897203095	0.03040030284685402	0.12641407295528595	0.48391240200488606	0.13250756076575998	0.0	0.267685172499586	0.536641207488184	0.2466956647228561	0.186439595875608	-1
SL1344_1612_1-168	0.7323997521589021	0.31957791850138706	0.18740080352755506	0.237284869652732	0.39409924545487196	0.21622722950530004	0.400192733265346	0.267685172499586	0.0	0.80432637998777	0.02098950777672992	0.454124768375194	-1
STM_MW16771_1-168	0.071926627828868	0.48474846148638295	0.616925576460215	0.567041510335038	0.41022713453289805	1.02055360949307	0.404133646722424	0.536641207488184	0.80432637998777	0.0	0.7833368722110401	0.350201611612576	-1
CS17_01510_1-168	0.7114102443821722	0.29858841072465714	0.16641129575082514	0.21629536187600207	0.37310973767814204	0.23721673728202997	0.37920322548861607	0.2466956647228561	0.02098950777672992	0.7833368722110401	0.0	0.4331352605984641	-1
STMMW_16771_1-168	0.278274983783708	0.13454684987380694	0.26672396484763894	0.216839898722462	0.06002552292032204	0.670351997880494	0.05393203510984801	0.186439595875608	0.454124768375194	0.350201611612576	0.4331352605984641	0.0	-1
b1324_1-168	-1	-1	-1	-1	-1	-1	-1	-1	-1	-1	-1	-1	-1
