t3124_1-410	0.0	0.07559523858971232	0.0031473497649040644	0.011708896178072623	0.01607098784109988	-1	0.1835389596255873	0.007950234003843357	0.047139061085125396	0.07117159737685369	0.01579975956028109	0.03751810714006957
BN373_41131_1-410	0.07559523858971232	0.0	0.07244788882480824	0.08730413476778492	0.09166622643081218	-1	0.10794372103587499	0.08354547259355566	0.028456177504586913	0.004423641212858612	0.05979547902943122	0.03807713144964274
STMMW_31651_1-410	0.0031473497649040644	0.07244788882480824	0.0	0.014856245942976687	0.019218337606003943	-1	0.18039160986068323	0.011097583768747421	0.04399171132022133	0.06802424761194964	0.012652409795377025	0.034370757375165505
SL1344_3177_1-410	0.011708896178072623	0.08730413476778492	0.014856245942976687	0.0	0.004362091663027257	-1	0.19524785580365991	0.003758662174229266	0.05884795726319802	0.08288049355492633	0.02750865573835371	0.04922700331814219
STM_MW31651_1-410	0.01607098784109988	0.09166622643081218	0.019218337606003943	0.004362091663027257	0.0	-1	0.19960994746668717	0.008120753837256522	0.06321004892622528	0.08724258521795358	0.03187074740138097	0.05358909498116945
b3056_1-410	-1	-1	-1	-1	-1	-1	-1	-1	-1	-1	-1	-1
CS17_03486_1-410	0.1835389596255873	0.10794372103587499	0.18039160986068323	0.19524785580365991	0.19960994746668717	-1	0.0	0.19148919362943065	0.13639989854046192	0.1123673622487336	0.1677392000653062	0.14602085248551772
SEN3046_1-410	0.007950234003843357	0.08354547259355566	0.011097583768747421	0.003758662174229266	0.008120753837256522	-1	0.19148919362943065	0.0	0.05508929508896875	0.07912183138069706	0.023749993564124446	0.045468341143912926
ERS227112_01146_1-410	0.047139061085125396	0.028456177504586913	0.04399171132022133	0.05884795726319802	0.06321004892622528	-1	0.13639989854046192	0.05508929508896875	0.0	0.0240325362917283	0.03133930152484431	0.009620953945055827
ETEC_3327_1-410	0.07117159737685369	0.004423641212858612	0.06802424761194964	0.08288049355492633	0.08724258521795358	-1	0.1123673622487336	0.07912183138069706	0.0240325362917283	0.0	0.05537183781657261	0.03365349023678413
NCTC13441_00636_1-410	0.01579975956028109	0.05979547902943122	0.012652409795377025	0.02750865573835371	0.03187074740138097	-1	0.1677392000653062	0.023749993564124446	0.03133930152484431	0.05537183781657261	0.0	0.02171834757978848
ROD_36001_1-410	0.03751810714006957	0.03807713144964274	0.034370757375165505	0.04922700331814219	0.05358909498116945	-1	0.14602085248551772	0.045468341143912926	0.009620953945055827	0.03365349023678413	0.02171834757978848	0.0
