Ecoli9000q_1470_1-84	0.0	-1	0.4690813693521767	0.32441090889883173	0.5315524027935434	1.5066114627771152	0.8116677185076226	0.7674181915614497	0.4888627039751705	0.7482828606507036	0.9260106815616161	0.42657122704335937	0.3557313818428929	0.18241452493253743	0.698025911510374	1.2658543807784264	-1	0.10005602353443613	0.1642532955657978	1.2504681758244387	1.3174521551981917	0.1080563677930069	0.5883348794098271	0.36749122699910197
b1195_1-84	-1	-1	-1	-1	-1	-1	-1	-1	-1	-1	-1	-1	-1	-1	-1	-1	-1	-1	-1	-1	-1	-1	-1	-1
SEN1777_1-82	0.4690813693521767	-1	0.0	0.14467046045334503	0.06247103344136673	1.0375300934249383	0.34258634915544595	0.29833682220927304	0.019781334622993807	0.2792014912985269	0.45692931220943944	0.042510142308817334	0.11334998750928388	0.2866668444196393	0.22894454215819726	0.7967730114262496	-1	0.3690253458177406	0.30482807378637894	0.7813868064722619	0.8483707858460149	0.36102500155916983	0.11925351005765039	0.10159014235307473
STMMW_17891_1-84	0.32441090889883173	-1	0.14467046045334503	0.0	0.20714149389471176	1.1822005538782834	0.487256809608791	0.4430072826626181	0.16445179507633884	0.4238719517518719	0.6015997726627844	0.1021603181445277	0.03132047294406115	0.14199638396629427	0.3736150026115423	0.9414434718795945	-1	0.22435488536439557	0.1601576133330339	0.9260572669256069	0.9930412462993599	0.2163545411058248	0.2639239705109954	0.0430803181002703
ROD_12571_1-82	0.5315524027935434	-1	0.06247103344136673	0.20714149389471176	0.0	0.9750590599835717	0.2801153157140792	0.23586578876790631	0.04268969881837292	0.21673045785716016	0.3944582787680727	0.10498117575018406	0.1758210209506506	0.34913787786100603	0.16647350871683053	0.7343019779848828	-1	0.43149637925910733	0.36729910722774567	0.7189157730308952	0.7858997524046482	0.42349603500053656	0.05678247661628366	0.16406117579444146
ETEC_1827_1-82	1.5066114627771152	-1	1.0375300934249383	1.1822005538782834	0.9750590599835717	0.0	0.6949437442694925	0.7391932712156654	1.0177487588019445	0.7583286021264115	0.580600781215499	1.0800402357337557	1.1508800809342223	1.3241969378445777	0.8085855512667411	0.24075708199868884	-1	1.4065554392426791	1.3423581672113174	0.2561432869526765	0.18915930757892352	1.3985550949841081	0.918276583367288	1.1391202357780132
ETEC_1299_1-84	0.8116677185076226	-1	0.34258634915544595	0.487256809608791	0.2801153157140792	0.6949437442694925	0.0	0.0442495269461729	0.32280501453245214	0.06338485785691905	0.1143429630539935	0.3850964914642633	0.4559363366647298	0.6292531935750852	0.11364180699724868	0.4541866622708036	-1	0.7116116949731865	0.6474144229418248	0.43880045731681594	0.5057844366905689	0.7036113507146158	0.22333283909779555	0.4441764915085207
t1080_1-84	0.7674181915614497	-1	0.29833682220927304	0.4430072826626181	0.23586578876790631	0.7391932712156654	0.0442495269461729	0.0	0.27855548758627924	0.01913533091074615	0.1585924900001664	0.3408469645180904	0.4116868097185569	0.5850036666289123	0.06939228005107578	0.4984361892169765	-1	0.6673621680270136	0.6031648959956519	0.48304998426298884	0.5500339636367418	0.6593618237684429	0.17908331215162265	0.3999269645623478
SL1344_1725_1-84	0.4888627039751705	-1	0.019781334622993807	0.16445179507633884	0.04268969881837292	1.0177487588019445	0.32280501453245214	0.27855548758627924	0.0	0.2594201566755331	0.43714797758644564	0.06229147693181114	0.13313132213227769	0.3064481790426331	0.20916320753520345	0.7769916768032558	-1	0.3888066804407344	0.32460940840937275	0.7616054718492681	0.8285894512230211	0.38080633618216364	0.09947217543465658	0.12137147697606854
ROD_18231_1-84	0.7482828606507036	-1	0.2792014912985269	0.4238719517518719	0.21673045785716016	0.7583286021264115	0.06338485785691905	0.01913533091074615	0.2594201566755331	0.0	0.17772782091091255	0.3217116336073442	0.39255147880781077	0.5658683357181662	0.05025694914032963	0.5175715201277227	-1	0.6482268371162675	0.5840295650849059	0.502185315173735	0.569169294547488	0.6402264928576967	0.1599479812408765	0.3807916336516016
BN373_27421_1-82	0.9260106815616161	-1	0.45692931220943944	0.6015997726627844	0.3944582787680727	0.580600781215499	0.1143429630539935	0.1585924900001664	0.43714797758644564	0.17772782091091255	0.0	0.4994394545182568	0.5702792997187234	0.7435961566290787	0.22798477005124218	0.3398436992168101	-1	0.82595465802718	0.7617573859958184	0.32445749426282244	0.39144147363657544	0.8179543137686093	0.33767580215178905	0.5585194545625142
SEN1240_1-84	0.42657122704335937	-1	0.042510142308817334	0.1021603181445277	0.10498117575018406	1.0800402357337557	0.3850964914642633	0.3408469645180904	0.06229147693181114	0.3217116336073442	0.4994394545182568	0.0	0.07083984520046654	0.24415670211082197	0.2714546844670146	0.8392831537350669	-1	0.32651520350892327	0.2623179314775616	0.8238969487810792	0.8908809281548322	0.3185148592503525	0.16176365236646773	0.0590800000442574
NCTC13441_02684_1-84	0.3557313818428929	-1	0.11334998750928388	0.03132047294406115	0.1758210209506506	1.1508800809342223	0.4559363366647298	0.4116868097185569	0.13313132213227769	0.39255147880781077	0.5702792997187234	0.07083984520046654	0.0	0.17331685691035542	0.34229452966748114	0.9101229989355335	-1	0.2556753583084567	0.19147808627709506	0.8947367939815458	0.9617207733552988	0.24767501404988596	0.23260349756693427	0.011759845156209148
STM_MW12811_1-83	0.18241452493253743	-1	0.2866668444196393	0.14199638396629427	0.34913787786100603	1.3241969378445777	0.6292531935750852	0.5850036666289123	0.3064481790426331	0.5658683357181662	0.7435961566290787	0.24415670211082197	0.17331685691035542	0.0	0.5156113865778366	1.0834398558458889	-1	0.0823585013981013	0.01816122936673964	1.0680536508919012	1.1350376302656542	0.07435815713953053	0.4059203544772897	0.18507670206656457
CS17_01372_1-84	0.698025911510374	-1	0.22894454215819726	0.3736150026115423	0.16647350871683053	0.8085855512667411	0.11364180699724868	0.06939228005107578	0.20916320753520345	0.05025694914032963	0.22798477005124218	0.2714546844670146	0.34229452966748114	0.5156113865778366	0.0	0.5678284692680523	-1	0.5979698879759379	0.5337726159445761	0.5524422643140646	0.6194262436878176	0.5899695437173671	0.10969103210054687	0.330534684511272
NCTC13441_02086_1-83	1.2658543807784264	-1	0.7967730114262496	0.9414434718795945	0.7343019779848828	0.24075708199868884	0.4541866622708036	0.4984361892169765	0.7769916768032558	0.5175715201277227	0.3398436992168101	0.8392831537350669	0.9101229989355335	1.0834398558458889	0.5678284692680523	0.0	-1	1.16579835724399	1.1016010852126286	0.015386204953987681	0.05159777441976532	1.1577980129854195	0.6775195013685992	0.8983631537793243
b1795_1-82	-1	-1	-1	-1	-1	-1	-1	-1	-1	-1	-1	-1	-1	-1	-1	-1	-1	-1	-1	-1	-1	-1	-1	-1
STM_MW17891_1-84	0.10005602353443613	-1	0.3690253458177406	0.22435488536439557	0.43149637925910733	1.4065554392426791	0.7116116949731865	0.6673621680270136	0.3888066804407344	0.6482268371162675	0.82595465802718	0.32651520350892327	0.2556753583084567	0.0823585013981013	0.5979698879759379	1.16579835724399	-1	0.0	0.06419727203136166	1.1504121522900026	1.2173961316637554	0.008000344258570768	0.488278855875391	0.26743520346466587
STMMW_12811_1-82	0.1642532955657978	-1	0.30482807378637894	0.1601576133330339	0.36729910722774567	1.3423581672113174	0.6474144229418248	0.6031648959956519	0.32460940840937275	0.5840295650849059	0.7617573859958184	0.2623179314775616	0.19147808627709506	0.01816122936673964	0.5337726159445761	1.1016010852126286	-1	0.06419727203136166	0.0	1.0862148802586409	1.1531988596323939	0.056196927772790894	0.42408158384402933	0.2032379314333042
CS17_01981_1-83	1.2504681758244387	-1	0.7813868064722619	0.9260572669256069	0.7189157730308952	0.2561432869526765	0.43880045731681594	0.48304998426298884	0.7616054718492681	0.502185315173735	0.32445749426282244	0.8238969487810792	0.8947367939815458	1.0680536508919012	0.5524422643140646	0.015386204953987681	-1	1.1504121522900026	1.0862148802586409	0.0	0.066983979373753	1.1424118080314316	0.6621332964146115	0.8829769488253366
ERS227112_04518_1-83	1.3174521551981917	-1	0.8483707858460149	0.9930412462993599	0.7858997524046482	0.18915930757892352	0.5057844366905689	0.5500339636367418	0.8285894512230211	0.569169294547488	0.39144147363657544	0.8908809281548322	0.9617207733552988	1.1350376302656542	0.6194262436878176	0.05159777441976532	-1	1.2173961316637554	1.1531988596323939	0.066983979373753	0.0	1.2093957874051848	0.7291172757883645	0.9499609281990896
SL1344_1210_1-82	0.1080563677930069	-1	0.36102500155916983	0.2163545411058248	0.42349603500053656	1.3985550949841081	0.7036113507146158	0.6593618237684429	0.38080633618216364	0.6402264928576967	0.8179543137686093	0.3185148592503525	0.24767501404988596	0.07435815713953053	0.5899695437173671	1.1577980129854195	-1	0.008000344258570768	0.056196927772790894	1.1424118080314316	1.2093957874051848	0.0	0.4802785116168202	0.2594348592060951
t1153_1-82	0.5883348794098271	-1	0.11925351005765039	0.2639239705109954	0.05678247661628366	0.918276583367288	0.22333283909779555	0.17908331215162265	0.09947217543465658	0.1599479812408765	0.33767580215178905	0.16176365236646773	0.23260349756693427	0.4059203544772897	0.10969103210054687	0.6775195013685992	-1	0.488278855875391	0.42408158384402933	0.6621332964146115	0.7291172757883645	0.4802785116168202	0.0	0.22084365241072512
ENC_14960_1-82	0.36749122699910197	-1	0.10159014235307473	0.0430803181002703	0.16406117579444146	1.1391202357780132	0.4441764915085207	0.3999269645623478	0.12137147697606854	0.3807916336516016	0.5585194545625142	0.0590800000442574	0.011759845156209148	0.18507670206656457	0.330534684511272	0.8983631537793243	-1	0.26743520346466587	0.2032379314333042	0.8829769488253366	0.9499609281990896	0.2594348592060951	0.22084365241072512	0.0
