BN373_25591_1-373	0.0	0.04013702699434326	0.12165317984920597	0.1806554456667184	-1	0.014757795575875896	0.1134796891594425	0.3988355662769835	0.7176623665402294	0.08299681687571933	0.02208534474828799	0.35725277487367685	0.4562047846634946
ENC_13110_1-373	0.04013702699434326	0.0	0.08492478108579182	0.21354150016166146	-1	0.05430248853081323	0.07640951284477457	0.4229645193813633	0.7289945597559232	0.11980259839067728	0.01845936365623729	0.3830507375991113	0.4334657856071914
CS17_01819_1-370	0.12165317984920597	0.08492478108579182	0.0	0.2803313160934926	-1	0.13461564266571202	0.00921974442076093	0.4719691312516357	0.75200963744171	0.1945531700346318	0.10181648732454014	0.43544501864954754	0.3808878191838311
SEN1601_1-373	0.1806554456667184	0.21354150016166146	0.2803313160934926	0.0	-1	0.16838260617125103	0.27363441100694114	0.2662861667370244	0.6554103741013879	0.10649758974474952	0.19875095261680129	0.21553487879181615	0.5544443516415402
b1640_1-369	-1	-1	-1	-1	-1	-1	-1	-1	-1	-1	-1	-1	-1
ETEC_1675_1-369	0.014757795575875896	0.05430248853081323	0.13461564266571202	0.16838260617125103	-1	0.0	0.1265627746806894	0.38983081416574294	0.7134332733697726	0.06926116339050789	0.0365172093211459	0.3476251603512965	0.46423000328657016
SL1344_1378_1-373	0.1134796891594425	0.07640951284477457	0.00921974442076093	0.27363441100694114	-1	0.1265627746806894	0.0	0.4670555193495837	0.7497019534232567	0.18705805305488202	0.09345840551661423	0.4301915301891062	0.3865958752587361
STMMW_14491_1-373	0.3988355662769835	0.4229645193813633	0.4719691312516357	0.2662861667370244	-1	0.38983081416574294	0.4670555193495837	0.0	0.530348740508065	0.3444249215419123	0.4121124900461657	0.06469540400603696	0.673089657310944
STM_MW14491_1-373	0.7176623665402294	0.7289945597559232	0.75200963744171	0.6554103741013879	-1	0.7134332733697726	0.7497019534232567	0.530348740508065	0.0	0.6921083387106349	0.7238978905106042	0.5607330184828399	0.8464661458151447
NCTC13441_02241_1-370	0.08299681687571933	0.11980259839067728	0.1945531700346318	0.10649758974474952	-1	0.06926116339050789	0.18705805305488202	0.3444249215419123	0.6921083387106349	0.0	0.10324914831029654	0.2990785234393105	0.5013380565686709
ERS227112_04696_1-373	0.02208534474828799	0.01845936365623729	0.10181648732454014	0.19875095261680129	-1	0.0365172093211459	0.09345840551661423	0.4121124900461657	0.7238978905106042	0.10324914831029654	0.0	0.37144806892659715	0.44392364669436896
t1314_1-373	0.35725277487367685	0.3830507375991113	0.43544501864954754	0.21553487879181615	-1	0.3476251603512965	0.4301915301891062	0.06469540400603696	0.5607330184828399	0.2990785234393105	0.37144806892659715	0.0	0.6504771343054898
ROD_14271_1-373	0.4562047846634946	0.4334657856071914	0.3808878191838311	0.5544443516415402	-1	0.46423000328657016	0.3865958752587361	0.673089657310944	0.8464661458151447	0.5013380565686709	0.44392364669436896	0.6504771343054898	0.0
