ETEC_0348_7-235	0.0	0.453062831105263	0.500610697613543	0.509541107014142	0.811114136016596	0.7338996268222341	0.506078506616918	1.3253964551650201	5.59907413412879	5.59907413412879	0.5933820055319691	0.39953334728613	0.1919820789848099	1.35339377075114	0.052659048621910065	1.3879068189386543	0.41831927381347	0.43775876830319504	0.22113787363344994	2.82408226143004
ERS227112_02642_1-223	0.453062831105263	0.0	0.04754786650828002	0.056478275908878994	0.35805130491133297	0.28083679571697107	0.05301567551165498	1.7784592862702833	6.052136965234053	6.052136965234053	0.14031917442670605	0.05352948381913303	0.6450449100900729	1.8064566018564032	0.5057218797271731	0.9348439878333913	0.034743557291793015	0.015304062802067975	0.23192495747181308	3.2771450925353034
ERS227112_02645_6-234	0.500610697613543	0.04754786650828002	0.0	0.008930409400598971	0.31050343840305294	0.23328892920869104	0.005467809003374957	1.8260071527785633	6.099684831742333	6.099684831742333	0.09277130791842603	0.10107735032741305	0.6925927765983529	1.8540044683646832	0.5532697462354531	0.8872961213251113	0.08229142380007304	0.062851929310348	0.2794728239800931	3.3246929590435834
ETEC_0351_1-222	0.509541107014142	0.056478275908878994	0.008930409400598971	0.0	0.301573029002454	0.22435851980809207	0.003462600397224014	1.8349375621791622	6.108615241142932	6.108615241142932	0.08384089851782706	0.11000775972801202	0.7015231859989519	1.862934877765282	0.5622001556360521	0.8783657119245123	0.09122183320067201	0.07178233871094697	0.28840323338069207	3.333623368444182
ENC_03190_1-217	0.811114136016596	0.35805130491133297	0.31050343840305294	0.301573029002454	0.0	0.0772145091943619	0.305035629399678	2.136510591181616	6.410188270145386	6.410188270145386	0.21773213048462692	0.411580788730466	1.0030962150014058	2.164507906767736	0.863773184638506	0.5767926829220583	0.392794862203126	0.37335536771340094	0.589976262383146	3.635196397446636
BN373_07801_1-222	0.7338996268222341	0.28083679571697107	0.23328892920869104	0.22435851980809207	0.0772145091943619	0.0	0.22782112020531609	2.059296081987254	6.332973760951024	6.332973760951024	0.14051762129026502	0.3343662795361041	0.925881705807044	2.087293397573374	0.7865586754441442	0.6540071921164202	0.3155803530087641	0.29614085851903904	0.5127617531887841	3.5579818882522742
CS17_00337_1-223	0.506078506616918	0.05301567551165498	0.005467809003374957	0.003462600397224014	0.305035629399678	0.22782112020531609	0.0	1.8314749617819381	6.1051526407457075	6.1051526407457075	0.08730349891505107	0.10654515933078801	0.6980605856017279	1.859472277368058	0.5587375552388281	0.8818283123217363	0.087759232803448	0.06831973831372296	0.28494063298346806	3.3301607680469583
t2550_3-226	1.3253964551650201	1.7784592862702833	1.8260071527785633	1.8349375621791622	2.136510591181616	2.059296081987254	1.8314749617819381	0.0	4.27367767896377	4.27367767896377	1.918778460696989	1.7249298024511501	1.1334143761802102	0.027997315586119953	1.27273740654311	2.7133032741036747	1.7437157289784901	1.7631552234682153	1.54653432879847	1.4986858062650201
b0289_7-235	5.59907413412879	6.052136965234053	6.099684831742333	6.108615241142932	6.410188270145386	6.332973760951024	6.1051526407457075	4.27367767896377	0.0	0.0	6.192456139660759	5.99860748141492	5.4070920551439805	4.24568036337765	5.5464150855068794	6.9869809530674445	6.01739340794226	6.036832902431985	5.82021200776224	2.7749918726987497
b0292_1-222	5.59907413412879	6.052136965234053	6.099684831742333	6.108615241142932	6.410188270145386	6.332973760951024	6.1051526407457075	4.27367767896377	0.0	0.0	6.192456139660759	5.99860748141492	5.4070920551439805	4.24568036337765	5.5464150855068794	6.9869809530674445	6.01739340794226	6.036832902431985	5.82021200776224	2.7749918726987497
BN373_07831_6-234	0.5933820055319691	0.14031917442670605	0.09277130791842603	0.08384089851782706	0.21773213048462692	0.14051762129026502	0.08730349891505107	1.918778460696989	6.192456139660759	6.192456139660759	0.0	0.19384865824583908	0.785364084516779	1.946775776283109	0.6460410541538791	0.7945248134066852	0.17506273171849907	0.15562323722877403	0.3722441318985191	3.4174642669620092
ROD_29241_1-233	0.39953334728613	0.05352948381913303	0.10107735032741305	0.11000775972801202	0.411580788730466	0.3343662795361041	0.10654515933078801	1.7249298024511501	5.99860748141492	5.99860748141492	0.19384865824583908	0.0	0.5915154262709399	1.75292711803727	0.45219239590804006	0.9883734716525243	0.018785926527340013	0.03822542101706505	0.17839547365268005	3.2236156087161705
ENC_03220_1-225	0.1919820789848099	0.6450449100900729	0.6925927765983529	0.7015231859989519	1.0030962150014058	0.925881705807044	0.6980605856017279	1.1334143761802102	5.4070920551439805	5.4070920551439805	0.785364084516779	0.5915154262709399	0.0	1.1614116917663302	0.13932303036289984	1.5798888979234642	0.6103013527982799	0.629740847288005	0.41311995261825984	2.6321001824452304
ERS227112_02972_1-227	1.35339377075114	1.8064566018564032	1.8540044683646832	1.862934877765282	2.164507906767736	2.087293397573374	1.859472277368058	0.027997315586119953	4.24568036337765	4.24568036337765	1.946775776283109	1.75292711803727	1.1614116917663302	0.0	1.30073472212923	2.7413005896897946	1.77171304456461	1.7911525390543352	1.57453164438459	1.4706884906789002
ROD_29211_1-225	0.052659048621910065	0.5057218797271731	0.5532697462354531	0.5622001556360521	0.863773184638506	0.7865586754441442	0.5587375552388281	1.27273740654311	5.5464150855068794	5.5464150855068794	0.6460410541538791	0.45219239590804006	0.13932303036289984	1.30073472212923	0.0	1.4405658675605644	0.47097832243538007	0.4904178169251051	0.27379692225536	2.77142321280813
CS17_03527_7-232	1.3879068189386543	0.9348439878333913	0.8872961213251113	0.8783657119245123	0.5767926829220583	0.6540071921164202	0.8818283123217363	2.7133032741036747	6.9869809530674445	6.9869809530674445	0.7945248134066852	0.9883734716525243	1.5798888979234642	2.7413005896897946	1.4405658675605644	0.0	0.9695875451251843	0.9501480506354593	1.1667689453052044	4.211989080368695
NCTC13441_03681_7-235	0.41831927381347	0.034743557291793015	0.08229142380007304	0.09122183320067201	0.392794862203126	0.3155803530087641	0.087759232803448	1.7437157289784901	6.01739340794226	6.01739340794226	0.17506273171849907	0.018785926527340013	0.6103013527982799	1.77171304456461	0.47097832243538007	0.9695875451251843	0.0	0.01943949448972504	0.19718140018002006	3.24240153524351
CS17_00334_7-235	0.43775876830319504	0.015304062802067975	0.062851929310348	0.07178233871094697	0.37335536771340094	0.29614085851903904	0.06831973831372296	1.7631552234682153	6.036832902431985	6.036832902431985	0.15562323722877403	0.03822542101706505	0.629740847288005	1.7911525390543352	0.4904178169251051	0.9501480506354593	0.01943949448972504	0.0	0.2166208946697451	3.2618410297332354
NCTC13441_03678_1-223	0.22113787363344994	0.23192495747181308	0.2794728239800931	0.28840323338069207	0.589976262383146	0.5127617531887841	0.28494063298346806	1.54653432879847	5.82021200776224	5.82021200776224	0.3722441318985191	0.17839547365268005	0.41311995261825984	1.57453164438459	0.27379692225536	1.1667689453052044	0.19718140018002006	0.2166208946697451	0.0	3.04522013506349
ERS227112_02975_1-226	2.82408226143004	3.2771450925353034	3.3246929590435834	3.333623368444182	3.635196397446636	3.5579818882522742	3.3301607680469583	1.4986858062650201	2.7749918726987497	2.7749918726987497	3.4174642669620092	3.2236156087161705	2.6321001824452304	1.4706884906789002	2.77142321280813	4.211989080368695	3.24240153524351	3.2618410297332354	3.04522013506349	0.0
