ERS227112_00161_4-152	0.0	5.972439913043196	3.7233450962259838	5.89136451610669	-1	3.3683425355032317	3.804031000860852	3.3922174018288316	0.1968936235069183	5.292687650361565	4.822410531757663	4.825250893791473	5.308342725267761	3.980536102001475
CS17_03193_1-124	5.972439913043196	0.0	2.2490948168172125	0.08107539693650621	-1	2.6040973775399645	2.168408912182344	2.5802225112143646	5.775546289536278	0.6797522626816309	1.1500293812855331	1.1471890192517227	0.6640971877754355	1.991903811041721
Ecoli9000q_32620_1-152	3.7233450962259838	2.2490948168172125	0.0	2.1680194198807063	-1	0.35500256072275205	0.08068590463486824	0.3311276943971522	3.5264514727190654	1.5693425541355817	1.0990654355316793	1.1019057975654898	1.5849976290417769	0.25719100577549137
ETEC_3041_7-157	5.89136451610669	0.08107539693650621	2.1680194198807063	0.0	-1	2.5230219806034584	2.087333515245838	2.4991471142778585	5.694470892599772	0.5986768657451247	1.068953984349027	1.0661136223152166	0.5830217908389292	1.910828414105215
b2854_7-163	-1	-1	-1	-1	-1	-1	-1	-1	-1	-1	-1	-1	-1	-1
STM_MW28391_3-149	3.3683425355032317	2.6040973775399645	0.35500256072275205	2.5230219806034584	-1	0.0	0.4356884653576203	0.023874866325599875	3.1714489119963134	1.9243451148583337	1.4540679962544314	1.4569083582882418	1.940000189764529	0.6121935664982434
ENC_36100_1-132	3.804031000860852	2.168408912182344	0.08068590463486824	2.087333515245838	-1	0.4356884653576203	0.0	0.4118135990320204	3.6071373773539337	1.4886566495007134	1.018379530896811	1.0212198929306215	1.5043117244069086	0.17650510114062312
t2779_3-149	3.3922174018288316	2.5802225112143646	0.3311276943971522	2.4991471142778585	-1	0.023874866325599875	0.4118135990320204	0.0	3.1953237783219133	1.9004702485327338	1.4301931299288315	1.433033491962642	1.916125323438929	0.5883187001726435
ERS227112_05681_4-152	0.1968936235069183	5.775546289536278	3.5264514727190654	5.694470892599772	-1	3.1714489119963134	3.6071373773539337	3.1953237783219133	0.0	5.095794026854647	4.625516908250745	4.628357270284555	5.111449101760843	3.783642478494557
SL1344_2857_3-149	5.292687650361565	0.6797522626816309	1.5693425541355817	0.5986768657451247	-1	1.9243451148583337	1.4886566495007134	1.9004702485327338	5.095794026854647	0.0	0.4702771186039022	0.46743675657009176	0.015655074906195443	1.3121515483600903
t4248_7-158	4.822410531757663	1.1500293812855331	1.0990654355316793	1.068953984349027	-1	1.4540679962544314	1.018379530896811	1.4301931299288315	4.625516908250745	0.4702771186039022	0.0	0.0028403620338104396	0.48593219351009764	0.841874429756188
STMMW_28391_3-149	4.825250893791473	1.1471890192517227	1.1019057975654898	1.0661136223152166	-1	1.4569083582882418	1.0212198929306215	1.433033491962642	4.628357270284555	0.46743675657009176	0.0028403620338104396	0.0	0.4830918314762872	0.8447147917899984
ROD_30071_1-153	5.308342725267761	0.6640971877754355	1.5849976290417769	0.5830217908389292	-1	1.940000189764529	1.5043117244069086	1.916125323438929	5.111449101760843	0.015655074906195443	0.48593219351009764	0.4830918314762872	0.0	1.3278066232662855
SEN2719_3-149	3.980536102001475	1.991903811041721	0.25719100577549137	1.910828414105215	-1	0.6121935664982434	0.17650510114062312	0.5883187001726435	3.783642478494557	1.3121515483600903	0.841874429756188	0.8447147917899984	1.3278066232662855	0.0
