ROD_19161_1-247	0.0	0.2669101342392081	0.0003976545671131739	0.497853953465788	0.21193701082440095	0.2769771845718081	0.09391800479026834	0.361569408568339	0.2451090755274513	-1	0.10940630311984871	0.03979461767914702	0.5768169301686096
STM_MW18881_1-247	0.2669101342392081	0.0	0.2672016507724323	0.31502797953278094	0.06975727089063673	0.01373235506693643	0.19092326120981704	0.1291236978578263	0.028879746735582357	-1	0.17685262277412567	0.29608316517161604	0.42274052664441614
BN373_29701_1-247	0.0003976545671131739	0.2672016507724323	0.0	0.49805363413455017	0.21225038767121948	0.2772646978964901	0.09427831243384249	0.3618232834088066	0.24540926135124008	-1	0.1097604517708553	0.03941263572663251	0.576985210849053
SL1344_1840_1-247	0.497853953465788	0.31502797953278094	0.49805363413455017	0.0	0.3628097583170195	0.30549073166269486	0.44580507151786	0.21346806798815052	0.33480979800483435	-1	0.4361670778793007	0.5178366634067121	0.1572510174038416
ENC_06230_1-247	0.21193701082440095	0.06975727089063673	0.21225038767121948	0.3628097583170195	0.0	0.08253169434520247	0.13025201544460072	0.1898736519785939	0.04209316407277544	-1	0.11512624450827431	0.24329767618572967	0.4630085721014679
STMMW_18881_1-247	0.2769771845718081	0.01373235506693643	0.2772646978964901	0.30549073166269486	0.08253169434520247	0.0	0.2020337902632828	0.11699800088111101	0.04221551486610257	-1	0.18815637483060885	0.3057496010850735	0.4147030207051337
t0972_1-247	0.09391800479026834	0.19092326120981704	0.09427831243384249	0.44580507151786	0.13025201544460072	0.2020337902632828	0.0	0.2953942415731561	0.1668624600604569	-1	0.01709370499741062	0.12997519137559832	0.5329527878617257
ETEC_1903_1-247	0.361569408568339	0.1291236978578263	0.3618232834088066	0.21346806798815052	0.1898736519785939	0.11699800088111101	0.2953942415731561	0.0	0.15427438490171277	-1	0.28314045600350163	0.38697550986903373	0.337151014517623
SEN1098_1-247	0.2451090755274513	0.028879746735582357	0.24540926135124008	0.33480979800483435	0.04209316407277544	0.04221551486610257	0.1668624600604569	0.15427438490171277	0.0	-1	0.1523733806818805	0.2751496712562942	0.43941163403564104
b1870_1-247	-1	-1	-1	-1	-1	-1	-1	-1	-1	-1	-1	-1	-1
ERS227112_04277_1-247	0.10940630311984871	0.17685262277412567	0.1097604517708553	0.4361670778793007	0.11512624450827431	0.18815637483060885	0.01709370499741062	0.28314045600350163	0.1523733806818805	-1	0.0	0.14484713879465247	0.5248303785285616
NCTC13441_02011_1-247	0.03979461767914702	0.29608316517161604	0.03941263572663251	0.5178366634067121	0.24329767618572967	0.3057496010850735	0.12997519137559832	0.38697550986903373	0.2751496712562942	-1	0.14484713879465247	0.0	0.5936573386408376
CS17_02059_1-247	0.5768169301686096	0.42274052664441614	0.576985210849053	0.1572510174038416	0.4630085721014679	0.4147030207051337	0.5329527878617257	0.337151014517623	0.43941163403564104	-1	0.5248303785285616	0.5936573386408376	0.0
