ETEC_0488_1-105	0.0	0.31113209351697013	0.6095811163992891	-1	0.44100102031953914	0.6679646009607898	0.35602116913845205	0.1269302916276398	0.3438341326702191	0.2469645538430898	0.22668600605454114	0.3157905956980771	0.5771696040169898
SL1344_0440_1-105	0.31113209351697013	0.0	0.298449022882319	-1	0.129868926802569	0.9790966944777599	0.04488907562148192	0.43806238514460993	0.032702039153248985	0.5580966473600599	0.08444608746242899	0.0046585021811069716	0.8883016975339599
STM_MW05171_1-105	0.6095811163992891	0.298449022882319	0.0	-1	0.16858009607975	1.2775457173600788	0.2535599472608371	0.7365114080269289	0.26574698372907	0.8565456702423789	0.382895110344748	0.29379052070121203	1.186750720416279
b0435_1-105	-1	-1	-1	-1	-1	-1	-1	-1	-1	-1	-1	-1	-1
SEN0428_1-105	0.44100102031953914	0.129868926802569	0.16858009607975	-1	0.0	1.108965621280329	0.08497985118108708	0.5679313119471789	0.09716688764932002	0.6879655741626289	0.214315014264998	0.12521042462146204	1.018170624336529
CS17_00466_1-104	0.6679646009607898	0.9790966944777599	1.2775457173600788	-1	1.108965621280329	0.0	1.0239857700992419	0.54103430933315	1.011798733631009	0.4210000471177	0.894650607015331	0.9837551966588669	0.0907949969438
t2414_1-105	0.35602116913845205	0.04488907562148192	0.2535599472608371	-1	0.08497985118108708	1.0239857700992419	0.0	0.48295146076609186	0.012187036468232937	0.6029857229815418	0.1293351630839109	0.04023057344037495	0.9331907731554419
ERS227112_02748_1-104	0.1269302916276398	0.43806238514460993	0.7365114080269289	-1	0.5679313119471789	0.54103430933315	0.48295146076609186	0.0	0.4707644242978589	0.12003426221545	0.35361629768218095	0.4427208873257169	0.45023931238935
STMMW_05171_1-105	0.3438341326702191	0.032702039153248985	0.26574698372907	-1	0.09716688764932002	1.011798733631009	0.012187036468232937	0.4707644242978589	0.0	0.5907986865133089	0.11714812661567797	0.028043536972142014	0.9210037366872089
ENC_23100_1-105	0.2469645538430898	0.5580966473600599	0.8565456702423789	-1	0.6879655741626289	0.4210000471177	0.6029857229815418	0.12003426221545	0.5907986865133089	0.0	0.47365055989763094	0.5627551495411669	0.3302050501739
ROD_04901_1-105	0.22668600605454114	0.08444608746242899	0.382895110344748	-1	0.214315014264998	0.894650607015331	0.1293351630839109	0.35361629768218095	0.11714812661567797	0.47365055989763094	0.0	0.08910458964353596	0.803855610071531
NCTC13441_03544_1-104	0.3157905956980771	0.0046585021811069716	0.29379052070121203	-1	0.12521042462146204	0.9837551966588669	0.04023057344037495	0.4427208873257169	0.028043536972142014	0.5627551495411669	0.08910458964353596	0.0	0.8929601997150669
BN373_08861_1-105	0.5771696040169898	0.8883016975339599	1.186750720416279	-1	1.018170624336529	0.0907949969438	0.9331907731554419	0.45023931238935	0.9210037366872089	0.3302050501739	0.803855610071531	0.8929601997150669	0.0
