STMMW_40481_1-141	0.0	0.7124244658122714	0.358804766739081	-1	0.3009212770512544	0.7150631752864633	0.6990085205516605	0.4705123134218807	0.11023499886265165	0.9980135781985693	0.1911527039527514	0.615525833597158	2.7850103296498605	0.25122706600898215	0.17799588321750903	0.3443002559924513	-1	0.15840522819760472	0.08658782031028278	0.07076595054943535	0.16519282217188413	0.5820747346840484	0.06190399650670919	1.2744471277578886	0.4790164698994672	0.9669576775949271	0.2795647276423987	1.5013535664591755	1.0287028494395276	0.6847430296288284	0.32813558831381195	-1	0.578556938534986	0.5977100814320355	0.1570322324714417
CS17_03537_1-121	0.7124244658122714	0.0	0.35361969907319035	-1	1.0133457428635257	0.0026387094741919803	0.013415945260610851	1.182936779234152	0.6021894669496197	0.2855891123862979	0.9035771697650228	1.3279502994094292	2.072585863837589	0.4611973998032892	0.5344285825947623	1.0567247218047227	-1	0.5540192376146666	0.7990122861225541	0.7831904163617067	0.5472316436403872	1.2944992004963196	0.6505204693055622	0.5620226619456172	1.1914409357117386	0.25453321178265575	0.43285973816987267	0.7889291006469041	1.741127315251799	0.027681436183442987	1.0405600541260833	-1	0.13386752727728535	1.310134547244307	0.8694566982837131
SL1344_3206_1-121	0.358804766739081	0.35361969907319035	0.0	-1	0.6597260437903354	0.35625840854738233	0.3402037538125795	0.8293170801609617	0.24856976787642937	0.6392088114594883	0.5499574706918324	0.974330600336239	2.4262055629107797	0.10757770073009887	0.18080888352157198	0.7031050227315323	-1	0.2003995385414763	0.4453925870493638	0.42957071728851637	0.19361194456719688	0.9408795014231294	0.2969007702323718	0.9156423610188076	0.8378212366385482	0.6081529108558461	0.07924003909668231	1.1425487997200945	1.3875076161786086	0.32593826288974737	0.686940355052893	-1	0.219752171795905	0.9565148481711165	0.5158369992105227
b3104_1-118	-1	-1	-1	-1	-1	-1	-1	-1	-1	-1	-1	-1	-1	-1	-1	-1	-1	-1	-1	-1	-1	-1	-1	-1	-1	-1	-1	-1	-1	-1	-1	-1	-1	-1	-1
CS17_03538_1-119	0.3009212770512544	1.0133457428635257	0.6597260437903354	-1	0.0	1.0159844523377177	0.9999297976029149	0.16959103637062634	0.411156275913906	1.2989348552498237	0.10976857309850296	0.3146045565459036	3.0859316067011147	0.5521483430602365	0.4789171602687634	0.04337897894119691	-1	0.4593265052488591	0.2143334567409716	0.23015532650181902	0.4661140992231385	0.281153457632794	0.36282527355796357	1.575368404809143	0.17809519284821285	1.2678789546461815	0.5804860046936531	1.8022748435104299	0.7277815723882732	0.9856643066800828	0.027214311262557578	-1	0.8794782155862404	0.29678880438078115	0.14388904457981266
CS17_04377_1-141	0.7150631752864633	0.0026387094741919803	0.35625840854738233	-1	1.0159844523377177	0.0	0.01605465473480283	1.185575488708344	0.6048281764238117	0.28295040291210594	0.9062158792392148	1.3305890088836212	2.069947154363397	0.4638361092774812	0.5370672920689543	1.0593634312789146	-1	0.5566579470888586	0.8016509955967461	0.7858291258358987	0.5498703531145792	1.2971379099705116	0.6531591787797542	0.5593839524714252	1.1940796451859306	0.2518945023084638	0.43549844764406465	0.7862903911727122	1.743766024725991	0.030320145657634967	1.0431987636002753	-1	0.13650623675147733	1.3127732567184989	0.8720954077579051
ETEC_3373_1-120	0.6990085205516605	0.013415945260610851	0.3402037538125795	-1	0.9999297976029149	0.01605465473480283	0.0	1.1695208339735412	0.5887735216890089	0.29900505764690877	0.8901612245044119	1.3145343541488184	2.0860018090982	0.44778145454267837	0.5210126373341515	1.0433087765441118	-1	0.5406032923540558	0.7855963408619433	0.7697744711010959	0.5338156983797764	1.2810832552357088	0.6371045240449513	0.5754386072062281	1.1780249904511277	0.2679491570432666	0.4194437929092618	0.802345045907515	1.7277113699911881	0.014265490922832136	1.0271441088654725	-1	0.1204515820166745	1.296718601983696	0.8560407530231022
NCTC13441_03961_4-121	0.4705123134218807	1.182936779234152	0.8293170801609617	-1	0.16959103637062634	1.185575488708344	1.1695208339735412	0.0	0.5807473122845324	1.46852589162045	0.2793596094691293	0.14501352017527724	3.255522643071741	0.7217393794308629	0.6485081966393897	0.12621205742942943	-1	0.6289175416194854	0.38392449311159793	0.39974636287244536	0.6357051355937648	0.11156242126216764	0.5324163099285899	1.7449594411797693	0.00850415647758651	1.4374699910168078	0.7500770410642794	1.9718658798810562	0.5581905360176469	1.155255343050709	0.14237672510806876	-1	1.0490692519568667	0.1271977680101548	0.313480080950439
NCTC13441_00586_1-122	0.11023499886265165	0.6021894669496197	0.24856976787642937	-1	0.411156275913906	0.6048281764238117	0.5887735216890089	0.5807473122845324	0.0	0.8877785793359176	0.30138770281540306	0.7257608324598096	2.6747753307872086	0.1409920671463305	0.06776088435485739	0.45453525485510293	-1	0.048170229334953074	0.19682281917293443	0.181000949412087	0.05495782330923249	0.6923097335467	0.048331002355942454	1.164212128895237	0.5892514687621189	0.8567226787322755	0.16932972877974706	1.3911185675965239	1.1389378483021793	0.5745080307661767	0.4383705871764636	-1	0.4683219396723344	0.7079450802946872	0.26726723133409336
ETEC_4190_1-141	0.9980135781985693	0.2855891123862979	0.6392088114594883	-1	1.2989348552498237	0.28295040291210594	0.29900505764690877	1.46852589162045	0.8877785793359176	0.0	1.1891662821513207	1.6135394117957271	1.7869967514512912	0.7467865121895871	0.8200176949810603	1.3423138341910206	-1	0.8396083500009646	1.084601398508852	1.0687795287480046	0.8328207560266851	1.5800883128826175	0.9361095816918601	0.2764335495593193	1.4770300480980365	0.03105590060364216	0.7184488505561706	0.5033399882606062	2.026716427638097	0.3132705485697409	1.3261491665123812	-1	0.41945663966358326	1.5957236596306048	1.155045810670011
SL1344_4032_1-141	0.1911527039527514	0.9035771697650228	0.5499574706918324	-1	0.10976857309850296	0.9062158792392148	0.8901612245044119	0.2793596094691293	0.30138770281540306	1.1891662821513207	0.0	0.42437312964440654	2.976163033602612	0.44237976996173356	0.36914858717026044	0.15314755203969987	-1	0.34955793215035613	0.10456488364246863	0.12038675340331606	0.35634552612463555	0.39092203073129694	0.2530567004594606	1.46559983171064	0.2878637659467158	1.1581103815476785	0.4707174315951501	1.692506270411927	0.8375501454867762	0.8758957335815798	0.13698288436106054	-1	0.7697096424877374	0.4065573774792841	0.0341204714813097
Ecoli9000q_35440_1-63	0.615525833597158	1.3279502994094292	0.974330600336239	-1	0.3146045565459036	1.3305890088836212	1.3145343541488184	0.14501352017527724	0.7257608324598096	1.6135394117957271	0.42437312964440654	0.0	3.4005361632470184	0.8667528996061401	0.793521716814667	0.27122557760470667	-1	0.7739310617947627	0.5289380132868752	0.5447598830477226	0.7807186557690421	0.0334510989131096	0.6774298301038671	1.8899729613550464	0.13650936369769073	1.582483511192085	0.8950905612395567	2.1168794000563333	0.41317701584236965	1.3002688632259862	0.287390245283346	-1	1.1940827721321439	0.017815752165122434	0.45849360112571624
Ecoli9000q_35440_66-110	2.7850103296498605	2.072585863837589	2.4262055629107797	-1	3.0859316067011147	2.069947154363397	2.0860018090982	3.255522643071741	2.6747753307872086	1.7869967514512912	2.976163033602612	3.4005361632470184	0.0	2.5337832636408786	2.6070144464323515	3.129310585642312	-1	2.626605101452256	2.8715981499601435	2.855776280199296	2.6198175074779764	3.3670850643339088	2.7231063331431513	1.510563201891972	3.2640267995493275	1.8180526520549334	2.5054456020074616	1.283656763190685	3.813713179089388	2.100267300021032	3.1131459179636725	-1	2.2064533911148745	3.382720411081896	2.942042562121302
STMMW_32341_1-121	0.25122706600898215	0.4611973998032892	0.10757770073009887	-1	0.5521483430602365	0.4638361092774812	0.44778145454267837	0.7217393794308629	0.1409920671463305	0.7467865121895871	0.44237976996173356	0.8667528996061401	2.5337832636408786	0.0	0.07323118279147312	0.5955273220014334	-1	0.09282183781137743	0.33781488631926493	0.3219930165584175	0.08603424383709801	0.8333018006930305	0.18932306950227296	1.0232200617489065	0.7302435359084494	0.715730611585945	0.028337661633416555	1.2501265004501934	1.2799299154485098	0.43351596361984623	0.5793626543227941	-1	0.3273298725260039	0.8489371474410177	0.40825929848042386
BN373_46451_1-141	0.17799588321750903	0.5344285825947623	0.18080888352157198	-1	0.4789171602687634	0.5370672920689543	0.5210126373341515	0.6485081966393897	0.06776088435485739	0.8200176949810603	0.36914858717026044	0.793521716814667	2.6070144464323515	0.07323118279147312	0.0	0.5222961392099603	-1	0.019590655019904313	0.2645837035277918	0.24876183376694438	0.012803061045624897	0.7600706179015574	0.11609188671079984	1.0964512445403796	0.6570123531169763	0.7889617943774181	0.10156884442488967	1.3233576832416665	1.2066987326570366	0.5067471464113193	0.506131471531321	-1	0.400561055317477	0.7757059646495446	0.33502811568895075
ERS227112_01073_1-122	0.3443002559924513	1.0567247218047227	0.7031050227315323	-1	0.04337897894119691	1.0593634312789146	1.0433087765441118	0.12621205742942943	0.45453525485510293	1.3423138341910206	0.15314755203969987	0.27122557760470667	3.129310585642312	0.5955273220014334	0.5222961392099603	0.0	-1	0.502705484190056	0.2577124356821685	0.27353430544301593	0.5094930781643354	0.23777447869159707	0.4062042524991605	1.6187473837503399	0.13471621390701594	1.3112579335873784	0.62386498363485	1.8456538224516268	0.6844025934470763	1.0290432856212797	0.016164667678639333	-1	0.9228571945274373	0.25340982543958424	0.18726802352100957
b3921_1-141	-1	-1	-1	-1	-1	-1	-1	-1	-1	-1	-1	-1	-1	-1	-1	-1	-1	-1	-1	-1	-1	-1	-1	-1	-1	-1	-1	-1	-1	-1	-1	-1	-1	-1	-1
SEN3075_1-121	0.15840522819760472	0.5540192376146666	0.2003995385414763	-1	0.4593265052488591	0.5566579470888586	0.5406032923540558	0.6289175416194854	0.048170229334953074	0.8396083500009646	0.34955793215035613	0.7739310617947627	2.626605101452256	0.09282183781137743	0.019590655019904313	0.502705484190056	-1	0.0	0.2449930485078875	0.22917117874704007	0.006787593974279416	0.7404799628816531	0.09650123169089553	1.1160418995602839	0.6374216980970719	0.8085524493973224	0.12115949944479398	1.3429483382615708	1.1871080776371323	0.5263378014312237	0.4865408165114167	-1	0.4201517103373813	0.7561153096296402	0.31543746066904643
ERS227112_00576_1-141	0.08658782031028278	0.7990122861225541	0.4453925870493638	-1	0.2143334567409716	0.8016509955967461	0.7855963408619433	0.38392449311159793	0.19682281917293443	1.084601398508852	0.10456488364246863	0.5289380132868752	2.8715981499601435	0.33781488631926493	0.2645837035277918	0.2577124356821685	-1	0.2449930485078875	0.0	0.01582186976084743	0.2517806424821669	0.4954869143737656	0.14849181681699197	1.3610349480681714	0.39242864958918444	1.05354549790521	0.3661525479526815	1.5879413867694583	0.9421150291292448	0.7713308499391112	0.24154776800352917	-1	0.6651447588452688	0.5111222611217527	0.07044441216115893
ENC_33600_1-121	0.07076595054943535	0.7831904163617067	0.42957071728851637	-1	0.23015532650181902	0.7858291258358987	0.7697744711010959	0.39974636287244536	0.181000949412087	1.0687795287480046	0.12038675340331606	0.5447598830477226	2.855776280199296	0.3219930165584175	0.24876183376694438	0.27353430544301593	-1	0.22917117874704007	0.01582186976084743	0.0	0.2359587727213195	0.511308784134613	0.13266994705614454	1.345213078307324	0.40825051935003187	1.0377236281443625	0.35033067819183406	1.5721195170086109	0.9579368988900923	0.7555089801782637	0.2573696377643766	-1	0.6493228890844214	0.5269441308826002	0.08626628192200636
STM_MW40481_1-141	0.16519282217188413	0.5472316436403872	0.19361194456719688	-1	0.4661140992231385	0.5498703531145792	0.5338156983797764	0.6357051355937648	0.05495782330923249	0.8328207560266851	0.35634552612463555	0.7807186557690421	2.6198175074779764	0.08603424383709801	0.012803061045624897	0.5094930781643354	-1	0.006787593974279416	0.2517806424821669	0.2359587727213195	0.0	0.7472675568559325	0.10328882566517494	1.1092543055860045	0.6442092920713514	0.801764855423043	0.11437190547051457	1.3361607442872914	1.1938956716114117	0.5195502074569442	0.4933284104856961	-1	0.4133641163631019	0.7629029036039197	0.32222505464332585
SEN3873_1-141	0.5820747346840484	1.2944992004963196	0.9408795014231294	-1	0.281153457632794	1.2971379099705116	1.2810832552357088	0.11156242126216764	0.6923097335467	1.5800883128826175	0.39092203073129694	0.0334510989131096	3.3670850643339088	0.8333018006930305	0.7600706179015574	0.23777447869159707	-1	0.7404799628816531	0.4954869143737656	0.511308784134613	0.7472675568559325	0.0	0.6439787311907575	1.8565218624419368	0.10305826478458113	1.5490324122789754	0.8616394623264471	2.0834283011432237	0.44662811475547926	1.2668177643128766	0.2539391463702364	-1	1.1606316732190343	0.015635346747987167	0.42504250221260664
STM_MW32341_1-121	0.06190399650670919	0.6505204693055622	0.2969007702323718	-1	0.36282527355796357	0.6531591787797542	0.6371045240449513	0.5324163099285899	0.048331002355942454	0.9361095816918601	0.2530567004594606	0.6774298301038671	2.7231063331431513	0.18932306950227296	0.11609188671079984	0.4062042524991605	-1	0.09650123169089553	0.14849181681699197	0.13266994705614454	0.10328882566517494	0.6439787311907575	0.0	1.2125431312511794	0.5409204664061764	0.9050536810882179	0.2176607311356895	1.4394495699524663	1.0906068459462368	0.6228390331221192	0.39003958482052115	-1	0.5166529420282768	0.6596140779387447	0.2189362289781509
NCTC13441_04579_1-141	1.2744471277578886	0.5620226619456172	0.9156423610188076	-1	1.575368404809143	0.5593839524714252	0.5754386072062281	1.7449594411797693	1.164212128895237	0.2764335495593193	1.46559983171064	1.8899729613550464	1.510563201891972	1.0232200617489065	1.0964512445403796	1.6187473837503399	-1	1.1160418995602839	1.3610349480681714	1.345213078307324	1.1092543055860045	1.8565218624419368	1.2125431312511794	0.0	1.7534635976573558	0.3074894501629615	0.9948824001154899	0.2269064387012869	2.303149977197416	0.5897040981290602	1.6025827160717006	-1	0.6958901892229026	1.8721572091899241	1.4314793602293303
ERS227112_02361_4-122	0.4790164698994672	1.1914409357117386	0.8378212366385482	-1	0.17809519284821285	1.1940796451859306	1.1780249904511277	0.00850415647758651	0.5892514687621189	1.4770300480980365	0.2878637659467158	0.13650936369769073	3.2640267995493275	0.7302435359084494	0.6570123531169763	0.13471621390701594	-1	0.6374216980970719	0.39242864958918444	0.40825051935003187	0.6442092920713514	0.10305826478458113	0.5409204664061764	1.7534635976573558	0.0	1.4459741474943943	0.7585811975418659	1.9803700363586427	0.5496863795400604	1.1637594995282956	0.15088088158565527	-1	1.0575734084344532	0.1186936115325683	0.3219842374280255
ROD_47711_1-121	0.9669576775949271	0.25453321178265575	0.6081529108558461	-1	1.2678789546461815	0.2518945023084638	0.2679491570432666	1.4374699910168078	0.8567226787322755	0.03105590060364216	1.1581103815476785	1.582483511192085	1.8180526520549334	0.715730611585945	0.7889617943774181	1.3112579335873784	-1	0.8085524493973224	1.05354549790521	1.0377236281443625	0.801764855423043	1.5490324122789754	0.9050536810882179	0.3074894501629615	1.4459741474943943	0.0	0.6873929499525284	0.5343958888642484	1.9956605270344547	0.28221464796609874	1.295093265908739	-1	0.3884007390599411	1.5646677590269626	1.1239899100663688
ENC_00830_1-139	0.2795647276423987	0.43285973816987267	0.07924003909668231	-1	0.5804860046936531	0.43549844764406465	0.4194437929092618	0.7500770410642794	0.16932972877974706	0.7184488505561706	0.4707174315951501	0.8950905612395567	2.5054456020074616	0.028337661633416555	0.10156884442488967	0.62386498363485	-1	0.12115949944479398	0.3661525479526815	0.35033067819183406	0.11437190547051457	0.8616394623264471	0.2176607311356895	0.9948824001154899	0.7585811975418659	0.6873929499525284	0.0	1.2217888388167768	1.3082675770819263	0.4051783019864297	0.6077003159562107	-1	0.2989922108925873	0.8772748090744342	0.4365969601138404
ROD_47701_1-119	1.5013535664591755	0.7889291006469041	1.1425487997200945	-1	1.8022748435104299	0.7862903911727122	0.802345045907515	1.9718658798810562	1.3911185675965239	0.5033399882606062	1.692506270411927	2.1168794000563333	1.283656763190685	1.2501265004501934	1.3233576832416665	1.8456538224516268	-1	1.3429483382615708	1.5879413867694583	1.5721195170086109	1.3361607442872914	2.0834283011432237	1.4394495699524663	0.2269064387012869	1.9803700363586427	0.5343958888642484	1.2217888388167768	0.0	2.530056415898703	0.8166105368303471	1.8294891547729875	-1	0.9227966279241895	2.099063647891211	1.6583857989306172
t3535_1-141	1.0287028494395276	1.741127315251799	1.3875076161786086	-1	0.7277815723882732	1.743766024725991	1.7277113699911881	0.5581905360176469	1.1389378483021793	2.026716427638097	0.8375501454867762	0.41317701584236965	3.813713179089388	1.2799299154485098	1.2066987326570366	0.6844025934470763	-1	1.1871080776371323	0.9421150291292448	0.9579368988900923	1.1938956716114117	0.44662811475547926	1.0906068459462368	2.303149977197416	0.5496863795400604	1.9956605270344547	1.3082675770819263	2.530056415898703	0.0	1.713445879068356	0.7005672611257157	-1	1.6072597879745136	0.4309927680074921	0.8716706169680859
ETEC_3374_1-118	0.6847430296288284	0.027681436183442987	0.32593826288974737	-1	0.9856643066800828	0.030320145657634967	0.014265490922832136	1.155255343050709	0.5745080307661767	0.3132705485697409	0.8758957335815798	1.3002688632259862	2.100267300021032	0.43351596361984623	0.5067471464113193	1.0290432856212797	-1	0.5263378014312237	0.7713308499391112	0.7555089801782637	0.5195502074569442	1.2668177643128766	0.6228390331221192	0.5897040981290602	1.1637594995282956	0.28221464796609874	0.4051783019864297	0.8166105368303471	1.713445879068356	0.0	1.0128786179426403	-1	0.10618609109384236	1.282453111060864	0.8417752621002701
ROD_38261_1-141	0.32813558831381195	1.0405600541260833	0.686940355052893	-1	0.027214311262557578	1.0431987636002753	1.0271441088654725	0.14237672510806876	0.4383705871764636	1.3261491665123812	0.13698288436106054	0.287390245283346	3.1131459179636725	0.5793626543227941	0.506131471531321	0.016164667678639333	-1	0.4865408165114167	0.24154776800352917	0.2573696377643766	0.4933284104856961	0.2539391463702364	0.39003958482052115	1.6025827160717006	0.15088088158565527	1.295093265908739	0.6077003159562107	1.8294891547729875	0.7005672611257157	1.0128786179426403	0.0	-1	0.906692526848798	0.26957449311822357	0.17110335584237024
b3103_1-120	-1	-1	-1	-1	-1	-1	-1	-1	-1	-1	-1	-1	-1	-1	-1	-1	-1	-1	-1	-1	-1	-1	-1	-1	-1	-1	-1	-1	-1	-1	-1	-1	-1	-1	-1
BN373_41941_1-121	0.578556938534986	0.13386752727728535	0.219752171795905	-1	0.8794782155862404	0.13650623675147733	0.1204515820166745	1.0490692519568667	0.4683219396723344	0.41945663966358326	0.7697096424877374	1.1940827721321439	2.2064533911148745	0.3273298725260039	0.400561055317477	0.9228571945274373	-1	0.4201517103373813	0.6651447588452688	0.6493228890844214	0.4133641163631019	1.1606316732190343	0.5166529420282768	0.6958901892229026	1.0575734084344532	0.3884007390599411	0.2989922108925873	0.9227966279241895	1.6072597879745136	0.10618609109384236	0.906692526848798	-1	0.0	1.1762670199670215	0.7355891710064277
BN373_05071_4-121	0.5977100814320355	1.310134547244307	0.9565148481711165	-1	0.29678880438078115	1.3127732567184989	1.296718601983696	0.1271977680101548	0.7079450802946872	1.5957236596306048	0.4065573774792841	0.017815752165122434	3.382720411081896	0.8489371474410177	0.7757059646495446	0.25340982543958424	-1	0.7561153096296402	0.5111222611217527	0.5269441308826002	0.7629029036039197	0.015635346747987167	0.6596140779387447	1.8721572091899241	0.1186936115325683	1.5646677590269626	0.8772748090744342	2.099063647891211	0.4309927680074921	1.282453111060864	0.26957449311822357	-1	1.1762670199670215	0.0	0.4406778489605938
t3154_1-121	0.1570322324714417	0.8694566982837131	0.5158369992105227	-1	0.14388904457981266	0.8720954077579051	0.8560407530231022	0.313480080950439	0.26726723133409336	1.155045810670011	0.0341204714813097	0.45849360112571624	2.942042562121302	0.40825929848042386	0.33502811568895075	0.18726802352100957	-1	0.31543746066904643	0.07044441216115893	0.08626628192200636	0.32222505464332585	0.42504250221260664	0.2189362289781509	1.4314793602293303	0.3219842374280255	1.1239899100663688	0.4365969601138404	1.6583857989306172	0.8716706169680859	0.8417752621002701	0.17110335584237024	-1	0.7355891710064277	0.4406778489605938	0.0
