STM_MW25381_1-206	0.0	0.9753397861399569	0.3539676104840299	0.19239007635992397	0.23376611230249297	0.9524698506636871	0.382214492456061	0.49260648153737596	0.208870346286215	0.8956064099529069	0.199998133973014	-1
ROD_24561_1-206	0.9753397861399569	0.0	0.621372175655927	0.7829497097800329	0.7415736738374639	0.02286993547626981	0.5931252936838959	0.4827333046025809	0.7664694398537419	0.07973337618705001	0.775341652166943	-1
SEN2501_1-206	0.3539676104840299	0.621372175655927	0.0	0.16157753412410597	0.12020149818153697	0.5985022401796571	0.028246881972031068	0.13863887105334605	0.14509726419781493	0.5416387994688769	0.15396947651101595	-1
NCTC13441_01223_1-206	0.19239007635992397	0.7829497097800329	0.16157753412410597	0.0	0.041376035942569	0.7600797743037631	0.18982441609613704	0.300216405177452	0.016480269926291036	0.7032163335929829	0.007608057613090025	-1
ERS227112_00072_1-206	0.23376611230249297	0.7415736738374639	0.12020149818153697	0.041376035942569	0.0	0.7187037383611941	0.14844838015356804	0.258840369234883	0.024895766016277965	0.6618402976504139	0.033767978329478976	-1
BN373_35001_1-206	0.9524698506636871	0.02286993547626981	0.5985022401796571	0.7600797743037631	0.7187037383611941	0.0	0.5702553582076261	0.4598633691263111	0.7435995043774721	0.0568634407107802	0.7524717166906731	-1
SL1344_2483_1-206	0.382214492456061	0.5931252936838959	0.028246881972031068	0.18982441609613704	0.14844838015356804	0.5702553582076261	0.0	0.11039198908131498	0.173344146169846	0.5133919174968459	0.18221635848304701	-1
ETEC_2670_1-206	0.49260648153737596	0.4827333046025809	0.13863887105334605	0.300216405177452	0.258840369234883	0.4598633691263111	0.11039198908131498	0.0	0.283736135251161	0.4029999284155309	0.292608347564362	-1
t0335_1-206	0.208870346286215	0.7664694398537419	0.14509726419781493	0.016480269926291036	0.024895766016277965	0.7435995043774721	0.173344146169846	0.283736135251161	0.0	0.6867360636666919	0.008872212313201011	-1
CS17_02799_1-206	0.8956064099529069	0.07973337618705001	0.5416387994688769	0.7032163335929829	0.6618402976504139	0.0568634407107802	0.5133919174968459	0.4029999284155309	0.6867360636666919	0.0	0.6956082759798929	-1
STMMW_25381_1-206	0.199998133973014	0.775341652166943	0.15396947651101595	0.007608057613090025	0.033767978329478976	0.7524717166906731	0.18221635848304701	0.292608347564362	0.008872212313201011	0.6956082759798929	0.0	-1
b2513_1-206	-1	-1	-1	-1	-1	-1	-1	-1	-1	-1	-1	-1
