ERS227112_02748_1-104	0.0	0.055393153708621856	0.3334640055451905	0.22917370838327855	0.45437663614333235	0.28505490780262965	0.3010316579942247	0.49994799543242596	1.3632452259008736	0.0902212046395191	0.432948930377437	0.09191216257284718	-1
NCTC13441_03544_1-104	0.055393153708621856	0.0	0.38885715925381237	0.1737805546746567	0.5097697898519542	0.3404480615112515	0.24563850428560285	0.4445548417238041	1.4186383796094955	0.03482805093089725	0.3775557766688151	0.03651900886422532	-1
ETEC_0488_1-105	0.3334640055451905	0.38885715925381237	0.0	0.5626377139284691	0.12091263059814183	0.04840909774256086	0.6344956635394152	0.8334120009776165	1.029781220355683	0.4236852101847096	0.7664129359226275	0.4253761681180377	-1
STMMW_05171_1-105	0.22917370838327855	0.1737805546746567	0.5626377139284691	0.0	0.6835503445266109	0.5142286161859082	0.07185794961094616	0.2707742870491474	1.5924189342841522	0.13895250374375945	0.20377522199415843	0.13726154581043137	-1
BN373_08861_1-105	0.45437663614333235	0.5097697898519542	0.12091263059814183	0.6835503445266109	0.0	0.1693217283407027	0.7554082941375571	0.9543246315757583	0.9088685897575413	0.5445978407828515	0.8873255665207693	0.5462887987161795	-1
ENC_23100_1-105	0.28505490780262965	0.3404480615112515	0.04840909774256086	0.5142286161859082	0.1693217283407027	0.0	0.5860865657968544	0.7850029032350556	1.078190318098244	0.37527611244214876	0.7180038381800666	0.37696707037547683	-1
SEN0428_1-105	0.3010316579942247	0.24563850428560285	0.6344956635394152	0.07185794961094616	0.7554082941375571	0.5860865657968544	0.0	0.19891633743820125	1.6642768838950983	0.2108104533547056	0.13191727238321227	0.20911949542137753	-1
STM_MW05171_1-105	0.49994799543242596	0.4445548417238041	0.8334120009776165	0.2707742870491474	0.9543246315757583	0.7850029032350556	0.19891633743820125	0.0	1.8631932213332996	0.40972679079290686	0.06699906505498898	0.4080358328595788	-1
CS17_00466_1-104	1.3632452259008736	1.4186383796094955	1.029781220355683	1.5924189342841522	0.9088685897575413	1.078190318098244	1.6642768838950983	1.8631932213332996	0.0	1.4534664305403928	1.7961941562783106	1.4551573884737208	-1
SL1344_0440_1-105	0.0902212046395191	0.03482805093089725	0.4236852101847096	0.13895250374375945	0.5445978407828515	0.37527611244214876	0.2108104533547056	0.40972679079290686	1.4534664305403928	0.0	0.3427277257379179	0.0016909579333280744	-1
ROD_04901_1-105	0.432948930377437	0.3775557766688151	0.7664129359226275	0.20377522199415843	0.8873255665207693	0.7180038381800666	0.13191727238321227	0.06699906505498898	1.7961941562783106	0.3427277257379179	0.0	0.3410367678045898	-1
t2414_1-105	0.09191216257284718	0.03651900886422532	0.4253761681180377	0.13726154581043137	0.5462887987161795	0.37696707037547683	0.20911949542137753	0.4080358328595788	1.4551573884737208	0.0016909579333280744	0.3410367678045898	0.0	-1
b0435_1-105	-1	-1	-1	-1	-1	-1	-1	-1	-1	-1	-1	-1	-1
