b3612_1-514	-1	-1	-1	-1	-1	-1	-1	-1	-1	-1	-1	-1	-1
STMMW_36921_1-514	-1	0.0	0.005428349463837412	0.26212422438489824	0.026856070714697866	0.440152379351357	0.18301323119805368	0.3155839711449653	0.563338433204192	0.81948554164298	0.45190941628264114	0.11591663848802525	0.3259609142268731
ETEC_3855_1-514	-1	0.005428349463837412	0.0	0.26755257384873565	0.021427721250860454	0.43472402988751957	0.17758488173421627	0.31015562168112787	0.5579100837403546	0.8249138911068175	0.44648106681880373	0.11048828902418784	0.3205325647630357
ENC_02300_1-514	-1	0.26212422438489824	0.26755257384873565	0.0	0.2889802950995961	0.7022766037362552	0.4451374555829519	0.5777081955298635	0.8254626575890902	0.5573613172580818	0.7140336406675394	0.3780408628729235	0.5880851386117714
NCTC13441_00071_1-514	-1	0.026856070714697866	0.021427721250860454	0.2889802950995961	0.0	0.4132963086366591	0.15615716048335582	0.2887279004302674	0.5364823624894941	0.8463416123576779	0.4250533455679433	0.08906056777332738	0.29910484351217526
ROD_42041_1-514	-1	0.440152379351357	0.43472402988751957	0.7022766037362552	0.4132963086366591	0.0	0.2571391481533033	0.1245684082063917	0.12318605385283499	1.259637920994337	0.01175703693128416	0.32423574086333173	0.11419146512448386
STM_MW36921_1-514	-1	0.18301323119805368	0.17758488173421627	0.4451374555829519	0.15615716048335582	0.2571391481533033	0.0	0.1325707399469116	0.3803252020061383	1.0024987728410337	0.26889618508458746	0.06709659271002844	0.14294768302881944
SL1344_3670_1-514	-1	0.3155839711449653	0.31015562168112787	0.5777081955298635	0.2887279004302674	0.1245684082063917	0.1325707399469116	0.0	0.2477544620592267	1.1350695127879453	0.13632544513767586	0.19966733265694003	0.010376943081907841
t3815_1-507	-1	0.563338433204192	0.5579100837403546	0.8254626575890902	0.5364823624894941	0.12318605385283499	0.3803252020061383	0.2477544620592267	0.0	1.382823974847172	0.11142901692155083	0.4474217947161667	0.23737751897731885
CS17_04061_1-514	-1	0.81948554164298	0.8249138911068175	0.5573613172580818	0.8463416123576779	1.259637920994337	1.0024987728410337	1.1350695127879453	1.382823974847172	0.0	1.2713949579256212	0.9354021801310053	1.1454464558698532
ERS227112_00622_1-514	-1	0.45190941628264114	0.44648106681880373	0.7140336406675394	0.4250533455679433	0.01175703693128416	0.26889618508458746	0.13632544513767586	0.11142901692155083	1.2713949579256212	0.0	0.3359927777946159	0.12594850205576802
BN373_45981_1-514	-1	0.11591663848802525	0.11048828902418784	0.3780408628729235	0.08906056777332738	0.32423574086333173	0.06709659271002844	0.19966733265694003	0.4474217947161667	0.9354021801310053	0.3359927777946159	0.0	0.21004427573884787
SEN3526_1-514	-1	0.3259609142268731	0.3205325647630357	0.5880851386117714	0.29910484351217526	0.11419146512448386	0.14294768302881944	0.010376943081907841	0.23737751897731885	1.1454464558698532	0.12594850205576802	0.21004427573884787	0.0
