Ecoli9000q_49760_3-222	0.0	0.7121052125484233	0.8087930555023636	0.7609724260801334	0.740151165319478	0.8183618599083425	0.763020160792234	0.7852767443615511	0.7772404988650412	0.768886402781772	0.6607055700413248	-1	-1	0.6859743976680616	0.611111111111111	0.6329174417916874	0.37986409573927815	0.3415592209169031	0.33569992786854913
ERS227112_00340_1-220	0.7121052125484233	0.0	0.3358443680408873	0.16973983434809292	0.09741736909971677	0.3690815255826447	0.17685262277412567	0.2541606691140083	0.2262468414006052	0.19722896248303587	0.1514897916637146	-1	-1	0.08321237085866769	0.25969911798165984	0.2157219649531762	0.5357553312531023	0.5627628230249031	0.5666193644570183
SL1344_4059_1-220	0.8087930555023636	0.3358443680408873	0.0	0.200063233868834	0.2641608543955149	0.05004423051222964	0.1931510075420355	0.10951916256527518	0.14164404425652938	0.17267115912228234	0.43645716635865595	-1	-1	0.3911103327953418	0.5083249998632208	0.4791173260018256	0.6916692886447552	0.7096064664100861	0.7121678101221092
BN373_48751_1-220	0.7609724260801334	0.16973983434809292	0.200063233868834	0.0	0.08012835919104486	0.24009545378830963	0.008566939280349427	0.10167997726306605	0.06805939799381303	0.03310905336926399	0.2955157738693815	-1	-1	0.2388277511614983	0.3853576670632	0.3488451887048719	0.614556144423186	0.6369793890154838	0.6401813217437553
SEN3903_1-220	0.740151165319478	0.09741736909971677	0.2641608543955149	0.08012835919104486	0.0	0.3009853582180679	0.08800884368357058	0.17366088671343868	0.14273426929608335	0.11058443843946099	0.23414942381408807	-1	-1	0.1725234097127831	0.3318172822500864	0.29212426777013323	0.5809808255009945	0.6053573184784042	0.6088381657903789
STMMW_40751_1-220	0.8183618599083425	0.3690815255826447	0.05004423051222964	0.24009545378830963	0.3009853582180679	0.0	0.23352914450916212	0.15408259086058185	0.18459980756730082	0.2140741943445826	0.4646592338289185	-1	-1	0.4215817476574465	0.5329304969071662	0.5051844986092169	0.7070994618378168	0.7241389873443207	0.7265721505811982
STM_MW40751_1-220	0.763020160792234	0.17685262277412567	0.1931510075420355	0.008566939280349427	0.08800884368357058	0.23352914450916212	0.0	0.09391762456976041	0.060006531021146156	0.02475418166013165	0.30155104745860645	-1	-1	0.24534866759918475	0.3906232706086019	0.35442359243534466	0.6178582185298963	0.6400893645473035	0.6432638665123122
NCTC13441_04552_1-220	0.7852767443615511	0.2541606691140083	0.10951916256527518	0.10167997726306605	0.17366088671343868	0.15408259086058185	0.09391762456976041	0.0	0.03607588208613088	0.07091898433090808	0.36714771396453144	-1	-1	0.316223728116674	0.4478544855011317	0.4150545951120966	0.6537480668944249	0.6738913164864138	0.6767676767676767
ETEC_4215_1-220	0.7772404988650412	0.2262468414006052	0.14164404425652938	0.06805939799381303	0.14273426929608335	0.18459980756730082	0.060006531021146156	0.03607588208613088	0.0	0.03614714228769883	0.3434625461959686	-1	-1	0.2906326761870436	0.42718985422439143	0.3931623931623932	0.6407892211941582	0.6616863532584362	0.6646703643728048
CS17_04406_1-220	0.768886402781772	0.19722896248303587	0.17267115912228234	0.03310905336926399	0.11058443843946099	0.2140741943445826	0.02475418166013165	0.07091898433090808	0.03614714228769883	0.0	0.3188405797101448	-1	-1	0.26402944377149495	0.40570789286741343	0.3704043081036953	0.6273178256083336	0.648998657798713	0.6520945775653993
CS17_00885_1-220	0.6607055700413248	0.1514897916637146	0.43645716635865595	0.2955157738693815	0.23414942381408807	0.4646592338289185	0.30155104745860645	0.36714771396453144	0.3434625461959686	0.3188405797101448	0.0	-1	-1	0.07447463145744654	0.12752860867769225	0.07569994168414862	0.45287085036117064	0.48470015719385534	0.4892452308938842
b3946_1-220	-1	-1	-1	-1	-1	-1	-1	-1	-1	-1	-1	-1	-1	-1	-1	-1	-1	-1	-1
b0825_1-220	-1	-1	-1	-1	-1	-1	-1	-1	-1	-1	-1	-1	-1	-1	-1	-1	-1	-1	-1
ROD_37981_1-220	0.6859743976680616	0.08321237085866769	0.3911103327953418	0.2388277511614983	0.1725234097127831	0.4215817476574465	0.24534866759918475	0.316223728116674	0.2906326761870436	0.26402944377149495	0.07447463145744654	-1	-1	0.0	0.19250559400358674	0.144536847883318	0.4936180921401486	0.5230769230769231	0.5272835040881955
Ecoli9000q_35750_1-220	0.611111111111111	0.25969911798165984	0.5083249998632208	0.3853576670632	0.3318172822500864	0.5329304969071662	0.3906232706086019	0.4478544855011317	0.42718985422439143	0.40570789286741343	0.12752860867769225	-1	-1	0.19250559400358674	0.0	0.05607342175005335	0.37289731780247076	0.4093790949120268	0.4145885192498729
ETEC_0892_1-220	0.6329174417916874	0.2157219649531762	0.4791173260018256	0.3488451887048719	0.29212426777013323	0.5051844986092169	0.35442359243534466	0.4150545951120966	0.3931623931623932	0.3704043081036953	0.07569994168414862	-1	-1	0.144536847883318	0.05607342175005335	0.0	0.4080611109819225	0.44249723001742297	0.44741454410729803
t3508_1-220	0.37986409573927815	0.5357553312531023	0.6916692886447552	0.614556144423186	0.5809808255009945	0.7070994618378168	0.6178582185298963	0.6537480668944249	0.6407892211941582	0.6273178256083336	0.45287085036117064	-1	-1	0.4936180921401486	0.37289731780247076	0.4080611109819225	0.0	0.05817512529481539	0.06648225662391598
ROD_08291_1-220	0.3415592209169031	0.5627628230249031	0.7096064664100861	0.6369793890154838	0.6053573184784042	0.7241389873443207	0.6400893645473035	0.6738913164864138	0.6616863532584362	0.648998657798713	0.48470015719385534	-1	-1	0.5230769230769231	0.4093790949120268	0.44249723001742297	0.05817512529481539	0.0	0.008820250507506436
NCTC13441_03170_1-220	0.33569992786854913	0.5666193644570183	0.7121678101221092	0.6401813217437553	0.6088381657903789	0.7265721505811982	0.6432638665123122	0.6767676767676767	0.6646703643728048	0.6520945775653993	0.4892452308938842	-1	-1	0.5272835040881955	0.4145885192498729	0.44741454410729803	0.06648225662391598	0.008820250507506436	0.0
