SEN2954_1-90	0.0	0.31018291929414604	0.023520873602801542	0.11511506774482025	0.16416591256368132	0.05606647443804368	0.3386326922972877	0.40591424287071604	0.2780038382626215	0.18076575122700664	0.3195415114973413	-1	0.22480751713103508
STMMW_30721_1-90	0.31018291929414604	0.0	0.29356699794393776	0.3895912592711345	0.17469616150536527	0.2692101064053404	0.04124248847829415	0.5901894973281504	0.044569601248419806	0.15797333700461585	0.530608111919578	-1	0.11013445569949165
BN373_40501_1-90	0.023520873602801542	0.29356699794393776	0.0	0.13592833438941795	0.14403281663562173	0.03332954075047345	0.32270205289192166	0.4198876588733786	0.2606128055176726	0.16103250276774808	0.3355464895973657	-1	0.2061351216701349
ERS227112_01269_1-90	0.11511506774482025	0.3895912592711345	0.13592833438941795	0.0	0.26038301016234316	0.1647274461797153	0.4147660347276948	0.3286293669672705	0.36111647533252	0.2750719572733867	0.23102036920385632	-1	0.3140438523117714
ETEC_3152_1-90	0.16416591256368132	0.17469616150536527	0.14403281663562173	0.26038301016234316	0.0	0.11452018092193758	0.20873374555557217	0.5034428733309305	0.13619679719943623	0.019860207800618153	0.4312496002240835	-1	0.07255220321697395
NCTC13441_00786_1-90	0.05606647443804368	0.2692101064053404	0.03332954075047345	0.1647274461797153	0.11452018092193758	0.0	0.29934970017197193	0.43922253678681084	0.23511969626510593	0.13210599413208166	0.35769241994912543	-1	0.1787636927002185
ENC_32120_3-92	0.3386326922972877	0.04124248847829415	0.32270205289192166	0.4147660347276948	0.20873374555557217	0.29934970017197193	0.0	0.6070911022628781	0.08397392846074384	0.19270061195161947	0.5499670014555396	-1	0.14683472515753632
ROD_50251_1-90	0.40591424287071604	0.5901894973281504	0.4198876588733786	0.3286293669672705	0.5034428733309305	0.43922253678681084	0.6070911022628781	0.0	0.5710723636098125	0.513304601051456	0.12693313821896318	-1	0.5394691868938615
CS17_03324_1-90	0.2780038382626215	0.044569601248419806	0.2606128055176726	0.36111647533252	0.13619679719943623	0.23511969626510593	0.08397392846074384	0.5710723636098125	0.0	0.11869387440924618	0.5087115830794623	-1	0.06862337072040268
SL1344_3086_1-90	0.18076575122700664	0.15797333700461585	0.16103250276774808	0.2750719572733867	0.019860207800618153	0.13210599413208166	0.19270061195161947	0.513304601051456	0.11869387440924618	0.0	0.4425451013503178	-1	0.05375967370747977
t3024_1-90	0.3195415114973413	0.530608111919578	0.3355464895973657	0.23102036920385632	0.4312496002240835	0.35769241994912543	0.5499670014555396	0.12693313821896318	0.5087115830794623	0.4425451013503178	0.0	-1	0.472513694808361
b2962_1-90	-1	-1	-1	-1	-1	-1	-1	-1	-1	-1	-1	-1	-1
STM_MW30721_1-90	0.22480751713103508	0.11013445569949165	0.2061351216701349	0.3140438523117714	0.07255220321697395	0.1787636927002185	0.14683472515753632	0.5394691868938615	0.06862337072040268	0.05375967370747977	0.472513694808361	-1	0.0
