t0215_1-890	0.0	0.281680392595231	0.826595984456943	0.106742579352127	0.392327844380519	0.12877078737631598	0.04440724094431797	0.11678819055072204	0.10446515696037001	-1	0.10113326345118495	0.07159883557354202
ERS227112_02521_1-887	0.281680392595231	0.0	0.544915591861712	0.388422971947358	0.11064745178528801	0.41045117997154695	0.32608763353954895	0.16489220204450894	0.17721523563486097	-1	0.38281365604641593	0.21008155702168896
BN373_06721_1-887	0.826595984456943	0.544915591861712	0.0	0.93333856380907	0.434268140076424	0.955366771833259	0.871003225401261	0.709807793906221	0.722130827496573	-1	0.9277292479081279	0.754997148883401
STM_MW02201_1-890	0.106742579352127	0.388422971947358	0.93333856380907	0.0	0.499070423732646	0.022028208024188978	0.06233533840780903	0.22353076990284904	0.211207736312497	-1	0.005609315900942047	0.17834141492566902
STMMW_02201_1-890	0.392327844380519	0.11064745178528801	0.434268140076424	0.499070423732646	0.0	0.5210986317568349	0.43673508532483696	0.27553965382979695	0.287862687420149	-1	0.49346110783170394	0.32072900880697697
ETEC_0162_1-890	0.12877078737631598	0.41045117997154695	0.955366771833259	0.022028208024188978	0.5210986317568349	0.0	0.084363546431998	0.245558977927038	0.23323594433668599	-1	0.027637523925131025	0.200369622949858
SEN0220_1-890	0.04440724094431797	0.32608763353954895	0.871003225401261	0.06233533840780903	0.43673508532483696	0.084363546431998	0.0	0.16119543149504	0.14887239790468798	-1	0.05672602250686698	0.11600607651785999
ROD_01701_1-890	0.11678819055072204	0.16489220204450894	0.709807793906221	0.22353076990284904	0.27553965382979695	0.245558977927038	0.16119543149504	0.0	0.012323033590352028	-1	0.217921454001907	0.04518935497718002
CS17_00175_1-890	0.10446515696037001	0.17721523563486097	0.722130827496573	0.211207736312497	0.287862687420149	0.23323594433668599	0.14887239790468798	0.012323033590352028	0.0	-1	0.20559842041155496	0.03286632138682799
b0167_1-890	-1	-1	-1	-1	-1	-1	-1	-1	-1	-1	-1	-1
NCTC13441_03811_1-890	0.10113326345118495	0.38281365604641593	0.9277292479081279	0.005609315900942047	0.49346110783170394	0.027637523925131025	0.05672602250686698	0.217921454001907	0.20559842041155496	-1	0.0	0.17273209902472697
SL1344_0215_1-890	0.07159883557354202	0.21008155702168896	0.754997148883401	0.17834141492566902	0.32072900880697697	0.200369622949858	0.11600607651785999	0.04518935497718002	0.03286632138682799	-1	0.17273209902472697	0.0
