STM_MW12821_3-83	0.0	0.5497256507078481	0.715819759966857	0.4572952045908811	0.703140022671257	0.7009643798506471	0.32921421996178807	-1	0.881105599140557	0.5677834316005401	0.2968024628541471	0.6115074161751641	0.383481951352665
NCTC13441_02088_3-84	0.5497256507078481	0.0	0.16609410925900892	0.09243044611696694	0.1534143719634089	0.151238729142799	0.22051143074605994	-1	0.3313799484327089	0.018057780892692055	0.25292318785370094	0.06178176546731606	0.16624369935518302
SL1344_1211_3-83	0.715819759966857	0.16609410925900892	0.0	0.25852455537597585	0.012679737295600013	0.014855380116209904	0.38660554000506886	-1	0.1652858391737	0.14803632836631686	0.41901729711270985	0.10431234379169285	0.33233780861419193
CS17_01979_3-84	0.4572952045908811	0.09243044611696694	0.25852455537597585	0.0	0.24584481808037584	0.24366917525976595	0.128080984629093	-1	0.42381039454967584	0.11048822700965899	0.160492741736734	0.154212211584283	0.07381325323821608
STMMW_12821_3-83	0.703140022671257	0.1534143719634089	0.012679737295600013	0.24584481808037584	0.0	0.002175642820609891	0.37392580270946885	-1	0.1779655764693	0.13535659107071685	0.40633755981710984	0.09163260649609284	0.3196580713185919
ETEC_1825_3-84	0.7009643798506471	0.151238729142799	0.014855380116209904	0.24366917525976595	0.002175642820609891	0.0	0.37175015988885896	-1	0.1801412192899099	0.13318094825010696	0.40416191699649995	0.08945696367548295	0.317482428497982
BN373_17951_1-79	0.32921421996178807	0.22051143074605994	0.38660554000506886	0.128080984629093	0.37392580270946885	0.37175015988885896	0.0	-1	0.5518913791787688	0.238569211638752	0.03241175710764099	0.282293196213376	0.05426773139087693
b1793_3-84	-1	-1	-1	-1	-1	-1	-1	-1	-1	-1	-1	-1	-1
ENC_14920_1-84	0.881105599140557	0.3313799484327089	0.1652858391737	0.42381039454967584	0.1779655764693	0.1801412192899099	0.5518913791787688	-1	0.0	0.31332216754001685	0.5843031362864098	0.26959818296539284	0.4976236477878919
SEN1776_3-83	0.5677834316005401	0.018057780892692055	0.14803632836631686	0.11048822700965899	0.13535659107071685	0.13318094825010696	0.238569211638752	-1	0.31332216754001685	0.0	0.270980968746393	0.04372398457462401	0.18430148024787507
t1155_3-83	0.2968024628541471	0.25292318785370094	0.41901729711270985	0.160492741736734	0.40633755981710984	0.40416191699649995	0.03241175710764099	-1	0.5843031362864098	0.270980968746393	0.0	0.314704953321017	0.08667948849851792
ERS227112_03639_1-80	0.6115074161751641	0.06178176546731606	0.10431234379169285	0.154212211584283	0.09163260649609284	0.08945696367548295	0.282293196213376	-1	0.26959818296539284	0.04372398457462401	0.314704953321017	0.0	0.22802546482249908
ROD_12591_1-82	0.383481951352665	0.16624369935518302	0.33233780861419193	0.07381325323821608	0.3196580713185919	0.317482428497982	0.05426773139087693	-1	0.4976236477878919	0.18430148024787507	0.08667948849851792	0.22802546482249908	0.0
