t4610_7-265	0.0	-1	0.10773918271898825	1.0668811974575183	0.8402437139236625	0.20885715234309615	0.44618085033452043	0.6787449160485353	0.07789248373138491	0.43559053819291366	0.449057671772432	0.6513804123820275	0.2838610877708339	0.3341981075864418
b4381_1-259	-1	-1	-1	-1	-1	-1	-1	-1	-1	-1	-1	-1	-1	-1
Ecoli9000q_40300_9-267	0.10773918271898825	-1	0.0	0.9591420147385301	0.7325045312046743	0.1011179696241079	0.3384416676155322	0.5710057333295471	0.18563166645037316	0.3278513554739254	0.34131848905344375	0.5436412296630393	0.17612190505184566	0.22645892486745356
CS17_04850_1-259	1.0668811974575183	-1	0.9591420147385301	0.0	0.22663748353385582	0.8580240451144222	0.6207003471229979	0.38813628140898304	1.1447736811889033	0.6312906592646047	0.6178235256850864	0.4155007850754908	0.7830201096866845	0.7326830898710766
BN373_04621_1-259	0.8402437139236625	-1	0.7325045312046743	0.22663748353385582	0.0	0.6313865615805664	0.3940628635891421	0.16149879787512722	0.9181361976550475	0.4046531757307489	0.39118604215123054	0.188863301541635	0.5563826261528286	0.5060456063372207
SEN4328_7-265	0.20885715234309615	-1	0.1011179696241079	0.8580240451144222	0.6313865615805664	0.0	0.23732369799142428	0.46988776370543917	0.28674963607448106	0.2267333858498175	0.24020051942933585	0.4425232600389314	0.07500393542773776	0.12534095524334565
STM_MW45091_7-265	0.44618085033452043	-1	0.3384416676155322	0.6207003471229979	0.3940628635891421	0.23732369799142428	0.0	0.2325640657140149	0.5240733340659054	0.010590312141606772	0.0028768214379115697	0.2051995620475071	0.16231976256368652	0.11198274274807862
ETEC_4737_1-259	0.6787449160485353	-1	0.5710057333295471	0.38813628140898304	0.16149879787512722	0.46988776370543917	0.2325640657140149	0.0	0.7566373997799203	0.24315437785562166	0.22968724427610332	0.027364503666507778	0.3948838282777014	0.3445468084620935
ERS227112_04964_1-219	0.07789248373138491	-1	0.18563166645037316	1.1447736811889033	0.9181361976550475	0.28674963607448106	0.5240733340659054	0.7566373997799203	0.0	0.5134830219242985	0.526950155503817	0.7292728961134125	0.3617535715022188	0.4120905913178267
ERS227112_02315_1-259	0.43559053819291366	-1	0.3278513554739254	0.6312906592646047	0.4046531757307489	0.2267333858498175	0.010590312141606772	0.24315437785562166	0.5134830219242985	0.0	0.013467133579518342	0.21578987418911388	0.15172945042207975	0.10139243060647185
NCTC13441_04013_1-259	0.449057671772432	-1	0.34131848905344375	0.6178235256850864	0.39118604215123054	0.24020051942933585	0.0028768214379115697	0.22968724427610332	0.526950155503817	0.013467133579518342	0.0	0.20232274060959554	0.1651965840015981	0.11485956418599019
STMMW_45091_7-265	0.6513804123820275	-1	0.5436412296630393	0.4155007850754908	0.188863301541635	0.4425232600389314	0.2051995620475071	0.027364503666507778	0.7292728961134125	0.21578987418911388	0.20232274060959554	0.0	0.36751932461119363	0.31718230479558573
SL1344_4494_7-265	0.2838610877708339	-1	0.17612190505184566	0.7830201096866845	0.5563826261528286	0.07500393542773776	0.16231976256368652	0.3948838282777014	0.3617535715022188	0.15172945042207975	0.1651965840015981	0.36751932461119363	0.0	0.0503370198156079
ROD_49041_1-259	0.3341981075864418	-1	0.22645892486745356	0.7326830898710766	0.5060456063372207	0.12534095524334565	0.11198274274807862	0.3445468084620935	0.4120905913178267	0.10139243060647185	0.11485956418599019	0.31718230479558573	0.0503370198156079	0.0
