ENC_27960_1-290	0.0	0.39506764325463684	0.730518748174851	0.9152341334055251	0.7562370463357593	0.24918783992304094	0.8353830243621894	0.6828120665272625	0.15562844597420167	0.5269116296907101	0.5155910957239809	0.7037661387700733
ROD_25401_1-290	0.39506764325463684	0.0	0.3354511049202141	0.5201664901508882	0.36116940308112244	0.1458798033315959	0.4403153811075526	0.2877444232726256	0.23943919728043517	0.1318439864360733	0.12052345246934404	0.3086984955154365
SL1344_2626_1-290	0.730518748174851	0.3354511049202141	0.0	0.1847153852306741	0.025718298160908315	0.48133090825181	0.10486427618733846	0.04770668164758851	0.5748903022006493	0.20360711848414081	0.2149276524508701	0.02675260940477764
STM_MW26821_1-290	0.9152341334055251	0.5201664901508882	0.1847153852306741	0.0	0.15899708706976579	0.6660462934824841	0.07985110904333564	0.2324220668782626	0.7596056874313234	0.3883225037148149	0.3996430376815442	0.21146799463545174
t2623_1-290	0.7562370463357593	0.36116940308112244	0.025718298160908315	0.15899708706976579	0.0	0.5070492064127183	0.07914597802643014	0.07342497980849683	0.6006086003615576	0.22932541664504913	0.2406459506117784	0.052470907565685954
BN373_35751_1-290	0.24918783992304094	0.1458798033315959	0.48133090825181	0.6660462934824841	0.5070492064127183	0.0	0.5861951844391484	0.4336242266042215	0.09355939394883928	0.2777237897676692	0.26640325580093993	0.4545782988470324
ERS227112_04975_1-293	0.8353830243621894	0.4403153811075526	0.10486427618733846	0.07985110904333564	0.07914597802643014	0.5861951844391484	0.0	0.15257095783492697	0.6797545783879877	0.30847139467147927	0.31979192863820854	0.1316168855921161
STMMW_26821_1-290	0.6828120665272625	0.2877444232726256	0.04770668164758851	0.2324220668782626	0.07342497980849683	0.4336242266042215	0.15257095783492697	0.0	0.5271836205530608	0.1559004368365523	0.16722097080328158	0.020954072242810873
BN373_46251_61-333	0.15562844597420167	0.23943919728043517	0.5748903022006493	0.7596056874313234	0.6006086003615576	0.09355939394883928	0.6797545783879877	0.5271836205530608	0.0	0.3712831837165085	0.3599626497497792	0.5481376927958717
SEN2589_1-290	0.5269116296907101	0.1318439864360733	0.20360711848414081	0.3883225037148149	0.22932541664504913	0.2777237897676692	0.30847139467147927	0.1559004368365523	0.3712831837165085	0.0	0.011320533966729274	0.17685450907936318
ERS227112_01722_1-290	0.5155910957239809	0.12052345246934404	0.2149276524508701	0.3996430376815442	0.2406459506117784	0.26640325580093993	0.31979192863820854	0.16722097080328158	0.3599626497497792	0.011320533966729274	0.0	0.18817504304609245
BN373_22731_1-292	0.7037661387700733	0.3086984955154365	0.02675260940477764	0.21146799463545174	0.052470907565685954	0.4545782988470324	0.1316168855921161	0.020954072242810873	0.5481376927958717	0.17685450907936318	0.18817504304609245	0.0
