SEN0509_1-334	0.0	0.4792443559902415	1.1330468590084224	1.4162904027413141	0.534926997771719	1.0847992284998456	1.2873497962764333	-1	1.1351734558844044	1.1118591922720498	0.2757288137121445	0.9532837637575153	1.39662070012495	1.4800061571873024	0.20448471373431176	1.3057135347885507	1.481615190567527	0.40893636711978965	0.762583626157074	0.8438378599266607	1.2796589705726316	1.7435917902515408	1.1582385113898774	1.1224391454467013	-1	0.7589325372819424	1.1566648985911778	0.17243769951011112	1.5042209985298018	0.3702209596090509	-1	0.3745508760980212	1.6575991409814927	0.9066778007598848	1.2551900074750173	0.6781915298526631
t2333_1-334	0.4792443559902415	0.0	1.6122912149986641	1.8955347587315556	1.0141713537619605	1.5640435844900868	1.7665941522666748	-1	1.614417811874646	1.5911035482622915	0.20351554227809698	1.4325281197477568	1.8758650561151915	1.959250513177544	0.6837290697245533	1.7849578907787924	1.0023708345772855	0.8881807231100312	1.2418279821473155	1.3230822159169022	1.7589033265628728	2.2228361462417823	1.637482867380119	1.6016835014369426	-1	0.2796881812917009	1.6359092545814193	0.6516820555003526	1.9834653545200434	0.8494653155992924	-1	0.10469347989222033	2.1368434969717343	1.3859221567501263	1.7344343634652586	1.1574358858429046
ERS227112_02265_1-335	1.1330468590084224	1.6122912149986641	0.0	0.2832435437328916	0.5981198612367035	0.048247630508577055	0.1543029372680108	-1	0.0021265968759819343	0.021187666736372623	1.4087756727205671	0.17976309525090717	0.2635738411165275	0.34695929817888	0.9285621452741107	0.1726666757801283	2.6146620495759496	0.7241104918886329	0.3704632328513485	0.2892089990817618	0.14661211156420895	0.6105449312431183	0.025191652381454932	0.0106077135617213	-1	1.891979396290365	0.023618039582755324	0.9606091594983114	0.37117413952137934	0.7628258993993716	-1	1.5075977351064438	0.5245522819730701	0.2263690582485377	0.12214314846659469	0.45485532915575944
CS17_04020_1-333	1.4162904027413141	1.8955347587315556	0.2832435437328916	0.0	0.8813634049695951	0.3314911742414687	0.1289406064648808	-1	0.2811169468569097	0.30443121046926425	1.6920192164534587	0.4630066389837988	0.019669702616364138	0.06371575444598837	1.2118056890070024	0.11057686795276334	2.897905593308841	1.0073540356215245	0.6537067765842401	0.5724525428146534	0.13663143216868268	0.32730138751022664	0.2580518913514367	0.2938512572946129	-1	2.1752229400232563	0.2596255041501363	1.243852703231203	0.08793059578848772	1.0460694431322632	-1	1.7908412788393353	0.24130873824017857	0.5096126019814293	0.16110039526629694	0.7380988728886511
ENC_47440_1-332	0.534926997771719	1.0141713537619605	0.5981198612367035	0.8813634049695951	0.0	0.5498722307281264	0.7524227985047143	-1	0.6002464581126854	0.5769321945003308	0.8106558114838636	0.4183567659857963	0.861693702353231	0.9450791594155834	0.3304422840374073	0.7707865370168318	2.016542188339246	0.1259906306519294	0.22765662838535494	0.3089108621549417	0.7447319728009124	1.2086647924798217	0.6233115136181584	0.5875121476749822	-1	1.2938595350536615	0.6217379008194588	0.3624892982616079	0.9692940007580828	0.16470603816266816	-1	0.9094778738697402	1.1226721432097737	0.37175080298816576	0.7202630097032982	0.14326453208094403
ETEC_3818_1-301	1.0847992284998456	1.5640435844900868	0.048247630508577055	0.3314911742414687	0.5498722307281264	0.0	0.20255056777658786	-1	0.05037422738455899	0.02705996377220443	1.3605280422119899	0.1315154647423301	0.31182147162510454	0.39520692868745705	0.8803145147655337	0.22091430628870534	2.5664144190673723	0.6758628613800558	0.32221560234277147	0.24096136857318473	0.194859742072786	0.6587925617516953	0.07343928289003199	0.037639916946855756	-1	1.8437317657817878	0.07186567009133238	0.9123615289897343	0.4194217700299564	0.7145782688907946	-1	1.4593501045978665	0.5727999124816472	0.17812142773996065	0.17039077897517174	0.4066076986471824
SL1344_3633_1-332	1.2873497962764333	1.7665941522666748	0.1543029372680108	0.1289406064648808	0.7524227985047143	0.20255056777658786	0.0	-1	0.15217634039202887	0.17549060400438343	1.5630786099885778	0.334066032518918	0.10927090384851668	0.19265636091086918	1.0828650825421215	0.018363738512117478	2.7689649868439603	0.8784134291566437	0.5247661701193593	0.4435119363497726	0.007690825703801862	0.45624199397510745	0.12911128488655588	0.1649106508297321	-1	2.0462823335583757	0.13068489768525549	1.1149120967663222	0.21687120225336853	0.9171288366673824	-1	1.6619006723744545	0.3702493447050594	0.3806719955165485	0.03215978880141612	0.6091582664237702
b3575_1-332	-1	-1	-1	-1	-1	-1	-1	-1	-1	-1	-1	-1	-1	-1	-1	-1	-1	-1	-1	-1	-1	-1	-1	-1	-1	-1	-1	-1	-1	-1	-1	-1	-1	-1	-1	-1
t3851_1-332	1.1351734558844044	1.614417811874646	0.0021265968759819343	0.2811169468569097	0.6002464581126854	0.05037422738455899	0.15217634039202887	-1	0.0	0.023314263612354558	1.410902269596549	0.1818896921268891	0.26144724424054555	0.34483270130289806	0.9306887421500927	0.17054007890414635	2.6167886464519317	0.7262370887646148	0.37258982972733046	0.2913355959577437	0.144485514688227	0.6084183343671363	0.023065055505472998	0.012734310437703233	-1	1.8941059931663469	0.02149144270677339	0.9627357563742933	0.3690475426453974	0.7649524962753536	-1	1.5097243319824256	0.5224256850970883	0.22849565512451964	0.12001655159061275	0.45698192603174137
SEN3490_1-332	1.1118591922720498	1.5911035482622915	0.021187666736372623	0.30443121046926425	0.5769321945003308	0.02705996377220443	0.17549060400438343	-1	0.023314263612354558	0.0	1.3875880059841945	0.15857542851453454	0.2847615078529001	0.3681469649152526	0.9073744785377381	0.1938543425165009	2.593474382839577	0.7029228251522602	0.3492755661149759	0.26802133234538916	0.16779977830058157	0.6317325979794909	0.046379319117827555	0.010579953174651324	-1	1.8707917295539924	0.04480570631912795	0.9394214927619388	0.39236180625775197	0.741638232662999	-1	1.4864100683700712	0.5457399487094428	0.20518139151216508	0.1433308152029673	0.4336676624193868
SEN2924_1-334	0.2757288137121445	0.20351554227809698	1.4087756727205671	1.6920192164534587	0.8106558114838636	1.3605280422119899	1.5630786099885778	-1	1.410902269596549	1.3875880059841945	0.0	1.2290125774696599	1.6723495138370945	1.755734970899447	0.4802135274464563	1.5814423485006954	1.2058863768553825	0.6846651808319342	1.0383124398692185	1.1195666736388052	1.5553877842847759	2.0193206039636853	1.433967325102022	1.3981679591588456	-1	0.4832037235697979	1.4323937123033224	0.44816651322225565	1.7799498122419464	0.6459497733211954	-1	0.09882206238587665	1.9333279546936373	1.1824066144720293	1.5309188211871616	0.9539203435648076
ETEC_0569_1-334	0.9532837637575153	1.4325281197477568	0.17976309525090717	0.4630066389837988	0.4183567659857963	0.1315154647423301	0.334066032518918	-1	0.1818896921268891	0.15857542851453454	1.2290125774696599	0.0	0.44333693636743465	0.5267223934297871	0.7487990500232036	0.35242977103103545	2.4348989543250426	0.5443473966377257	0.19070013760044136	0.10944590383085462	0.3263752068151161	0.7903080264940254	0.2049547476323621	0.16915538168918587	-1	1.7122163010394578	0.2033811348336625	0.7808460642474042	0.5509372347722865	0.5830628041484645	-1	1.3278346398555365	0.7043153772239774	0.046605962997630535	0.30190624371750185	0.27509223390485227
BN373_26741_7-342	1.39662070012495	1.8758650561151915	0.2635738411165275	0.019669702616364138	0.861693702353231	0.31182147162510454	0.10927090384851668	-1	0.26144724424054555	0.2847615078529001	1.6723495138370945	0.44333693636743465	0.0	0.08338545706235251	1.1921359863906382	0.0909071653363992	2.878235890692477	0.9876843330051603	0.634037073967876	0.5527828401982893	0.11696172955231854	0.3469710901265908	0.23838218873507255	0.2741815546782488	-1	2.1555532374068926	0.23995580153377216	1.2241830006148389	0.10760029840485186	1.026399740515899	-1	1.7711715762229712	0.2609784408565427	0.4899428993650652	0.1414306926499328	0.7184291702722869
NCTC13441_03193_5-342	1.4800061571873024	1.959250513177544	0.34695929817888	0.06371575444598837	0.9450791594155834	0.39520692868745705	0.19265636091086918	-1	0.34483270130289806	0.3681469649152526	1.755734970899447	0.5267223934297871	0.08338545706235251	0.0	1.2755214434529907	0.1742926223987517	2.9616213477548294	1.0710697900675128	0.7174225310302285	0.6361682972606417	0.20034718661467105	0.2635856330642382	0.32176764579742506	0.3575670117406013	-1	2.238938694469245	0.32334125859612467	1.3075684576771913	0.02421484134249935	1.1097851975782516	-1	1.8545570332853236	0.1775929837941902	0.5733283564274176	0.2248161497122853	0.8018146273346394
NCTC13441_03459_1-334	0.20448471373431176	0.6837290697245533	0.9285621452741107	1.2118056890070024	0.3304422840374073	0.8803145147655337	1.0828650825421215	-1	0.9306887421500927	0.9073744785377381	0.4802135274464563	0.7487990500232036	1.1921359863906382	1.2755214434529907	0.0	1.1012288210542391	1.6860999043018388	0.20445165338547788	0.5580989124227622	0.639353146192349	1.0751742568383196	1.539107076517229	0.9537537976555657	0.9179544317123894	-1	0.9634172510162542	0.9521801848568661	0.03204701422420064	1.29973628479549	0.16573624587473912	-1	0.5790355898323329	1.453114427247181	0.702193087025573	1.0507052937407053	0.4737068161183513
STM_MW36561_1-333	1.3057135347885507	1.7849578907787924	0.1726666757801283	0.11057686795276334	0.7707865370168318	0.22091430628870534	0.018363738512117478	-1	0.17054007890414635	0.1938543425165009	1.5814423485006954	0.35242977103103545	0.0909071653363992	0.1742926223987517	1.1012288210542391	0.0	2.787328725356078	0.8967771676687611	0.5431299086314768	0.4618756748618901	0.02605456421591934	0.43787825546299	0.14747502339867335	0.1832743893418496	-1	2.0646460720704933	0.14904863619737296	1.1332758352784396	0.19850746374125106	0.9354925751794999	-1	1.680264410886572	0.3518856061929419	0.399035734028666	0.0505235273135336	0.6275220049358877
NCTC13441_00688_1-335	1.481615190567527	1.0023708345772855	2.6146620495759496	2.897905593308841	2.016542188339246	2.5664144190673723	2.7689649868439603	-1	2.6167886464519317	2.593474382839577	1.2058863768553825	2.4348989543250426	2.878235890692477	2.9616213477548294	1.6860999043018388	2.787328725356078	0.0	1.8905515576873166	2.2441988167246008	2.325453050494188	2.7612741611401583	3.2252069808190678	2.6398537019574047	2.604054336014228	-1	0.7226826532855846	2.638280089158705	1.6540528900776381	2.985836189097329	1.8518361501765779	-1	1.1070643144695058	3.1392143315490197	2.388292991327412	2.736805198042544	2.15980672042019
SL1344_0521_1-334	0.40893636711978965	0.8881807231100312	0.7241104918886329	1.0073540356215245	0.1259906306519294	0.6758628613800558	0.8784134291566437	-1	0.7262370887646148	0.7029228251522602	0.6846651808319342	0.5443473966377257	0.9876843330051603	1.0710697900675128	0.20445165338547788	0.8967771676687611	1.8905515576873166	0.0	0.35364725903728433	0.43490149280687107	0.8707226034528418	1.3346554231317511	0.7493021442700878	0.7135027783269116	-1	1.167868904401732	0.7477285314713882	0.23649866760967853	1.0952846314100122	0.038715407510738764	-1	0.7834872432178108	1.248662773861703	0.49774143364009515	0.8462536403552275	0.2692551627328734
NCTC13441_00108_1-333	0.762583626157074	1.2418279821473155	0.3704632328513485	0.6537067765842401	0.22765662838535494	0.32221560234277147	0.5247661701193593	-1	0.37258982972733046	0.3492755661149759	1.0383124398692185	0.19070013760044136	0.634037073967876	0.7174225310302285	0.5580989124227622	0.5431299086314768	2.2441988167246008	0.35364725903728433	0.0	0.08125423376958674	0.5170753444155575	0.9810081640944668	0.39565488523280345	0.3598555192896272	-1	1.5215161634390164	0.39408127243410385	0.5901459266469629	0.7416373723727279	0.3923626665480231	-1	1.1371345022550952	0.8950155148244188	0.14409417460281082	0.4926063813179432	0.08439209630441091
NCTC13441_04420_1-337	0.8438378599266607	1.3230822159169022	0.2892089990817618	0.5724525428146534	0.3089108621549417	0.24096136857318473	0.4435119363497726	-1	0.2913355959577437	0.26802133234538916	1.1195666736388052	0.10944590383085462	0.5527828401982893	0.6361682972606417	0.639353146192349	0.4618756748618901	2.325453050494188	0.43490149280687107	0.08125423376958674	0.0	0.43582111064597073	0.89975393032488	0.3144006514632167	0.2786012855200405	-1	1.6027703972086031	0.3128270386645171	0.6714001604165496	0.6603831386031411	0.47361690031760983	-1	1.218388736024682	0.813761281054832	0.06283994083322408	0.4113521475483565	0.16564633007399765
ROD_48381_1-335	1.2796589705726316	1.7589033265628728	0.14661211156420895	0.13663143216868268	0.7447319728009124	0.194859742072786	0.007690825703801862	-1	0.144485514688227	0.16779977830058157	1.5553877842847759	0.3263752068151161	0.11696172955231854	0.20034718661467105	1.0751742568383196	0.02605456421591934	2.7612741611401583	0.8707226034528418	0.5170753444155575	0.43582111064597073	0.0	0.4639328196789093	0.12142045918275401	0.15721982512593025	-1	2.0385915078545738	0.12299407198145362	1.1072212710625204	0.2245620279571704	0.9094380109635806	-1	1.6542098466706525	0.37794017040886124	0.37298116981274665	0.02446896309761426	0.6014674407199684
Ecoli9000q_49510_5-342	1.7435917902515408	2.2228361462417823	0.6105449312431183	0.32730138751022664	1.2086647924798217	0.6587925617516953	0.45624199397510745	-1	0.6084183343671363	0.6317325979794909	2.0193206039636853	0.7903080264940254	0.3469710901265908	0.2635856330642382	1.539107076517229	0.43787825546299	3.2252069808190678	1.3346554231317511	0.9810081640944668	0.89975393032488	0.4639328196789093	0.0	0.5853532788616633	0.6211526448048396	-1	2.502524327533483	0.5869268916603629	1.5711540907414296	0.2393707917217389	1.3733708306424899	-1	2.118142666349562	0.08599264927004804	0.836913989491656	0.4884017827765236	1.0654002603988777
CS17_00860_5-342	1.1582385113898774	1.637482867380119	0.025191652381454932	0.2580518913514367	0.6233115136181584	0.07343928289003199	0.12911128488655588	-1	0.023065055505472998	0.046379319117827555	1.433967325102022	0.2049547476323621	0.23838218873507255	0.32176764579742506	0.9537537976555657	0.14747502339867335	2.6398537019574047	0.7493021442700878	0.39565488523280345	0.3144006514632167	0.12142045918275401	0.5853532788616633	0.0	0.03579936594317623	-1	1.9171710486718199	0.0015736127986996085	0.9858008118797663	0.3459824871399244	0.7880175517808266	-1	1.5327893874878986	0.49936062959161526	0.25156071062999263	0.09695149608513975	0.48004698153721437
STMMW_36561_1-332	1.1224391454467013	1.6016835014369426	0.0106077135617213	0.2938512572946129	0.5875121476749822	0.037639916946855756	0.1649106508297321	-1	0.012734310437703233	0.010579953174651324	1.3981679591588456	0.16915538168918587	0.2741815546782488	0.3575670117406013	0.9179544317123894	0.1832743893418496	2.604054336014228	0.7135027783269116	0.3598555192896272	0.2786012855200405	0.15721982512593025	0.6211526448048396	0.03579936594317623	0.0	-1	1.8813716827286435	0.03422575314447662	0.9500014459365901	0.38178185308310064	0.7522181858376503	-1	1.4969900215447223	0.5351599955347914	0.2157613446868164	0.13275086202831599	0.44424761559403814
b0517_1-334	-1	-1	-1	-1	-1	-1	-1	-1	-1	-1	-1	-1	-1	-1	-1	-1	-1	-1	-1	-1	-1	-1	-1	-1	-1	-1	-1	-1	-1	-1	-1	-1	-1	-1	-1	-1
STM_MW30421_1-335	0.7589325372819424	0.2796881812917009	1.891979396290365	2.1752229400232563	1.2938595350536615	1.8437317657817878	2.0462823335583757	-1	1.8941059931663469	1.8707917295539924	0.4832037235697979	1.7122163010394578	2.1555532374068926	2.238938694469245	0.9634172510162542	2.0646460720704933	0.7226826532855846	1.167868904401732	1.5215161634390164	1.6027703972086031	2.0385915078545738	2.502524327533483	1.9171710486718199	1.8813716827286435	-1	0.0	1.9155974358731203	0.9313702367920536	2.2631535358117443	1.1291534968909933	-1	0.38438166118392125	2.416531678263435	1.6656103380418272	2.0141225447569595	1.4371240671346055
BN373_04181_1-335	1.1566648985911778	1.6359092545814193	0.023618039582755324	0.2596255041501363	0.6217379008194588	0.07186567009133238	0.13068489768525549	-1	0.02149144270677339	0.04480570631912795	1.4323937123033224	0.2033811348336625	0.23995580153377216	0.32334125859612467	0.9521801848568661	0.14904863619737296	2.638280089158705	0.7477285314713882	0.39408127243410385	0.3128270386645171	0.12299407198145362	0.5869268916603629	0.0015736127986996085	0.03422575314447662	-1	1.9155974358731203	0.0	0.9842271990810667	0.347556099938624	0.7864439389821269	-1	1.531215774689199	0.5009342423903149	0.24998709783129303	0.09852510888383936	0.47847336873851476
STM_MW05961_3-338	0.17243769951011112	0.6516820555003526	0.9606091594983114	1.243852703231203	0.3624892982616079	0.9123615289897343	1.1149120967663222	-1	0.9627357563742933	0.9394214927619388	0.44816651322225565	0.7808460642474042	1.2241830006148389	1.3075684576771913	0.03204701422420064	1.1332758352784396	1.6540528900776381	0.23649866760967853	0.5901459266469629	0.6714001604165496	1.1072212710625204	1.5711540907414296	0.9858008118797663	0.9500014459365901	-1	0.9313702367920536	0.9842271990810667	0.0	1.3317832990196907	0.19778326009893976	-1	0.5469885756081323	1.4851614414713816	0.7342401012497737	1.0827523079649062	0.505753830342552
ERS227112_04588_7-342	1.5042209985298018	1.9834653545200434	0.37117413952137934	0.08793059578848772	0.9692940007580828	0.4194217700299564	0.21687120225336853	-1	0.3690475426453974	0.39236180625775197	1.7799498122419464	0.5509372347722865	0.10760029840485186	0.02421484134249935	1.29973628479549	0.19850746374125106	2.985836189097329	1.0952846314100122	0.7416373723727279	0.6603831386031411	0.2245620279571704	0.2393707917217389	0.3459824871399244	0.38178185308310064	-1	2.2631535358117443	0.347556099938624	1.3317832990196907	0.0	1.134000038920751	-1	1.878771874627823	0.15337814245169085	0.597543197769917	0.24903099105478466	0.8260294686771388
STMMW_30421_1-334	0.3702209596090509	0.8494653155992924	0.7628258993993716	1.0460694431322632	0.16470603816266816	0.7145782688907946	0.9171288366673824	-1	0.7649524962753536	0.741638232662999	0.6459497733211954	0.5830628041484645	1.026399740515899	1.1097851975782516	0.16573624587473912	0.9354925751794999	1.8518361501765779	0.038715407510738764	0.3923626665480231	0.47361690031760983	0.9094380109635806	1.3733708306424899	0.7880175517808266	0.7522181858376503	-1	1.1291534968909933	0.7864439389821269	0.19778326009893976	1.134000038920751	0.0	-1	0.7447718357070721	1.2873781813724419	0.5364568411508339	0.8849690478659663	0.3079705702436122
b0801_5-342	-1	-1	-1	-1	-1	-1	-1	-1	-1	-1	-1	-1	-1	-1	-1	-1	-1	-1	-1	-1	-1	-1	-1	-1	-1	-1	-1	-1	-1	-1	-1	-1	-1	-1	-1	-1
Ecoli9000q_46410_1-334	0.3745508760980212	0.10469347989222033	1.5075977351064438	1.7908412788393353	0.9094778738697402	1.4593501045978665	1.6619006723744545	-1	1.5097243319824256	1.4864100683700712	0.09882206238587665	1.3278346398555365	1.7711715762229712	1.8545570332853236	0.5790355898323329	1.680264410886572	1.1070643144695058	0.7834872432178108	1.1371345022550952	1.218388736024682	1.6542098466706525	2.118142666349562	1.5327893874878986	1.4969900215447223	-1	0.38438166118392125	1.531215774689199	0.5469885756081323	1.878771874627823	0.7447718357070721	-1	0.0	2.032150017079514	1.281228676857906	1.6297408835730383	1.0527424059506842
CS17_00543_1-334	1.6575991409814927	2.1368434969717343	0.5245522819730701	0.24130873824017857	1.1226721432097737	0.5727999124816472	0.3702493447050594	-1	0.5224256850970883	0.5457399487094428	1.9333279546936373	0.7043153772239774	0.2609784408565427	0.1775929837941902	1.453114427247181	0.3518856061929419	3.1392143315490197	1.248662773861703	0.8950155148244188	0.813761281054832	0.37794017040886124	0.08599264927004804	0.49936062959161526	0.5351599955347914	-1	2.416531678263435	0.5009342423903149	1.4851614414713816	0.15337814245169085	1.2873781813724419	-1	2.032150017079514	0.0	0.750921340221608	0.4024091335064755	0.9794076111288297
STMMW_05961_1-334	0.9066778007598848	1.3859221567501263	0.2263690582485377	0.5096126019814293	0.37175080298816576	0.17812142773996065	0.3806719955165485	-1	0.22849565512451964	0.20518139151216508	1.1824066144720293	0.046605962997630535	0.4899428993650652	0.5733283564274176	0.702193087025573	0.399035734028666	2.388292991327412	0.49774143364009515	0.14409417460281082	0.06283994083322408	0.37298116981274665	0.836913989491656	0.25156071062999263	0.2157613446868164	-1	1.6656103380418272	0.24998709783129303	0.7342401012497737	0.597543197769917	0.5364568411508339	-1	1.281228676857906	0.750921340221608	0.0	0.3485122067151324	0.22848627090722173
ETEC_0868_5-342	1.2551900074750173	1.7344343634652586	0.12214314846659469	0.16110039526629694	0.7202630097032982	0.17039077897517174	0.03215978880141612	-1	0.12001655159061275	0.1433308152029673	1.5309188211871616	0.30190624371750185	0.1414306926499328	0.2248161497122853	1.0507052937407053	0.0505235273135336	2.736805198042544	0.8462536403552275	0.4926063813179432	0.4113521475483565	0.02446896309761426	0.4884017827765236	0.09695149608513975	0.13275086202831599	-1	2.0141225447569595	0.09852510888383936	1.0827523079649062	0.24903099105478466	0.8849690478659663	-1	1.6297408835730383	0.4024091335064755	0.3485122067151324	0.0	0.5769984776223541
SL1344_3057_1-334	0.6781915298526631	1.1574358858429046	0.45485532915575944	0.7380988728886511	0.14326453208094403	0.4066076986471824	0.6091582664237702	-1	0.45698192603174137	0.4336676624193868	0.9539203435648076	0.27509223390485227	0.7184291702722869	0.8018146273346394	0.4737068161183513	0.6275220049358877	2.15980672042019	0.2692551627328734	0.08439209630441091	0.16564633007399765	0.6014674407199684	1.0654002603988777	0.48004698153721437	0.44424761559403814	-1	1.4371240671346055	0.47847336873851476	0.505753830342552	0.8260294686771388	0.3079705702436122	-1	1.0527424059506842	0.9794076111288297	0.22848627090722173	0.5769984776223541	0.0
