t2419_1-204	0.0	0.5619265272559942	0.7238433872568084	0.6457360542583125	0.6023810218732681	-1	0.5578423618246555	0.3414813786490714	0.7471896173655491	0.6270830911109622	0.28802322858389784	0.8197430988277165	0.6229662961262687	0.6587497601344502
SL1344_0435_1-171	0.5619265272559942	0.0	0.36961119555265204	0.19131385992708475	0.09234636912359684	-1	0.009236898967058238	0.3347591722686401	0.42290415109845236	0.14873432862035663	0.38470819508241866	0.588523587052213	0.1393368297056047	0.22102053400306165
ENC_23160_1-204	0.7238433872568084	0.36961119555265204	0.0	0.2204777932876296	0.30547426572990904	-1	0.3754340332492968	0.5806396299368639	0.0845398191874956	0.25946878202467744	0.6121269347117549	0.34726567152707927	0.26755457163140894	0.19075042159092595
ERS227112_02743_1-203	0.6457360542583125	0.19131385992708475	0.2204777932876296	0.0	0.10903662744997544	-1	0.19878361209899856	0.46202896280301536	0.28637845969573095	0.05001908656520778	0.502422045262704	0.4911790958718716	0.06039183738244656	0.03673449142246759
NCTC13441_03549_1-204	0.6023810218732681	0.09234636912359684	0.30547426572990904	0.10903662744997544	0.0	-1	0.10073027400908574	0.39619174730240736	0.3641893457261652	0.062124975407538745	0.44152815921806177	0.54665921123405	0.05177135746885658	0.14176571381664713
b0430_1-204	-1	-1	-1	-1	-1	-1	-1	-1	-1	-1	-1	-1	-1	-1
STM_MW05121_1-171	0.5578423618246555	0.009236898967058238	0.3754340332492968	0.19878361209899856	0.10073027400908574	-1	0.0	0.3285571222446632	0.42823472714906463	0.1565973836210154	0.3789718205329857	0.5923243531059392	0.14728668845428208	0.22821588862788836
Ecoli9000q_45410_1-171	0.3414813786490714	0.3347591722686401	0.5806396299368639	0.46202896280301536	0.39619174730240736	-1	0.3285571222446632	0.0	0.6160922797964027	0.4337033201521142	0.07508412101541846	0.7262690904586833	0.4274517201954601	0.48179105525446403
BN373_08811_1-203	0.7471896173655491	0.42290415109845236	0.0845398191874956	0.28637845969573095	0.3641893457261652	-1	0.42823472714906463	0.6160922797964027	0.0	0.3220731572950071	0.6449176535189229	0.28698774435651025	0.3294753757103974	0.25916423462718613
ROD_04851_1-204	0.6270830911109622	0.14873432862035663	0.25946878202467744	0.05001908656520778	0.062124975407538745	-1	0.1565973836210154	0.4337033201521142	0.3220731572950071	0.0	0.4762232085924426	0.5166298527216437	0.010918904443810992	0.08491615228128609
STMMW_05121_1-171	0.28802322858389784	0.38470819508241866	0.6121269347117549	0.502422045262704	0.44152815921806177	-1	0.3789718205329857	0.07508412101541846	0.6449176535189229	0.4762232085924426	0.0	0.746821935196344	0.47044100452347387	0.5207003183730101
CS17_00461_1-204	0.8197430988277165	0.588523587052213	0.34726567152707927	0.4911790958718716	0.54665921123405	-1	0.5923243531059392	0.7262690904586833	0.28698774435651025	0.5166298527216437	0.746821935196344	0.0	0.5219077251707669	0.4717750198701588
SEN0423_1-171	0.6229662961262687	0.1393368297056047	0.26755457163140894	0.06039183738244656	0.05177135746885658	-1	0.14728668845428208	0.4274517201954601	0.3294753757103974	0.010918904443810992	0.47044100452347387	0.5219077251707669	0.0	0.09490786537260161
ETEC_0483_1-204	0.6587497601344502	0.22102053400306165	0.19075042159092595	0.03673449142246759	0.14176571381664713	-1	0.22821588862788836	0.48179105525446403	0.25916423462718613	0.08491615228128609	0.5207003183730101	0.4717750198701588	0.09490786537260161	0.0
