t2020_12-158	0.0	0.18473494376856295	0.09074771614771251	0.3819273407889742	0.15145755327146876	0.4518395055323114	0.24243656203854375	0.17098200506809824	0.12595993253990395	-1	0.7440708966543053	0.3134218292080192	0.36793069458910976	0.38561961578371473
STM_MW09271_12-158	0.18473494376856295	0.0	0.25871838567660227	0.24187519814958486	0.03921711945630034	0.5531039036539476	0.38238500115147256	0.3241305977449699	0.28742567525361573	-1	0.6860786545559464	0.44025680898199854	0.22470698261908736	0.24640412400813697
ETEC_0920_12-158	0.09074771614771251	0.25871838567660227	0.0	0.43801602302571824	0.228460842366475	0.3971304728042454	0.16682811644768308	0.0882420537680169	0.03872656359245596	-1	0.7672958782786591	0.24489805196516962	0.42528954050221907	0.44137323249729676
ERS227112_03370_12-159	0.3819273407889742	0.24187519814958486	0.43801602302571824	0.0	0.27160666906653663	0.6611969855099249	0.5317707513781158	0.4876066433386468	0.45977973124795407	-1	0.5859239208665369	0.5756448042223586	0.02214416374920412	0.005973852652621319
SEN0822_12-158	0.15145755327146876	0.03921711945630034	0.228460842366475	0.27160666906653663	0.0	0.534862552824466	0.357175266800108	0.29654304219850297	0.2583399026186396	-1	0.6983897454601085	0.4174092790857732	0.25511174149535015	0.27595798349868517
ENC_18550_12-158	0.4518395055323114	0.5531039036539476	0.3971304728042454	0.6611969855099249	0.534862552824466	0.0	0.2764163804647893	0.338783358360374	0.37284283080910974	-1	0.8597097761613518	0.20160512263974956	0.653524577008118	0.6632209447967525
CS17_00914_12-158	0.24243656203854375	0.38238500115147256	0.16682811644768308	0.5317707513781158	0.357175266800108	0.2764163804647893	0.0	0.08619180452930339	0.13326234555483635	-1	0.8061174685950426	0.09370207643664963	0.5211674039630163	0.5345678839170305
SL1344_0853_12-158	0.17098200506809824	0.3241305977449699	0.0882420537680169	0.4876066433386468	0.29654304219850297	0.338783358360374	0.08619180452930339	0.0	0.05151030736957577	-1	0.7878301678996327	0.17181752990973545	0.4760031717702639	0.49066760575152374
STMMW_09271_12-158	0.12595993253990395	0.28742567525361573	0.03872656359245596	0.45977973124795407	0.2583399026186396	0.37284283080910974	0.13326234555483635	0.05151030736957577	0.0	-1	0.776307709246727	0.21447746350217947	0.44754610165920944	0.4630069275334383
b0853_12-158	-1	-1	-1	-1	-1	-1	-1	-1	-1	-1	-1	-1	-1	-1
Ecoli9000q_50070_12-158	0.7440708966543053	0.6860786545559464	0.7672958782786591	0.5859239208665369	0.6983897454601085	0.8597097761613518	0.8061174685950426	0.7878301678996327	0.776307709246727	-1	0.0	0.8242846643724812	0.5950932893674967	0.5834354254780408
BN373_14991_12-159	0.3134218292080192	0.44025680898199854	0.24489805196516962	0.5756448042223586	0.4174092790857732	0.20160512263974956	0.09370207643664963	0.17181752990973545	0.21447746350217947	-1	0.8242846643724812	0.0	0.5660350124772331	0.5781798396343085
NCTC13441_03141_12-158	0.36793069458910976	0.22470698261908736	0.42528954050221907	0.02214416374920412	0.25511174149535015	0.653524577008118	0.5211674039630163	0.4760031717702639	0.44754610165920944	-1	0.5950932893674967	0.5660350124772331	0.0	0.027985730430472176
ROD_08591_1-147	0.38561961578371473	0.24640412400813697	0.44137323249729676	0.005973852652621319	0.27595798349868517	0.6632209447967525	0.5345678839170305	0.49066760575152374	0.4630069275334383	-1	0.5834354254780408	0.5781798396343085	0.027985730430472176	0.0
