b3188_1-92	0.0	5.74633486265797	4.615022003314801	5.74098326414324	5.8838350874269	6.011242962215663	6.595935896165245	5.68267570090347	3.93024383454029	6.177564685201929	3.06081380065607	6.008127404994861	4.8088625778833105	6.271383821885693	6.4827814666736	3.3985190291393	5.99782430849458	5.96091306762252	5.6346658538465295	5.63797071525699	1.7163320305259004	6.389495448205586	5.47865967227192
CS17_03630_1-93	5.74633486265797	0.0	1.1313128593431698	0.005351598514730105	0.1375002247689301	0.264908099557693	0.849601033507275	0.06365916175449993	1.8160910281176799	0.43122982254395903	2.6855210620019	0.261792542336891	0.9374722847746599	0.525048959227723	0.73644660401563	2.34781583351867	0.2514894458366099	0.21457820496454993	0.11166900881144004	0.10836414740098	4.03000283213207	0.643160585547616	0.2676751903860499
ERS227112_01249_1-83	4.615022003314801	1.1313128593431698	0.0	1.1259612608284397	1.2688130841121	1.3962209589008627	1.9809138928504448	1.06765369758867	0.68477816877451	1.5625426818871289	1.5542082026587303	1.3931054016800608	0.1938405745685099	1.6563618185708928	1.8677594633587997	1.2165029741755	1.3828023051797798	1.3458910643077198	1.0196438505317298	1.0229487119421898	2.8986899727888997	1.774473444890786	0.8636376689571199
SEN3139_1-95	5.74098326414324	0.005351598514730105	1.1259612608284397	0.0	0.1428518232836602	0.2702596980724231	0.8549526320220051	0.05830756323976982	1.8107394296029498	0.43658142105868913	2.68016946348717	0.2671441408516211	0.9321206862599298	0.5304005577424531	0.7417982025303601	2.3424642350039395	0.25684104435134003	0.21992980347928004	0.10631741029670994	0.10301254888624989	4.024651233617339	0.6485121840623461	0.2623235918713198
SL1344_3278_1-95	5.8838350874269	0.1375002247689301	1.2688130841121	0.1428518232836602	0.0	0.12740787478876292	0.7121008087383449	0.20115938652343002	1.95359125288661	0.29372959777502894	2.82302128677083	0.12429231756796089	1.07497250954359	0.3875487344587929	0.5989463792466999	2.4853160582875997	0.11398922106767984	0.07707798019561984	0.24916923358037013	0.24586437216991008	4.167503056900999	0.5056603607786859	0.40517541515498
ROD_46321_1-95	6.011242962215663	0.264908099557693	1.3962209589008627	0.2702596980724231	0.12740787478876292	0.0	0.584692933949582	0.32856726131219294	2.0809991276753728	0.16632172298626602	2.950429161559593	0.0031155572208020343	1.2023803843323528	0.26014085967003	0.471538504457937	2.6127239330763627	0.013418653721083085	0.050329894593143076	0.37657710836913305	0.373272246958673	4.2949109316897625	0.378252485989923	0.5325832899437429
SL1344_2733_2-92	6.595935896165245	0.849601033507275	1.9809138928504448	0.8549526320220051	0.7121008087383449	0.584692933949582	0.0	0.9132601952617749	2.665692061624955	0.418371210963316	3.535122095509175	0.587808491170384	1.787073318281935	0.324552074279552	0.113154429491645	3.197416867025945	0.5981115876706651	0.6350228285427251	0.961270042318715	0.957965180908255	4.879603865639345	0.206440447959659	1.117276223893325
SL1344_2343_1-82	5.68267570090347	0.06365916175449993	1.06765369758867	0.05830756323976982	0.20115938652343002	0.32856726131219294	0.9132601952617749	0.0	1.75243186636318	0.49488898429845896	2.6218619002474	0.3254517040913909	0.87381312302016	0.5887081209822229	0.8001057657701299	2.28415667176417	0.31514860759110985	0.27823736671904986	0.048009847056940114	0.04470498564648007	3.9663436703775696	0.7068197473021159	0.20401602863155
STM_MW23961_1-82	3.93024383454029	1.8160910281176799	0.68477816877451	1.8107394296029498	1.95359125288661	2.0809991276753728	2.665692061624955	1.75243186636318	0.0	2.247320850661639	0.8694300338842202	2.0778835704545706	0.8786187433430199	2.341139987345403	2.5525376321333098	0.53172480540099	2.0675804739542896	2.0306692330822296	1.7044220193062398	1.7077268807166999	2.2139118040143897	2.459251613665296	1.54841583773163
ERS227112_01000_1-91	6.177564685201929	0.43122982254395903	1.5625426818871289	0.43658142105868913	0.29372959777502894	0.16632172298626602	0.418371210963316	0.49488898429845896	2.247320850661639	0.0	3.1167508845458594	0.16943728020706805	1.368702107318619	0.09381913668376396	0.305216781471671	2.779045656062629	0.1797403767073491	0.2166516175794091	0.5428988313553991	0.539593969944939	4.461232654676029	0.21193076300365699	0.698905012930009
t0490_1-82	3.06081380065607	2.6855210620019	1.5542082026587303	2.68016946348717	2.82302128677083	2.950429161559593	3.535122095509175	2.6218619002474	0.8694300338842202	3.1167508845458594	0.0	2.947313604338791	1.7480487772272402	3.210570021229623	3.42196766601753	0.33770522848323026	2.93701050783851	2.90009926696645	2.57385205319046	2.57715691460092	1.3444817701301695	3.3286816475495162	2.4178458716158504
STMMW_33051_1-95	6.008127404994861	0.261792542336891	1.3931054016800608	0.2671441408516211	0.12429231756796089	0.0031155572208020343	0.587808491170384	0.3254517040913909	2.0778835704545706	0.16943728020706805	2.947313604338791	0.0	1.199264827111551	0.263256416890832	0.474654061678739	2.6096083758555606	0.01030309650028105	0.04721433737234104	0.373461551148331	0.37015668973787097	4.29179537446896	0.38136804321072504	0.5294677327229409
STMMW_23961_1-82	4.8088625778833105	0.9374722847746599	0.1938405745685099	0.9321206862599298	1.07497250954359	1.2023803843323528	1.787073318281935	0.87381312302016	0.8786187433430199	1.368702107318619	1.7480487772272402	1.199264827111551	0.0	1.462521244002383	1.6739188887902898	1.41034354874401	1.1889617306112699	1.1520504897392099	0.8258032759632199	0.8291081373736799	3.0925305473574096	1.580632870322276	0.66979709438861
STMMW_27161_2-92	6.271383821885693	0.525048959227723	1.6563618185708928	0.5304005577424531	0.3875487344587929	0.26014085967003	0.324552074279552	0.5887081209822229	2.341139987345403	0.09381913668376396	3.210570021229623	0.263256416890832	1.462521244002383	0.0	0.211397644787907	2.872864792746393	0.27355951339111306	0.31047075426317305	0.636717968039163	0.633413106628703	4.5550517913597925	0.11811162631989303	0.7927241496137729
STM_MW27161_2-93	6.4827814666736	0.73644660401563	1.8677594633587997	0.7417982025303601	0.5989463792466999	0.471538504457937	0.113154429491645	0.8001057657701299	2.5525376321333098	0.305216781471671	3.42196766601753	0.474654061678739	1.6739188887902898	0.211397644787907	0.0	3.0842624375342997	0.4849571581790201	0.5218683990510801	0.84811561282707	0.84481075141661	4.7664494361477	0.09328601846801399	1.00412179440168
SEN2356_1-82	3.3985190291393	2.34781583351867	1.2165029741755	2.3424642350039395	2.4853160582875997	2.6127239330763627	3.197416867025945	2.28415667176417	0.53172480540099	2.779045656062629	0.33770522848323026	2.6096083758555606	1.41034354874401	2.872864792746393	3.0842624375342997	0.0	2.5993052793552796	2.5623940384832196	2.23614682470723	2.2394516861176896	1.6821869986133997	2.990976419066286	2.08014064313262
t3223_1-95	5.99782430849458	0.2514894458366099	1.3828023051797798	0.25684104435134003	0.11398922106767984	0.013418653721083085	0.5981115876706651	0.31514860759110985	2.0675804739542896	0.1797403767073491	2.93701050783851	0.01030309650028105	1.1889617306112699	0.27355951339111306	0.4849571581790201	2.5993052793552796	0.0	0.03691124087205999	0.36315845464804997	0.3598535932375899	4.281492277968679	0.3916711397110061	0.5191646362226598
STM_MW33051_1-95	5.96091306762252	0.21457820496454993	1.3458910643077198	0.21992980347928004	0.07707798019561984	0.050329894593143076	0.6350228285427251	0.27823736671904986	2.0306692330822296	0.2166516175794091	2.90009926696645	0.04721433737234104	1.1520504897392099	0.31047075426317305	0.5218683990510801	2.5623940384832196	0.03691124087205999	0.0	0.32624721377599	0.3229423523655299	4.244581037096619	0.4285823805830661	0.48225339535059986
ETEC_3453_1-92	5.6346658538465295	0.11166900881144004	1.0196438505317298	0.10631741029670994	0.24916923358037013	0.37657710836913305	0.961270042318715	0.048009847056940114	1.7044220193062398	0.5428988313553991	2.57385205319046	0.373461551148331	0.8258032759632199	0.636717968039163	0.84811561282707	2.23614682470723	0.36315845464804997	0.32624721377599	0.0	0.003304861410460047	3.9183338233206295	0.754829594359056	0.15600618157460988
NCTC13441_00504_1-93	5.63797071525699	0.10836414740098	1.0229487119421898	0.10301254888624989	0.24586437216991008	0.373272246958673	0.957965180908255	0.04470498564648007	1.7077268807166999	0.539593969944939	2.57715691460092	0.37015668973787097	0.8291081373736799	0.633413106628703	0.84481075141661	2.2394516861176896	0.3598535932375899	0.3229423523655299	0.003304861410460047	0.0	3.9216386847310893	0.751524732948596	0.15931104298506993
ERS227112_01253_1-87	1.7163320305259004	4.03000283213207	2.8986899727888997	4.024651233617339	4.167503056900999	4.2949109316897625	4.879603865639345	3.9663436703775696	2.2139118040143897	4.461232654676029	1.3444817701301695	4.29179537446896	3.0925305473574096	4.5550517913597925	4.7664494361477	1.6821869986133997	4.281492277968679	4.244581037096619	3.9183338233206295	3.9216386847310893	0.0	4.673163417679685	3.76232764174602
BN373_42481_1-90	6.389495448205586	0.643160585547616	1.774473444890786	0.6485121840623461	0.5056603607786859	0.378252485989923	0.206440447959659	0.7068197473021159	2.459251613665296	0.21193076300365699	3.3286816475495162	0.38136804321072504	1.580632870322276	0.11811162631989303	0.09328601846801399	2.990976419066286	0.3916711397110061	0.4285823805830661	0.754829594359056	0.751524732948596	4.673163417679685	0.0	0.9108357759336659
NCTC13441_02662_12-87	5.47865967227192	0.2676751903860499	0.8636376689571199	0.2623235918713198	0.40517541515498	0.5325832899437429	1.117276223893325	0.20401602863155	1.54841583773163	0.698905012930009	2.4178458716158504	0.5294677327229409	0.66979709438861	0.7927241496137729	1.00412179440168	2.08014064313262	0.5191646362226598	0.48225339535059986	0.15600618157460988	0.15931104298506993	3.76232764174602	0.9108357759336659	0.0
