NCTC13441_00472_1-261	0.0	0.1521327243510756	0.25923375639353263	0.08712427925808153	0.5674679112123878	0.11893470211238844	0.5122355872824728	0.24900316488826257	0.11683147016828288	-1	0.19388404473998266	0.1443251831283433
STM_MW33391_4-264	0.1521327243510756	0.0	0.41136648074460824	0.06500844509299408	0.7196006355634634	0.27106742646346405	0.6643683116335484	0.4011358892393382	0.2689641945193585	-1	0.3460167690910583	0.2964579074794189
STMMW_33391_4-263	0.25923375639353263	0.41136648074460824	0.0	0.34635803565161416	0.3082341548188552	0.1402990542811442	0.2530018308889401	0.010230591505270059	0.14240228622524975	-1	0.06534971165354997	0.11490857326518933
t3257_4-263	0.08712427925808153	0.06500844509299408	0.34635803565161416	0.0	0.6545921904704693	0.20605898137046996	0.5993598665405543	0.3361274441463441	0.2039557494263644	-1	0.2810083239980642	0.23144946238642483
ENC_34690_1-260	0.5674679112123878	0.7196006355634634	0.3082341548188552	0.6545921904704693	0.0	0.4485332090999994	0.05523232392991506	0.31846474632412525	0.45063644104410494	-1	0.37358386647240516	0.4231427280840445
ROD_45961_1-260	0.11893470211238844	0.27106742646346405	0.1402990542811442	0.20605898137046996	0.4485332090999994	0.0	0.3933008851700843	0.13006846277587414	0.0021032319441055547	-1	0.07494934262759423	0.02539048101595487
ENC_24780_7-238	0.5122355872824728	0.6643683116335484	0.2530018308889401	0.5993598665405543	0.05523232392991506	0.3933008851700843	0.0	0.2632324223942102	0.3954041171141899	-1	0.3183515425424901	0.36791040415412946
CS17_03663_4-264	0.24900316488826257	0.4011358892393382	0.010230591505270059	0.3361274441463441	0.31846474632412525	0.13006846277587414	0.2632324223942102	0.0	0.1321716947199797	-1	0.05511912014827991	0.10467798175991927
SL1344_3312_4-263	0.11683147016828288	0.2689641945193585	0.14240228622524975	0.2039557494263644	0.45063644104410494	0.0021032319441055547	0.3954041171141899	0.1321716947199797	0.0	-1	0.07705257457169978	0.027493712960060424
b3226_4-263	-1	-1	-1	-1	-1	-1	-1	-1	-1	-1	-1	-1
SEN3173_4-263	0.19388404473998266	0.3460167690910583	0.06534971165354997	0.2810083239980642	0.37358386647240516	0.07494934262759423	0.3183515425424901	0.05511912014827991	0.07705257457169978	-1	0.0	0.04955886161163936
ETEC_3487_4-263	0.1443251831283433	0.2964579074794189	0.11490857326518933	0.23144946238642483	0.4231427280840445	0.02539048101595487	0.36791040415412946	0.10467798175991927	0.027493712960060424	-1	0.04955886161163936	0.0
