b2293_1-216	-1	-1	-1	-1	-1	-1	-1	-1	-1	-1	-1	-1
SEN2316_4-225	-1	0.0	0.22130475049708243	0.05241730939734124	0.5897279588345069	0.04502834098907926	0.14779739241607526	0.01634260797271414	0.17660268799721357	0.0428677296059341	0.281135357686351	0.20834708312202088
SL1344_2303_4-225	-1	0.22130475049708243	0.0	0.27372205989442366	0.3684232083374245	0.17627640950800316	0.3691021429131577	0.23764735846979657	0.397907438494296	0.2641724801030165	0.05983060718926858	0.012957667375061543
ROD_26951_1-219	-1	0.05241730939734124	0.27372205989442366	0.0	0.6421452682318481	0.0974456503864205	0.09538008301873402	0.0360747014246271	0.12418537859987233	0.009549579791407137	0.33355266708369224	0.2607643925193621
CS17_02540_1-217	-1	0.5897279588345069	0.3684232083374245	0.6421452682318481	0.0	0.5446996178454276	0.7375253512505822	0.606070566807221	0.7663306468317205	0.632595688440441	0.3085926011481559	0.381380875712486
t0530_4-225	-1	0.04502834098907926	0.17627640950800316	0.0974456503864205	0.5446996178454276	0.0	0.19282573340515452	0.0613709489617934	0.22163102898629283	0.08789607059501336	0.23610701669727174	0.16331874213294162
STM_MW23561_4-225	-1	0.14779739241607526	0.3691021429131577	0.09538008301873402	0.7375253512505822	0.19282573340515452	0.0	0.13145478444336112	0.028805295581138313	0.10492966281014116	0.42893275010242626	0.35614447553809614
STMMW_23561_4-225	-1	0.01634260797271414	0.23764735846979657	0.0360747014246271	0.606070566807221	0.0613709489617934	0.13145478444336112	0.0	0.16026008002449943	0.02652512163321996	0.29747796565906515	0.22468969109473502
NCTC13441_01417_1-217	-1	0.17660268799721357	0.397907438494296	0.12418537859987233	0.7663306468317205	0.22163102898629283	0.028805295581138313	0.16026008002449943	0.0	0.13373495839127947	0.4577380456835646	0.38494977111923445
ERS227112_03895_1-219	-1	0.0428677296059341	0.2641724801030165	0.009549579791407137	0.632595688440441	0.08789607059501336	0.10492966281014116	0.02652512163321996	0.13373495839127947	0.0	0.3240030872922851	0.251214812727955
BN373_32941_1-219	-1	0.281135357686351	0.05983060718926858	0.33355266708369224	0.3085926011481559	0.23610701669727174	0.42893275010242626	0.29747796565906515	0.4577380456835646	0.3240030872922851	0.0	0.07278827456433012
ETEC_2428_1-216	-1	0.20834708312202088	0.012957667375061543	0.2607643925193621	0.381380875712486	0.16331874213294162	0.35614447553809614	0.22468969109473502	0.38494977111923445	0.251214812727955	0.07278827456433012	0.0
