ROD_19831_1-340	0.0	0.46566403585232097	0.19160277825678096	0.19407142091635798	0.19320127938450016	0.21756382073302494	0.5135320006647501	0.14298640282821895	0.06814447931120005	0.25871763591292996	0.45394191610176593	0.16968253758499996	0.025090282595069846	0.4325651824539699	0.3606037517365779	0.12532544220501696	0.310207129541368	0.014347706550440043	0.0805205906845099	0.05867659477653997	0.23205422264048892
t1356_1-383	0.46566403585232097	0.0	0.27406125759554	0.271592614935963	0.6588653152368211	0.24810021511929603	0.9791960365170711	0.322677633024102	0.533808515163521	0.7243816717652509	0.011722119750555038	0.6353465734373209	0.4405737532572511	0.03309885339835106	0.10506028411574309	0.340338593647304	0.155456906310953	0.480011742402761	0.38514344516781107	0.5243406306288609	0.23360981321183205
STM_MW31751_1-374	0.19160277825678096	0.27406125759554	0.0	0.002468642659577025	0.3848040576412811	0.02596104247624398	0.7051347789215311	0.04861637542856201	0.259747257567981	0.4503204141697109	0.26233913784498497	0.3612853158417809	0.1665124956617111	0.24096240419718895	0.16900097347979692	0.066277336051764	0.11860435128458702	0.205950484807221	0.11108218757227106	0.25027937303332093	0.04045144438370796
CS17_02141_1-366	0.19407142091635798	0.271592614935963	0.002468642659577025	0.0	0.38727270030085814	0.023492399816666953	0.7076034215811081	0.051085018088139034	0.26221590022755803	0.45278905682928794	0.25987049518540795	0.36375395850135794	0.16898113832128814	0.23849376153761193	0.1665323308202199	0.06874597871134103	0.11613570862500999	0.20841912746679803	0.11355083023184809	0.25274801569289795	0.03798280172413093
t3444_1-366	0.19320127938450016	0.6588653152368211	0.3848040576412811	0.38727270030085814	0.0	0.4107651001175251	0.32033072128025	0.3361876822127191	0.1250568000733001	0.0655163565284298	0.6471431954862661	0.023518741799500198	0.21829156197957	0.6257664618384701	0.553805031121078	0.3185267215895171	0.5034084089258681	0.17885357283406011	0.27372187006901005	0.1345246846079602	0.4252555020249891
t4295_1-366	0.21756382073302494	0.24810021511929603	0.02596104247624398	0.023492399816666953	0.4107651001175251	0.0	0.7310958213977751	0.07457741790480599	0.285708300044225	0.4762814566459549	0.236378095368741	0.3872463583180249	0.1924735381379551	0.21500136172094497	0.14303993100355294	0.09223837852800798	0.09264330880834304	0.23191152728346498	0.13704323004851504	0.2762404155095649	0.014490401907463979
NCTC13441_03026_1-383	0.5135320006647501	0.9791960365170711	0.7051347789215311	0.7076034215811081	0.32033072128025	0.7310958213977751	0.0	0.6565184034929691	0.4453875213535501	0.2548143647518202	0.9674739167665161	0.3438494630797502	0.53862228325982	0.94609718311872	0.874135752401328	0.6388574428697671	0.8237391302061181	0.4991842941143101	0.59405259134926	0.45485540588821016	0.745586223305239
ERS227112_03360_1-367	0.14298640282821895	0.322677633024102	0.04861637542856201	0.051085018088139034	0.3361876822127191	0.07457741790480599	0.6565184034929691	0.0	0.211130882139419	0.4017040387411489	0.310955513273547	0.3126689404132189	0.1178961202331491	0.28957877962575096	0.21761734890835893	0.017660960623201993	0.16722072671314903	0.157334109378659	0.062465812143709054	0.20166299760475892	0.08906781981226997
t2660_1-366	0.06814447931120005	0.533808515163521	0.259747257567981	0.26221590022755803	0.1250568000733001	0.285708300044225	0.4453875213535501	0.211130882139419	0.0	0.1905731566017299	0.522086395412966	0.10153805827379991	0.09323476190626989	0.50070966176517	0.42874823104777793	0.193469921516217	0.378351608852568	0.05379677276076	0.14866506999570994	0.009467884534660076	0.30019870195168896
ROD_09091_1-389	0.25871763591292996	0.7243816717652509	0.4503204141697109	0.45278905682928794	0.0655163565284298	0.4762814566459549	0.2548143647518202	0.4017040387411489	0.1905731566017299	0.0	0.7126595520146959	0.08903509832793	0.2838079185079998	0.6912828183668999	0.6193213876495078	0.3840430781179469	0.5689247654542979	0.2443699293624899	0.33923822659743985	0.20004104113638999	0.49077185855341887
STM_MW41581_1-348	0.45394191610176593	0.011722119750555038	0.26233913784498497	0.25987049518540795	0.6471431954862661	0.236378095368741	0.9674739167665161	0.310955513273547	0.522086395412966	0.7126595520146959	0.0	0.6236244536867659	0.4288516335066961	0.02137673364779602	0.09333816436518805	0.328616473896749	0.14373478656039795	0.468289622652206	0.37342132541725603	0.5126185108783059	0.221887693461277
SL1344_2643_2-385	0.16968253758499996	0.6353465734373209	0.3612853158417809	0.36375395850135794	0.023518741799500198	0.3872463583180249	0.3438494630797502	0.3126689404132189	0.10153805827379991	0.08903509832793	0.6236244536867659	0.0	0.1947728201800698	0.6022477200389699	0.5302862893215778	0.2950079797900169	0.47988966712636794	0.15533483103455992	0.25020312826950986	0.11100594280845999	0.4017367602254889
CS17_02888_1-369	0.025090282595069846	0.4405737532572511	0.1665124956617111	0.16898113832128814	0.21829156197957	0.1924735381379551	0.53862228325982	0.1178961202331491	0.09323476190626989	0.2838079185079998	0.4288516335066961	0.1947728201800698	0.0	0.40747489985890006	0.33551346914150804	0.10023515960994711	0.28511684694629813	0.03943798914550989	0.05543030808944005	0.08376687737160982	0.20696394004541907
NCTC13441_03097_1-369	0.4325651824539699	0.03309885339835106	0.24096240419718895	0.23849376153761193	0.6257664618384701	0.21500136172094497	0.94609718311872	0.28957877962575096	0.50070966176517	0.6912828183668999	0.02137673364779602	0.6022477200389699	0.40747489985890006	0.0	0.07196143071739203	0.30723974024895295	0.12235805291260193	0.44691288900440995	0.35204459176946	0.4912417772305099	0.200510959813481
STMMW_41581_1-347	0.3606037517365779	0.10506028411574309	0.16900097347979692	0.1665323308202199	0.553805031121078	0.14303993100355294	0.874135752401328	0.21761734890835893	0.42874823104777793	0.6193213876495078	0.09333816436518805	0.5302862893215778	0.33551346914150804	0.07196143071739203	0.0	0.23527830953156093	0.050396622195209906	0.3749514582870179	0.280083161052068	0.41928034651311785	0.12854952909608897
ROD_36501_1-369	0.12532544220501696	0.340338593647304	0.066277336051764	0.06874597871134103	0.3185267215895171	0.09223837852800798	0.6388574428697671	0.017660960623201993	0.193469921516217	0.3840430781179469	0.328616473896749	0.2950079797900169	0.10023515960994711	0.30723974024895295	0.23527830953156093	0.0	0.18488168733635102	0.139673148755457	0.04480485152050706	0.18400203698155693	0.10672878043547196
SL1344_4143_1-347	0.310207129541368	0.155456906310953	0.11860435128458702	0.11613570862500999	0.5034084089258681	0.09264330880834304	0.8237391302061181	0.16722072671314903	0.378351608852568	0.5689247654542979	0.14373478656039795	0.47988966712636794	0.28511684694629813	0.12235805291260193	0.050396622195209906	0.18488168733635102	0.0	0.324554836091808	0.22968653885685808	0.36888372431790795	0.07815290690087906
STMMW_31751_1-368	0.014347706550440043	0.480011742402761	0.205950484807221	0.20841912746679803	0.17885357283406011	0.23191152728346498	0.4991842941143101	0.157334109378659	0.05379677276076	0.2443699293624899	0.468289622652206	0.15533483103455992	0.03943798914550989	0.44691288900440995	0.3749514582870179	0.139673148755457	0.324554836091808	0.0	0.09486829723494994	0.04432888822609993	0.24640192919092896
SL1344_2666_1-366	0.0805205906845099	0.38514344516781107	0.11108218757227106	0.11355083023184809	0.27372187006901005	0.13704323004851504	0.59405259134926	0.062465812143709054	0.14866506999570994	0.33923822659743985	0.37342132541725603	0.25020312826950986	0.05543030808944005	0.35204459176946	0.280083161052068	0.04480485152050706	0.22968653885685808	0.09486829723494994	0.0	0.13919718546104987	0.15153363195597902
BN373_14911_1-365	0.05867659477653997	0.5243406306288609	0.25027937303332093	0.25274801569289795	0.1345246846079602	0.2762404155095649	0.45485540588821016	0.20166299760475892	0.009467884534660076	0.20004104113638999	0.5126185108783059	0.11100594280845999	0.08376687737160982	0.4912417772305099	0.41928034651311785	0.18400203698155693	0.36888372431790795	0.04432888822609993	0.13919718546104987	0.0	0.2907308174170289
CS17_02619_1-369	0.23205422264048892	0.23360981321183205	0.04045144438370796	0.03798280172413093	0.4252555020249891	0.014490401907463979	0.745586223305239	0.08906781981226997	0.30019870195168896	0.49077185855341887	0.221887693461277	0.4017367602254889	0.20696394004541907	0.200510959813481	0.12854952909608897	0.10672878043547196	0.07815290690087906	0.24640192919092896	0.15153363195597902	0.2907308174170289	0.0
