Ecoli9000q_40810_1-273	0	1.0	1.0	1.0	0	1.0	0	1.0	-1	1.0	1.0	0	1.0	0
STM_MW00651_1-273	1.0	0.0	0.5061115736644755	0.49972371549434547	1.0	0.4722199100748948	1.0	0.46769013188541636	-1	0.1468347251575362	0.7459086596909223	1.0	0.33949126597803875	1.0
ERS227112_02375_1-273	1.0	0.5061115736644755	0.0	0.752919333112519	1.0	0.7393355219356681	1.0	0.07217871409212451	-1	0.5786315450039402	0.8745072277892654	1.0	0.6737823807730239	1.0
t0066_1-273	1.0	0.49972371549434547	0.752919333112519	0.0	1.0	0.052112245127233905	1.0	0.7336979969739412	-1	0.4136232459788871	0.49209797030423574	1.0	0.24258944850073572	1.0
NCTC13441_03960_1-273	0	1.0	1.0	1.0	0	1.0	0	1.0	-1	1.0	1.0	0	1.0	0
CS17_00030_1-273	1.0	0.4722199100748948	0.7393355219356681	0.052112245127233905	1.0	0.0	1.0	0.7190574499384641	-1	0.38138587506089094	0.5185658853763611	1.0	0.2009491127977166	1.0
BN373_05241_1-273	0	1.0	1.0	1.0	0	1.0	0	1.0	-1	1.0	1.0	0	1.0	0
STMMW_00651_1-273	1.0	0.46769013188541636	0.07217871409212451	0.7336979969739412	1.0	0.7190574499384641	1.0	0.0	-1	0.5458517050686656	0.8647446721510171	1.0	0.6484046829042392	1.0
b0031_1-273	-1	-1	-1	-1	-1	-1	-1	-1	-1	-1	-1	-1	-1	-1
ENC_45560_1-273	1.0	0.1468347251575362	0.5786315450039402	0.4136232459788871	1.0	0.38138587506089094	1.0	0.5458517050686656	-1	0.0	0.702178056466263	1.0	0.22581385635517853	1.0
SEN0065_1-273	1.0	0.7459086596909223	0.8745072277892654	0.49209797030423574	1.0	0.5185658853763611	1.0	0.8647446721510171	-1	0.702178056466263	0.0	1.0	0.6153096435805355	1.0
ROD_00341_1-273	0	1.0	1.0	1.0	0	1.0	0	1.0	-1	1.0	1.0	0	1.0	0
SL1344_0065_1-273	1.0	0.33949126597803875	0.6737823807730239	0.24258944850073572	1.0	0.2009491127977166	1.0	0.6484046829042392	-1	0.22581385635517853	0.6153096435805355	1.0	0.0	1.0
ETEC_0031_1-273	0	1.0	1.0	1.0	0	1.0	0	1.0	-1	1.0	1.0	0	1.0	0
