STMMW_21281_1-356	0.0	0.10490720933265774	-1	1.2287641977974906	0.3281746642630812	1.3103486904887442	0.888185222856883	1.1892466064222798	1.1897881172532183	1.0199128089464002	0.368286750674246	1.501777051279857	0.0838045202536184	1.1623665654824376	0.9007413839005765	0.8847100908572205
BN373_49161_1-355	0.10490720933265774	0.0	-1	1.1238569884648328	0.22326745493042344	1.2054414811560865	0.7832780135242252	1.084339397089622	1.0848809079205606	0.9150055996137426	0.26337954134158825	1.3968698419471992	0.18871172958627613	1.0574593561497798	0.7958341745679187	0.7798028815245628
b2053_1-373	-1	-1	-1	-1	-1	-1	-1	-1	-1	-1	-1	-1	-1	-1	-1	-1
SEN2105_1-373	1.2287641977974906	1.1238569884648328	-1	0.0	0.9005895335344094	0.08158449269125367	0.3405789749406076	0.039517591375210714	0.03897608054427226	0.20885138885109022	0.8604774471232446	0.2730128534823664	1.312568718051109	0.06639763231505302	0.3280228138969141	0.34405410694027005
CS17_02277_1-373	0.3281746642630812	0.22326745493042344	-1	0.9005895335344094	0.0	0.9821740262256631	0.5600105585938018	0.8610719421591987	0.8616134529901371	0.6917381446833192	0.040112086411164816	1.1736023870167758	0.41197918451669957	0.8341919012193564	0.5725667196374953	0.5565354265941393
NCTC13441_01659_1-373	1.3103486904887442	1.2054414811560865	-1	0.08158449269125367	0.9821740262256631	0.0	0.4221634676318613	0.12110208406646439	0.12056057323552594	0.2904358815423439	0.9420619398144983	0.19142836079111275	1.3941532107423626	0.1479821250063067	0.4096073065881678	0.42563859963152373
ERS227112_01758_1-355	0.888185222856883	0.7832780135242252	-1	0.3405789749406076	0.5600105585938018	0.4221634676318613	0.0	0.3010613835653969	0.30160289439633536	0.1317275860895174	0.519898472182637	0.613591828422974	0.9719897431105013	0.2741813426255546	0.012556161043693503	0.0034751319996624286
ETEC_2196_1-373	1.1892466064222798	1.084339397089622	-1	0.039517591375210714	0.8610719421591987	0.12110208406646439	0.3010613835653969	0.0	0.000541510830938452	0.1693337974758795	0.8209598557480339	0.31253044485757714	1.2730511266758984	0.02688004093984231	0.2885052225217034	0.30453651556505934
ROD_21891_1-373	1.1897881172532183	1.0848809079205606	-1	0.03897608054427226	0.8616134529901371	0.12056057323552594	0.30160289439633536	0.000541510830938452	0.0	0.16987530830681796	0.8215013665789723	0.3119889340266387	1.2735926375068367	0.02742155177078076	0.28904673335264186	0.3050780263959978
SL1344_2086_1-373	1.0199128089464002	0.9150055996137426	-1	0.20885138885109022	0.6917381446833192	0.2904358815423439	0.1317275860895174	0.1693337974758795	0.16987530830681796	0.0	0.6516260582721544	0.48186424233345665	1.1037173292000189	0.1424537565360372	0.1191714250458239	0.13520271808917983
STM_MW21281_1-356	0.368286750674246	0.26337954134158825	-1	0.8604774471232446	0.040112086411164816	0.9420619398144983	0.519898472182637	0.8209598557480339	0.8215013665789723	0.6516260582721544	0.0	1.133490300605611	0.4520912709278644	0.7940798148081916	0.5324546332263305	0.5164233401829745
STM_MW21411_1-373	1.501777051279857	1.3968698419471992	-1	0.2730128534823664	1.1736023870167758	0.19142836079111275	0.613591828422974	0.31253044485757714	0.3119889340266387	0.48186424233345665	1.133490300605611	0.0	1.5855815715334753	0.33941048579741945	0.6010356673792805	0.6170669604226364
SL1344_2074_1-356	0.0838045202536184	0.18871172958627613	-1	1.312568718051109	0.41197918451669957	1.3941532107423626	0.9719897431105013	1.2730511266758984	1.2735926375068367	1.1037173292000189	0.4520912709278644	1.5855815715334753	0.0	1.246171085736056	0.9845459041541949	0.9685146111108389
STMMW_21411_1-373	1.1623665654824376	1.0574593561497798	-1	0.06639763231505302	0.8341919012193564	0.1479821250063067	0.2741813426255546	0.02688004093984231	0.02742155177078076	0.1424537565360372	0.7940798148081916	0.33941048579741945	1.246171085736056	0.0	0.2616251815818611	0.27765647462521703
t0763_1-373	0.9007413839005765	0.7958341745679187	-1	0.3280228138969141	0.5725667196374953	0.4096073065881678	0.012556161043693503	0.2885052225217034	0.28904673335264186	0.1191714250458239	0.5324546332263305	0.6010356673792805	0.9845459041541949	0.2616251815818611	0.0	0.016031293043355932
CS17_02293_1-373	0.8847100908572205	0.7798028815245628	-1	0.34405410694027005	0.5565354265941393	0.42563859963152373	0.0034751319996624286	0.30453651556505934	0.3050780263959978	0.13520271808917983	0.5164233401829745	0.6170669604226364	0.9685146111108389	0.27765647462521703	0.016031293043355932	0.0
