CS17_00548_1-355	0.0	0.4236030290573576	0.6043472341468785	0.6381180464713112	0.5771728456259675	0.46938006697039625	0.22595754346298136	0.3133416139414881	0.45863679205468255	0.6178763315176967	0.7663632050918027	0.8112772449751868	0.4812728685271507	0.12088894234459469	0.005845778888379005	0.3617574516250621	0.6060131906345528	-1	0.7428322222661825	0.3755806264007647	0.6347275703922228	0.4066643585596632	0.564898671574575	-1	0.4756424577849844	0.41065914302435425	0.23617559941408928	0.43459148697402816
ETEC_1882_1-392	0.4236030290573576	0.0	0.18074420508952094	0.21451501741395357	0.15356981656860996	0.045777037913038665	0.19764548559437622	0.11026141511586951	0.03503376299732497	0.19427330246033908	0.3427601760344451	0.3876742159178292	0.057669839469793094	0.3027140867127629	0.4177572501689786	0.06184557743229546	0.18241016157719525	-1	0.3192291932088249	0.048022402656592855	0.21112454133486525	0.016938670497694375	0.14129564251721732	-1	0.05203942872762679	0.012943886033003338	0.1874274296432683	0.01098845791667058
NCTC13441_02035_1-392	0.6043472341468785	0.18074420508952094	0.0	0.03377081232443263	0.027174388520910975	0.13496716717648227	0.37838969068389716	0.29100562020539045	0.14571044209219597	0.013529097370818144	0.16201597094492415	0.20693001082830825	0.12307436561972784	0.48345829180228383	0.5985014552584995	0.2425897825218164	0.0016659564876743138	-1	0.138484988119304	0.2287666077461138	0.030380336245344308	0.1976828755872153	0.039448562572303614	-1	0.12870477636189415	0.19368809112252428	0.36817163473278924	0.16975574717285036
SEN0514_1-355	0.6381180464713112	0.21451501741395357	0.03377081232443263	0.0	0.060945200845343606	0.1687379795009149	0.4121605030083298	0.3247764325298231	0.1794812544166286	0.020241714953614487	0.12824515862049152	0.17315919850387562	0.15684517794416047	0.5172291041267165	0.6322722675829322	0.27636059484624903	0.03210485583675832	-1	0.10471417579487136	0.2625374200705464	0.0033904760790883226	0.23145368791164794	0.07321937489673624	-1	0.16247558868632678	0.2274589034469569	0.4019424470572219	0.203526559497283
ERS227112_02828_1-355	0.5771728456259675	0.15356981656860996	0.027174388520910975	0.060945200845343606	0.0	0.1077927786555713	0.3512153021629862	0.2638312316844795	0.118536053571285	0.04070348589172912	0.18919035946583512	0.23410439934921923	0.09589997709881687	0.45628390328137286	0.5713270667375885	0.21541539400090542	0.02884034500858529	-1	0.16565937664021496	0.20159221922520282	0.05755472476625528	0.17050848706630434	0.012274174051392639	-1	0.10153038784098317	0.1665137026016133	0.34099724621187827	0.14258135865193938
ROD_05541_1-355	0.46938006697039625	0.045777037913038665	0.13496716717648227	0.1687379795009149	0.1077927786555713	0.0	0.2434225235074149	0.15603845302890818	0.010743274915713696	0.14849626454730042	0.2969831381214064	0.3418971780047905	0.011892801556754429	0.34849112462580156	0.46353428808201724	0.10762261534533413	0.13663312366415659	-1	0.27345215529578626	0.09379944056963152	0.16534750342182658	0.06271570841073304	0.09551860460417866	-1	0.006262390814588126	0.058720923946042	0.23320446755630697	0.034788579996368085
BN373_09661_1-355	0.22595754346298136	0.19764548559437622	0.37838969068389716	0.4121605030083298	0.3512153021629862	0.2434225235074149	0.0	0.08738407047850671	0.2326792485917012	0.3919187880547153	0.5404056616288213	0.5853197015122054	0.2553153250641693	0.10506860111838667	0.22011176457460235	0.13579990816208076	0.3800556471715715	-1	0.5168746788032011	0.14962308293778337	0.40877002692924147	0.18070681509668185	0.33894112811159355	-1	0.24968491432200302	0.1847015995613729	0.010218055951107918	0.2086339435110468
NCTC13441_03454_1-355	0.3133416139414881	0.11026141511586951	0.29100562020539045	0.3247764325298231	0.2638312316844795	0.15603845302890818	0.08738407047850671	0.0	0.14529517811319448	0.3045347175762086	0.4530215911503146	0.4979356310336987	0.1679312545856626	0.1924526715968934	0.30749583505310907	0.04841583768357405	0.29267157669306476	-1	0.42949060832469443	0.062239012459276655	0.32138595645073476	0.09332274461817514	0.25155705763308683	-1	0.1623008438434963	0.09731752908286617	0.0771660145273988	0.12124987303254009
ENC_06460_1-392	0.45863679205468255	0.03503376299732497	0.14571044209219597	0.1794812544166286	0.118536053571285	0.010743274915713696	0.2326792485917012	0.14529517811319448	0.0	0.1592395394630141	0.3077264130371201	0.3526404529205042	0.022636076472468125	0.33774784971008787	0.45279101316630355	0.09687934042962043	0.14737639857987028	-1	0.28419543021149996	0.08305616565391782	0.17609077833754028	0.05197243349501934	0.10626187951989235	-1	0.017005665730301822	0.047977649030328307	0.22246119264059327	0.02404530508065439
t2328_1-355	0.6178763315176967	0.19427330246033908	0.013529097370818144	0.020241714953614487	0.04070348589172912	0.14849626454730042	0.3919187880547153	0.3045347175762086	0.1592395394630141	0.0	0.148486873574106	0.1934009134574901	0.136603462990546	0.496987389173102	0.6120305526293177	0.25611887989263454	0.01186314088314383	-1	0.12495589074848584	0.24229570511693194	0.016851238874526164	0.21121197295803346	0.05297765994312176	-1	0.1422338737327123	0.20721718849334242	0.3817007321036074	0.1832848445436685
STM_MW06011_1-355	0.7663632050918027	0.3427601760344451	0.16201597094492415	0.12824515862049152	0.18919035946583512	0.2969831381214064	0.5404056616288213	0.4530215911503146	0.3077264130371201	0.148486873574106	0.0	0.044914039883384105	0.285090336564652	0.645474262747208	0.7605174262034237	0.40460575346674055	0.16035001445724983	-1	0.02353098282562016	0.39078257869103794	0.13163563469957984	0.35969884653213946	0.20146453351722776	-1	0.2907207473068183	0.3557040620674484	0.5301876056777134	0.3317717181177745
STM_MW18641_1-392	0.8112772449751868	0.3876742159178292	0.20693001082830825	0.17315919850387562	0.23410439934921923	0.3418971780047905	0.5853197015122054	0.4979356310336987	0.3526404529205042	0.1934009134574901	0.044914039883384105	0.0	0.3300043764480361	0.6903883026305921	0.8054314660868078	0.44951979335012465	0.20526405434063394	-1	0.06844502270900427	0.43569661857442205	0.17654967458296394	0.40461288641552356	0.24637857340061187	-1	0.3356347871902024	0.40061810195083253	0.5751016455610976	0.3766857580011586
STMMW_18641_1-392	0.4812728685271507	0.057669839469793094	0.12307436561972784	0.15684517794416047	0.09589997709881687	0.011892801556754429	0.2553153250641693	0.1679312545856626	0.022636076472468125	0.136603462990546	0.285090336564652	0.3300043764480361	0.0	0.360383926182556	0.47542708963877167	0.11951541690208856	0.12474032210740216	-1	0.26155935373903183	0.10569224212638595	0.15345470186507215	0.07460850996748747	0.08362580304742423	-1	0.005630410742166303	0.07061372550279643	0.2450972691130614	0.046681381553122514
SL1344_0526_1-355	0.12088894234459469	0.3027140867127629	0.48345829180228383	0.5172291041267165	0.45628390328137286	0.34849112462580156	0.10506860111838667	0.1924526715968934	0.33774784971008787	0.496987389173102	0.645474262747208	0.6903883026305921	0.360383926182556	0.0	0.11504316345621568	0.24086850928046744	0.48512424828995815	-1	0.6219432799215878	0.25469168405617004	0.5138386280476281	0.2857754162150685	0.4440097292299802	-1	0.3547535154403897	0.28977020067975956	0.11528665706949459	0.3137025446294335
BN373_07531_2-337	0.005845778888379005	0.4177572501689786	0.5985014552584995	0.6322722675829322	0.5713270667375885	0.46353428808201724	0.22011176457460235	0.30749583505310907	0.45279101316630355	0.6120305526293177	0.7605174262034237	0.8054314660868078	0.47542708963877167	0.11504316345621568	0.0	0.3559116727366831	0.6001674117461738	-1	0.7369864433778035	0.3697348475123857	0.6288817915038438	0.4008185796712842	0.559052892686196	-1	0.46979667889660537	0.40481336413597524	0.23032982052571027	0.42874570808564916
BN373_07531_383-413	0.3617574516250621	0.06184557743229546	0.2425897825218164	0.27636059484624903	0.21541539400090542	0.10762261534533413	0.13579990816208076	0.04841583768357405	0.09687934042962043	0.25611887989263454	0.40460575346674055	0.44951979335012465	0.11951541690208856	0.24086850928046744	0.3559116727366831	0.0	0.2442557390094907	-1	0.3810747706411204	0.013823174775702607	0.2729701187671607	0.04490690693460109	0.20314121994951279	-1	0.11388500615992225	0.048901691399292124	0.12558185221097284	0.07283403534896604
SEN1120_1-392	0.6060131906345528	0.18241016157719525	0.0016659564876743138	0.03210485583675832	0.02884034500858529	0.13663312366415659	0.3800556471715715	0.29267157669306476	0.14737639857987028	0.01186314088314383	0.16035001445724983	0.20526405434063394	0.12474032210740216	0.48512424828995815	0.6001674117461738	0.2442557390094907	0.0	-1	0.13681903163162967	0.2304325642337881	0.028714379757669994	0.19934883207488963	0.04111451905997793	-1	0.13037073284956846	0.1953540476101986	0.36983759122046356	0.17142170366052467
b1849_1-392	-1	-1	-1	-1	-1	-1	-1	-1	-1	-1	-1	-1	-1	-1	-1	-1	-1	-1	-1	-1	-1	-1	-1	-1	-1	-1	-1	-1
Ecoli9000q_46460_1-355	0.7428322222661825	0.3192291932088249	0.138484988119304	0.10471417579487136	0.16565937664021496	0.27345215529578626	0.5168746788032011	0.42949060832469443	0.28419543021149996	0.12495589074848584	0.02353098282562016	0.06844502270900427	0.26155935373903183	0.6219432799215878	0.7369864433778035	0.3810747706411204	0.13681903163162967	-1	0.0	0.3672515958654178	0.10810465187395968	0.3361678637065193	0.1779335506916076	-1	0.26718976448119813	0.33217307924182826	0.5066566228520932	0.30824073529215434
SL1344_1817_1-392	0.3755806264007647	0.048022402656592855	0.2287666077461138	0.2625374200705464	0.20159221922520282	0.09379944056963152	0.14962308293778337	0.062239012459276655	0.08305616565391782	0.24229570511693194	0.39078257869103794	0.43569661857442205	0.10569224212638595	0.25469168405617004	0.3697348475123857	0.013823174775702607	0.2304325642337881	-1	0.3672515958654178	0.0	0.2591469439914581	0.03108373215889848	0.18931804517381018	-1	0.10006183138421965	0.03507851662358952	0.13940502698667545	0.059010860573263435
t0994_1-392	0.6347275703922228	0.21112454133486525	0.030380336245344308	0.0033904760790883226	0.05755472476625528	0.16534750342182658	0.40877002692924147	0.32138595645073476	0.17609077833754028	0.016851238874526164	0.13163563469957984	0.17654967458296394	0.15345470186507215	0.5138386280476281	0.6288817915038438	0.2729701187671607	0.028714379757669994	-1	0.10810465187395968	0.2591469439914581	0.0	0.22806321183255962	0.06982889881764792	-1	0.15908511260723845	0.22406842736786858	0.39855197097813355	0.20013608341819467
CS17_02038_1-392	0.4066643585596632	0.016938670497694375	0.1976828755872153	0.23145368791164794	0.17050848706630434	0.06271570841073304	0.18070681509668185	0.09332274461817514	0.05197243349501934	0.21121197295803346	0.35969884653213946	0.40461288641552356	0.07460850996748747	0.2857754162150685	0.4008185796712842	0.04490690693460109	0.19934883207488963	-1	0.3361678637065193	0.03108373215889848	0.22806321183255962	0.0	0.1582343130149117	-1	0.06897809922532117	0.003994784464691037	0.17048875914557393	0.027927128414364955
ERS227112_04297_1-392	0.564898671574575	0.14129564251721732	0.039448562572303614	0.07321937489673624	0.012274174051392639	0.09551860460417866	0.33894112811159355	0.25155705763308683	0.10626187951989235	0.05297765994312176	0.20146453351722776	0.24637857340061187	0.08362580304742423	0.4440097292299802	0.559052892686196	0.20314121994951279	0.04111451905997793	-1	0.1779335506916076	0.18931804517381018	0.06982889881764792	0.1582343130149117	0.0	-1	0.08925621378959053	0.15423952855022066	0.32872307216048563	0.13030718460054674
b0522_1-355	-1	-1	-1	-1	-1	-1	-1	-1	-1	-1	-1	-1	-1	-1	-1	-1	-1	-1	-1	-1	-1	-1	-1	-1	-1	-1	-1	-1
ROD_18891_1-392	0.4756424577849844	0.05203942872762679	0.12870477636189415	0.16247558868632678	0.10153038784098317	0.006262390814588126	0.24968491432200302	0.1623008438434963	0.017005665730301822	0.1422338737327123	0.2907207473068183	0.3356347871902024	0.005630410742166303	0.3547535154403897	0.46979667889660537	0.11388500615992225	0.13037073284956846	-1	0.26718976448119813	0.10006183138421965	0.15908511260723845	0.06897809922532117	0.08925621378959053	-1	0.0	0.06498331476063013	0.2394668583708951	0.04105097081095621
STMMW_06011_1-355	0.41065914302435425	0.012943886033003338	0.19368809112252428	0.2274589034469569	0.1665137026016133	0.058720923946042	0.1847015995613729	0.09731752908286617	0.047977649030328307	0.20721718849334242	0.3557040620674484	0.40061810195083253	0.07061372550279643	0.28977020067975956	0.40481336413597524	0.048901691399292124	0.1953540476101986	-1	0.33217307924182826	0.03507851662358952	0.22406842736786858	0.003994784464691037	0.15423952855022066	-1	0.06498331476063013	0.0	0.17448354361026497	0.023932343949673918
ETEC_0574_1-355	0.23617559941408928	0.1874274296432683	0.36817163473278924	0.4019424470572219	0.34099724621187827	0.23320446755630697	0.010218055951107918	0.0771660145273988	0.22246119264059327	0.3817007321036074	0.5301876056777134	0.5751016455610976	0.2450972691130614	0.11528665706949459	0.23032982052571027	0.12558185221097284	0.36983759122046356	-1	0.5066566228520932	0.13940502698667545	0.39855197097813355	0.17048875914557393	0.32872307216048563	-1	0.2394668583708951	0.17448354361026497	0.0	0.19841588755993889
BN373_29501_1-392	0.43459148697402816	0.01098845791667058	0.16975574717285036	0.203526559497283	0.14258135865193938	0.034788579996368085	0.2086339435110468	0.12124987303254009	0.02404530508065439	0.1832848445436685	0.3317717181177745	0.3766857580011586	0.046681381553122514	0.3137025446294335	0.42874570808564916	0.07283403534896604	0.17142170366052467	-1	0.30824073529215434	0.059010860573263435	0.20013608341819467	0.027927128414364955	0.13030718460054674	-1	0.04105097081095621	0.023932343949673918	0.19841588755993889	0.0
