NCTC13441_02100_1-294	0.0	1.0114097024755968	0.341662900494494	0.390651216250836	0.9564929292984871	0.30131457151721497	0.20625969975018799	6.493651717711317	0.412754484457862	0.11914459074730199	0.17220529321033995	0.08978407285927903
BN373_18181_1-294	1.0114097024755968	0.0	0.6697468019811029	0.6207584862247609	0.05491677317710986	0.710095130958382	0.8051500027254089	5.48224201523572	0.5986552180177349	0.8922651117282949	0.839204409265257	1.101193775334876
CS17_01967_1-294	0.341662900494494	0.6697468019811029	0.0	0.048988315756341994	0.6148300288039931	0.040348328977279024	0.135403200744306	6.151988817216823	0.07109158396336801	0.222518309747192	0.16945760728415404	0.431446973353773
SL1344_1224_1-294	0.390651216250836	0.6207584862247609	0.048988315756341994	0.0	0.5658417130476511	0.08933664473362102	0.184391516500648	6.103000501460481	0.022103268207026017	0.271506625503534	0.21844592304049604	0.480435289110115
ENC_14770_1-294	0.9564929292984871	0.05491677317710986	0.6148300288039931	0.5658417130476511	0.0	0.6551783577812721	0.7502332295482991	5.53715878841283	0.5437384448406251	0.8373483385511851	0.7842876360881471	1.046277002157766
SEN1763_1-294	0.30131457151721497	0.710095130958382	0.040348328977279024	0.08933664473362102	0.6551783577812721	0.0	0.09505487176702698	6.192337146194102	0.11143991294064703	0.18216998076991298	0.12910927830687502	0.391098644376494
STMMW_12951_1-294	0.20625969975018799	0.8051500027254089	0.135403200744306	0.184391516500648	0.7502332295482991	0.09505487176702698	0.0	6.287392017961129	0.20649478470767402	0.087115109002886	0.03405440653984804	0.296043772609467
b1780_1-294	6.493651717711317	5.48224201523572	6.151988817216823	6.103000501460481	5.53715878841283	6.192337146194102	6.287392017961129	0.0	6.080897233253455	6.374507126964015	6.321446424500977	6.583435790570596
ERS227112_03664_1-294	0.412754484457862	0.5986552180177349	0.07109158396336801	0.022103268207026017	0.5437384448406251	0.11143991294064703	0.20649478470767402	6.080897233253455	0.0	0.29360989371056	0.24054919124752205	0.502538557317141
ETEC_1812_1-294	0.11914459074730199	0.8922651117282949	0.222518309747192	0.271506625503534	0.8373483385511851	0.18216998076991298	0.087115109002886	6.374507126964015	0.29360989371056	0.0	0.053060702463037956	0.20892866360658102
ROD_12721_1-294	0.17220529321033995	0.839204409265257	0.16945760728415404	0.21844592304049604	0.7842876360881471	0.12910927830687502	0.03405440653984804	6.321446424500977	0.24054919124752205	0.053060702463037956	0.0	0.261989366069619
STM_MW12951_1-294	0.08978407285927903	1.101193775334876	0.431446973353773	0.480435289110115	1.046277002157766	0.391098644376494	0.296043772609467	6.583435790570596	0.502538557317141	0.20892866360658102	0.261989366069619	0.0
