b3577_1-157	-1	-1	-1	-1	-1	-1	-1	-1	-1	-1	-1	-1	-1	-1	-1	-1	-1	-1	-1	-1	-1	-1	-1	-1
t3848_1-157	-1	0.0	2.0960100797723755	2.921104997730567	3.466568129787435	1.507087823369719	2.5915833201467535	0.2654925167959141	1.4382726440535092	0.25282208903908066	0.5707877791410056	0.17091773347836403	1.4297322815713285	1.92033945905494	2.0937523521123804	1.4595356511445652	2.4574128388083496	2.032239160527039	0.8560925486913669	0.28623895321659676	0.9506457110621853	2.401626340290391	3.1804429314158402	1.9896163422793058
SL1344_3636_1-157	-1	2.0960100797723755	0.0	0.8250949179581915	1.3705580500150598	0.5889222564026566	0.495573240374378	2.3615025965682896	0.6577374357188663	1.8431879907332949	1.5252223006313699	1.9250923462940115	0.666277798201047	0.17567062071743544	0.0022577276599953233	0.6364744286278103	0.3614027590359743	0.06377091924533662	2.9521026284637424	1.8097711265557788	1.1453643687101902	0.30561626051801505	1.0844328516434647	0.10639373749306968
ROD_43501_4-168	-1	2.921104997730567	0.8250949179581915	0.0	0.5454631320568684	1.414017174360848	0.32952167758381345	3.186597514526481	1.4828323536770578	2.668282908691486	2.350317218589561	2.7501872642522027	1.4913727161592385	1.000765538675627	0.8273526456181868	1.4615693465860018	0.46369215892221716	0.8888658372035281	3.7771975464219336	2.63486604451397	1.9704592866683817	0.5194786574401764	0.25933793368527314	0.9314886554512611
CS17_04685_1-159	-1	3.466568129787435	1.3705580500150598	0.5454631320568684	0.0	1.9594803064177164	0.8749848096406818	3.7320606465833492	2.028295485733926	3.2137460407483545	2.8957803506464295	3.295650396309071	2.0368358482161066	1.5462286707324953	1.3728157776750551	2.00703247864287	1.0091552909790855	1.4343289692603964	4.322660678478802	3.1803291765708384	2.51592241872525	1.0649417894970448	0.2861251983715952	1.4769517875081295
STMMW_36591_1-157	-1	1.507087823369719	0.5889222564026566	1.414017174360848	1.9594803064177164	0.0	1.0844954967770346	1.772580340165633	0.06881517931620973	1.2542657343306383	0.9363000442287133	1.3361700898913549	0.07735554179839044	0.41325163568522116	0.5866645287426613	0.04755217222515373	0.9503250154386309	0.52515133715732	2.3631803720610858	1.2208488701531222	0.5564421123075336	0.8945385169206717	1.6733551080461213	0.4825285189095869
ETEC_4552_1-164	-1	2.5915833201467535	0.495573240374378	0.32952167758381345	0.8749848096406818	1.0844954967770346	0.0	2.8570758369426676	1.1533106760932443	2.338761231107673	2.020795541005748	2.4206655866683895	1.161851038575425	0.6712438610918134	0.4978309680343733	1.1320476690021883	0.1341704813384037	0.5593441596197146	3.4476758688381204	2.3053443669301568	1.6409376090845682	0.18995697985636295	0.5888596112690866	0.6019669778674477
NCTC13441_00105_1-156	-1	0.2654925167959141	2.3615025965682896	3.186597514526481	3.7320606465833492	1.772580340165633	2.8570758369426676	0.0	1.7037651608494233	0.5183146058349948	0.8362802959369198	0.43641025027427816	1.6952247983672426	2.185831975850854	2.359244868908294	1.7250281679404793	2.722905355604264	2.297731677322953	0.5906000318954527	0.5517314700125109	1.2161382278580994	2.6671188570863045	3.4459354482117543	2.2551088590752197
SL1344_3144_1-160	-1	1.4382726440535092	0.6577374357188663	1.4828323536770578	2.028295485733926	0.06881517931620973	1.1533106760932443	1.7037651608494233	0.0	1.1854505550144285	0.8674848649125035	1.2673549105751452	0.008540362482180708	0.4820668150014309	0.655479708058871	0.021263007091055997	1.0191401947548406	0.5939665164735297	2.294365192744876	1.1520336908369124	0.48762693299132387	0.9633536962368814	1.742170287362331	0.5513436982257967
STM_MW31301_1-161	-1	0.25282208903908066	1.8431879907332949	2.668282908691486	3.2137460407483545	1.2542657343306383	2.338761231107673	0.5183146058349948	1.1854505550144285	0.0	0.317965690101925	0.08190435556071662	1.1769101925322478	1.6675173700158594	1.8409302630732995	1.2067135621054845	2.2045907497692694	1.7794170714879582	1.1089146377304475	0.033416864177516103	0.6978236220231047	2.1488042512513097	2.9276208423767596	1.7367942532402252
SEN3013_1-160	-1	0.5707877791410056	1.5252223006313699	2.350317218589561	2.8957803506464295	0.9363000442287133	2.020795541005748	0.8362802959369198	0.8674848649125035	0.317965690101925	0.0	0.3998700456626416	0.8589445024303228	1.3495516799139344	1.5229645729713746	0.8887478720035595	1.8866250596673442	1.4614513813860333	1.4268803278323725	0.2845488259244089	0.37985793192117967	1.830838561149385	2.6096551522748346	1.4188285631383002
NCTC13441_00794_1-168	-1	0.17091773347836403	1.9250923462940115	2.7501872642522027	3.295650396309071	1.3361700898913549	2.4206655866683895	0.43641025027427816	1.2673549105751452	0.08190435556071662	0.3998700456626416	0.0	1.2588145480929644	1.749421725576576	1.9228346186340162	1.2886179176662012	2.286495105329986	1.8613214270486749	1.027010282169731	0.11532121973823273	0.7797279775838213	2.2307086068120263	3.009525197937476	1.8186986088009418
STM_MW40181_1-172	-1	1.4297322815713285	0.666277798201047	1.4913727161592385	2.0368358482161066	0.07735554179839044	1.161851038575425	1.6952247983672426	0.008540362482180708	1.1769101925322478	0.8589445024303228	1.2588145480929644	0.0	0.4906071774836116	0.6640200705410517	0.029803369573236704	1.0276805572370213	0.6025068789557104	2.2858248302626953	1.1434933283547317	0.47908657050914316	0.9718940587190621	1.7507106498445117	0.5598840607079774
ETEC_3820_1-157	-1	1.92033945905494	0.17567062071743544	1.000765538675627	1.5462286707324953	0.41325163568522116	0.6712438610918134	2.185831975850854	0.4820668150014309	1.6675173700158594	1.3495516799139344	1.749421725576576	0.4906071774836116	0.0	0.17341289305744012	0.4608038079103749	0.5370733797534097	0.11189970147209882	2.776432007746307	1.6341005058383433	0.9696937479927548	0.4812868812354505	1.2601034723609001	0.06927688322436576
NCTC13441_00686_1-161	-1	2.0937523521123804	0.0022577276599953233	0.8273526456181868	1.3728157776750551	0.5866645287426613	0.4978309680343733	2.359244868908294	0.655479708058871	1.8409302630732995	1.5229645729713746	1.9228346186340162	0.6640200705410517	0.17341289305744012	0.0	0.634216700967815	0.3636604866959696	0.0615131915853413	2.949844900803747	1.8075133988957834	1.1431066410501949	0.30787398817801037	1.0866905793034598	0.10413600983307436
STMMW_31301_1-160	-1	1.4595356511445652	0.6364744286278103	1.4615693465860018	2.00703247864287	0.04755217222515373	1.1320476690021883	1.7250281679404793	0.021263007091055997	1.2067135621054845	0.8887478720035595	1.2886179176662012	0.029803369573236704	0.4608038079103749	0.634216700967815	0.0	0.9978771876637846	0.5727035093824737	2.315628199835932	1.1732966979279684	0.5088899400823799	0.9420906891458254	1.720907280271275	0.5300806911347407
SL1344_4002_1-171	-1	2.4574128388083496	0.3614027590359743	0.46369215892221716	1.0091552909790855	0.9503250154386309	0.1341704813384037	2.722905355604264	1.0191401947548406	2.2045907497692694	1.8866250596673442	2.286495105329986	1.0276805572370213	0.5370733797534097	0.3636604866959696	0.9978771876637846	0.0	0.4251736782813109	3.313505387499717	2.1711738855917533	1.5067671277461645	0.05578649851795925	0.7230300926074903	0.467796496529044
STMMW_40181_1-171	-1	2.032239160527039	0.06377091924533662	0.8888658372035281	1.4343289692603964	0.52515133715732	0.5593441596197146	2.297731677322953	0.5939665164735297	1.7794170714879582	1.4614513813860333	1.8613214270486749	0.6025068789557104	0.11189970147209882	0.0615131915853413	0.5727035093824737	0.4251736782813109	0.0	2.8883317092184058	1.7460002073104421	1.0815934494648536	0.36938717976335167	1.1482037708888013	0.04262281824773306
STM_MW36591_1-158	-1	0.8560925486913669	2.9521026284637424	3.7771975464219336	4.322660678478802	2.3631803720610858	3.4476758688381204	0.5906000318954527	2.294365192744876	1.1089146377304475	1.4268803278323725	1.027010282169731	2.2858248302626953	2.776432007746307	2.949844900803747	2.315628199835932	3.313505387499717	2.8883317092184058	0.0	1.1423315019079636	1.8067382597535522	3.257718888981757	4.036535480107207	2.8457088909706725
SEN3493_1-157	-1	0.28623895321659676	1.8097711265557788	2.63486604451397	3.1803291765708384	1.2208488701531222	2.3053443669301568	0.5517314700125109	1.1520336908369124	0.033416864177516103	0.2845488259244089	0.11532121973823273	1.1434933283547317	1.6341005058383433	1.8075133988957834	1.1732966979279684	2.1711738855917533	1.7460002073104421	1.1423315019079636	0.0	0.6644067578455886	2.1153873870737936	2.8942039781992435	1.703377389062709
NCTC13441_03278_1-154	-1	0.9506457110621853	1.1453643687101902	1.9704592866683817	2.51592241872525	0.5564421123075336	1.6409376090845682	1.2161382278580994	0.48762693299132387	0.6978236220231047	0.37985793192117967	0.7797279775838213	0.47908657050914316	0.9696937479927548	1.1431066410501949	0.5088899400823799	1.5067671277461645	1.0815934494648536	1.8067382597535522	0.6644067578455886	0.0	1.4509806292282053	2.229797220353655	1.0389706312171205
t3566_1-171	-1	2.401626340290391	0.30561626051801505	0.5194786574401764	1.0649417894970448	0.8945385169206717	0.18995697985636295	2.6671188570863045	0.9633536962368814	2.1488042512513097	1.830838561149385	2.2307086068120263	0.9718940587190621	0.4812868812354505	0.30787398817801037	0.9420906891458254	0.05578649851795925	0.36938717976335167	3.257718888981757	2.1153873870737936	1.4509806292282053	0.0	0.7788165911254495	0.41200999801108473
CS17_04022_1-158	-1	3.1804429314158402	1.0844328516434647	0.25933793368527314	0.2861251983715952	1.6733551080461213	0.5888596112690866	3.4459354482117543	1.742170287362331	2.9276208423767596	2.6096551522748346	3.009525197937476	1.7507106498445117	1.2601034723609001	1.0866905793034598	1.720907280271275	0.7230300926074903	1.1482037708888013	4.036535480107207	2.8942039781992435	2.229797220353655	0.7788165911254495	0.0	1.1908265891365342
ENC_26630_3-163	-1	1.9896163422793058	0.10639373749306968	0.9314886554512611	1.4769517875081295	0.4825285189095869	0.6019669778674477	2.2551088590752197	0.5513436982257967	1.7367942532402252	1.4188285631383002	1.8186986088009418	0.5598840607079774	0.06927688322436576	0.10413600983307436	0.5300806911347407	0.467796496529044	0.04262281824773306	2.8457088909706725	1.703377389062709	1.0389706312171205	0.41200999801108473	1.1908265891365342	0.0
