NCTC13441_02188_1-414	0.0	1.0958803207863497	1.1485424406971139	0.23033677340338476	-1	0.33641904063821304	1.4365038225083904	1.4922204343143228	0.36694014995853097	1.2634496930875874	0.698562017069007	0.5004070907322993	-1	0.25522769592669725	0.34144886194328294	0.32618854064205993	0.5708225197148792	0.8695281849762597
STMMW_13671_1-404	1.0958803207863497	0.0	0.05266211991076408	0.8655435473829649	-1	0.7594612801481366	0.34062350172204064	0.39634011352797305	0.7289401708278187	0.1675693723012378	1.7944423378553567	0.5954732300540504	-1	1.351108016713047	1.4373291827296326	1.4220688614284096	0.5250578010714705	0.22635213581008995
ETEC_1724_1-404	1.1485424406971139	0.05266211991076408	0.0	0.918205667293729	-1	0.8121234000589007	0.28796138181127656	0.34367799361720897	0.7816022907385828	0.11490725239047372	1.8471044577661209	0.6481353499648145	-1	1.4037701366238111	1.4899913026403966	1.4747309813391736	0.5777199209822346	0.27901425572085403
STM_MW13671_1-404	0.23033677340338476	0.8655435473829649	0.918205667293729	0.0	-1	0.10608226723482828	1.2061670491050056	1.261883660910938	0.1366033765551462	1.0331129196842026	0.9288987904723918	0.2700703173289145	-1	0.485564469330082	0.5717856353466677	0.5565253140454447	0.3404857463114944	0.639191411572875
b1691_1-404	-1	-1	-1	-1	-1	-1	-1	-1	-1	-1	-1	-1	-1	-1	-1	-1	-1	-1
STMMW_13681_1-403	0.33641904063821304	0.7594612801481366	0.8121234000589007	0.10608226723482828	-1	0.0	1.1000847818701773	1.1558013936761098	0.03052110932031793	0.9270306524493744	1.03498105770722	0.16398805009408624	-1	0.5916467365649103	0.677867902581496	0.662607581280273	0.23440347907666614	0.5331091443380467
CS17_01872_1-404	1.4365038225083904	0.34062350172204064	0.28796138181127656	1.2061670491050056	-1	1.1000847818701773	0.0	0.05571661180593243	1.0695636725498594	0.17305412942080284	2.1350658395773974	0.936096731776091	-1	1.6917315184350876	1.7779526844516733	1.7626923631504503	0.8656813027935111	0.5669756375321305
CS17_01873_1-404	1.4922204343143228	0.39634011352797305	0.34367799361720897	1.261883660910938	-1	1.1558013936761098	0.05571661180593243	0.0	1.1252802843557919	0.22877074122673527	2.19078245138333	0.9918133435820234	-1	1.74744813024102	1.8336692962576058	1.8184089749563828	0.9213979145994435	0.622692249338063
ERS227112_02410_1-404	0.36694014995853097	0.7289401708278187	0.7816022907385828	0.1366033765551462	-1	0.03052110932031793	1.0695636725498594	1.1252802843557919	0.0	0.8965095431290565	1.065502167027538	0.1334669407737683	-1	0.6221678458852282	0.7083890119018139	0.6931286906005909	0.20388236975634821	0.5025880350177288
SL1344_1294_1-404	1.2634496930875874	0.1675693723012378	0.11490725239047372	1.0331129196842026	-1	0.9270306524493744	0.17305412942080284	0.22877074122673527	0.8965095431290565	0.0	1.9620117101565944	0.7630426023552882	-1	1.5186773890142846	1.6048985550308705	1.5896382337296475	0.6926271733727083	0.39392150811132776
SEN1683_1-403	0.698562017069007	1.7944423378553567	1.8471044577661209	0.9288987904723918	-1	1.03498105770722	2.1350658395773974	2.19078245138333	1.065502167027538	1.9620117101565944	0.0	1.1989691078013063	-1	0.44333432114230975	0.35711315512572406	0.37237347642694707	1.2693845367838863	1.5680902020452667
SL1344_1296_1-403	0.5004070907322993	0.5954732300540504	0.6481353499648145	0.2700703173289145	-1	0.16398805009408624	0.936096731776091	0.9918133435820234	0.1334669407737683	0.7630426023552882	1.1989691078013063	0.0	-1	0.7556347866589965	0.8418559526755822	0.8265956313743592	0.07041542898257991	0.36912109424396045
b1690_1-403	-1	-1	-1	-1	-1	-1	-1	-1	-1	-1	-1	-1	-1	-1	-1	-1	-1	-1
NCTC13441_02189_1-403	0.25522769592669725	1.351108016713047	1.4037701366238111	0.485564469330082	-1	0.5916467365649103	1.6917315184350876	1.74744813024102	0.6221678458852282	1.5186773890142846	0.44333432114230975	0.7556347866589965	-1	0.0	0.08622116601658569	0.07096084471536268	0.8260502156415764	1.124755880902957
STM_MW13681_1-404	0.34144886194328294	1.4373291827296326	1.4899913026403966	0.5717856353466677	-1	0.677867902581496	1.7779526844516733	1.8336692962576058	0.7083890119018139	1.6048985550308705	0.35711315512572406	0.8418559526755822	-1	0.08622116601658569	0.0	0.015260321301223012	0.9122713816581621	1.2109770469195427
SEN1684_1-405	0.32618854064205993	1.4220688614284096	1.4747309813391736	0.5565253140454447	-1	0.662607581280273	1.7626923631504503	1.8184089749563828	0.6931286906005909	1.5896382337296475	0.37237347642694707	0.8265956313743592	-1	0.07096084471536268	0.015260321301223012	0.0	0.8970110603569391	1.1957167256183197
BN373_05621_1-404	0.5708225197148792	0.5250578010714705	0.5777199209822346	0.3404857463114944	-1	0.23440347907666614	0.8656813027935111	0.9213979145994435	0.20388236975634821	0.6926271733727083	1.2693845367838863	0.07041542898257991	-1	0.8260502156415764	0.9122713816581621	0.8970110603569391	0.0	0.29870566526138054
ETEC_1723_1-400	0.8695281849762597	0.22635213581008995	0.27901425572085403	0.639191411572875	-1	0.5331091443380467	0.5669756375321305	0.622692249338063	0.5025880350177288	0.39392150811132776	1.5680902020452667	0.36912109424396045	-1	1.124755880902957	1.2109770469195427	1.1957167256183197	0.29870566526138054	0.0
