STM_MW37751_30-150	0.0	0.22764030165425142	0.005374696999888906	0.5525782570845437	0.41676227984591585	0.5684396285490219	0.14711605420616902	0.39717747677804893	-1	0.07342791253701941	0.08411326966263444	0.041878082334968925	0.19636826463610368
NCTC13441_04849_30-150	0.22764030165425142	0.0	0.22226560465436251	0.32493795543029225	0.6444025815001673	0.34079932689477044	0.37475635586042044	0.1695371751237975	-1	0.30106821419127083	0.31175357131688586	0.1857622193192825	0.4240085662903551
STMMW_37751_30-150	0.005374696999888906	0.22226560465436251	0.0	0.5472035600846548	0.42213697684580476	0.563064931549133	0.15249075120605793	0.39180277977816	-1	0.07880260953690832	0.08948796666252334	0.03650338533508002	0.2017429616359926
ENC_03530_26-146	0.5525782570845437	0.32493795543029225	0.5472035600846548	0.0	0.9693405369304595	0.01586137146447819	0.6996943112907127	0.15540078030649473	-1	0.6260061696215631	0.6366915267471781	0.5107001747495747	0.7489465217206474
Ecoli9000q_32820_30-150	0.41676227984591585	0.6444025815001673	0.42213697684580476	0.9693405369304595	0.0	0.9852019083949377	0.26964622563974683	0.8139397566239648	-1	0.34333436730889644	0.3326490101832814	0.4586403621808848	0.22039401520981217
ROD_41121_1-121	0.5684396285490219	0.34079932689477044	0.563064931549133	0.01586137146447819	0.9852019083949377	0.0	0.7155556827551909	0.17126215177097293	-1	0.6418675410860413	0.6525528982116563	0.5265615462140529	0.7648078931851255
ETEC_3957_30-150	0.14711605420616902	0.37475635586042044	0.15249075120605793	0.6996943112907127	0.26964622563974683	0.7155556827551909	0.0	0.544293530984218	-1	0.07368814166914961	0.06300278454353458	0.18899413654113795	0.04925221042993466
BN373_47121_30-150	0.39717747677804893	0.1695371751237975	0.39180277977816	0.15540078030649473	0.8139397566239648	0.17126215177097293	0.544293530984218	0.0	-1	0.47060538931506835	0.48129074644068337	0.35529939444308	0.5935457414141526
b3663_30-150	-1	-1	-1	-1	-1	-1	-1	-1	-1	-1	-1	-1	-1
SL1344_3752_30-150	0.07342791253701941	0.30106821419127083	0.07880260953690832	0.6260061696215631	0.34333436730889644	0.6418675410860413	0.07368814166914961	0.47060538931506835	-1	0.0	0.010685357125615025	0.11530599487198834	0.12294035209908427
SEN3601_30-150	0.08411326966263444	0.31175357131688586	0.08948796666252334	0.6366915267471781	0.3326490101832814	0.6525528982116563	0.06300278454353458	0.48129074644068337	-1	0.010685357125615025	0.0	0.12599135199760336	0.11225499497346925
ERS227112_00509_30-150	0.041878082334968925	0.1857622193192825	0.03650338533508002	0.5107001747495747	0.4586403621808848	0.5265615462140529	0.18899413654113795	0.35529939444308	-1	0.11530599487198834	0.12599135199760336	0.0	0.2382463469710726
CS17_04114_30-150	0.19636826463610368	0.4240085662903551	0.2017429616359926	0.7489465217206474	0.22039401520981217	0.7648078931851255	0.04925221042993466	0.5935457414141526	-1	0.12294035209908427	0.11225499497346925	0.2382463469710726	0.0
