SEN2328_2-184	0.0	0.150522955283649	0.05388249671346401	0.40292149851847003	0.051156924847465035	0.0706191260536001	0.5282325228486401	0.12606429544824604	0.30494341157082994	0.7529720386651401	-1	0.13827649919919305	0.38480772000208996
ENC_39090_2-188	0.150522955283649	0.0	0.20440545199711302	0.553444453802119	0.20167988013111404	0.2211420813372491	0.6787554781322891	0.024458659835402963	0.45546636685447894	0.9034949939487891	-1	0.012246456084455959	0.535330675285739
ERS227112_03890_2-184	0.05388249671346401	0.20440545199711302	0.0	0.349039001805006	0.002725571865998977	0.01673662934013609	0.4743500261351761	0.17994679216171006	0.2510609148573659	0.699089541951676	-1	0.19215899591265706	0.33092522328862595
STMMW_23681_2-184	0.40292149851847003	0.553444453802119	0.349039001805006	0.0	0.351764573671005	0.33230237246486993	0.12531102433017005	0.5289857939667161	0.0979780869476401	0.35005054014667003	-1	0.5411979977176631	0.018113778516380075
BN373_32991_2-183	0.051156924847465035	0.20167988013111404	0.002725571865998977	0.351764573671005	0.0	0.019462201206135066	0.47707559800117505	0.17722122029571108	0.2537864867233649	0.701815113817675	-1	0.18943342404665808	0.3336507951546249
ETEC_2434_1-180	0.0706191260536001	0.2211420813372491	0.01673662934013609	0.33230237246486993	0.019462201206135066	0.0	0.45761339679504	0.19668342150184615	0.23432428551722984	0.68235291261154	-1	0.20889562525279315	0.31418859394848986
SL1344_2315_2-184	0.5282325228486401	0.6787554781322891	0.4743500261351761	0.12531102433017005	0.47707559800117505	0.45761339679504	0.0	0.6542968182968861	0.22328911127781015	0.22473951581649998	-1	0.6665090220478331	0.14342480284655013
NCTC13441_01411_1-181	0.12606429544824604	0.024458659835402963	0.17994679216171006	0.5289857939667161	0.17722122029571108	0.19668342150184615	0.6542968182968861	0.0	0.431007707019076	0.8790363341133861	-1	0.012212203750947004	0.510872015450336
ROD_27071_1-195	0.30494341157082994	0.45546636685447894	0.2510609148573659	0.0979780869476401	0.2537864867233649	0.23432428551722984	0.22328911127781015	0.431007707019076	0.0	0.44802862709431013	-1	0.443219910770023	0.07986430843126002
STM_MW23681_2-185	0.7529720386651401	0.9034949939487891	0.699089541951676	0.35005054014667003	0.701815113817675	0.68235291261154	0.22473951581649998	0.8790363341133861	0.44802862709431013	0.0	-1	0.8912485378643331	0.3681643186630501
b2299_1-180	-1	-1	-1	-1	-1	-1	-1	-1	-1	-1	-1	-1	-1
t0518_2-184	0.13827649919919305	0.012246456084455959	0.19215899591265706	0.5411979977176631	0.18943342404665808	0.20889562525279315	0.6665090220478331	0.012212203750947004	0.443219910770023	0.8912485378643331	-1	0.0	0.523084219201283
CS17_02546_1-181	0.38480772000208996	0.535330675285739	0.33092522328862595	0.018113778516380075	0.3336507951546249	0.31418859394848986	0.14342480284655013	0.510872015450336	0.07986430843126002	0.3681643186630501	-1	0.523084219201283	0.0
