NCTC13441_02045_1-290	0.0	0.48074146592186007	-1	0.10894163639772003	0.55074960269641	0.08750531755684698	0.198413476399943	0.23328246599577995	0.149178718437884	0.300691353953079	0.174204945539695	0.273946635854073	0.25369454610919095	0.82671155242996	0.8079920434949599	0.8199518202634299
CS17_02028_1-290	0.48074146592186007	0.0	-1	0.5896831023195801	0.07000813677454998	0.3932361483650131	0.28232798952191707	0.24745899992608011	0.3315627474839761	0.18005011196878107	0.30653652038216506	0.2067948300677871	0.2270469198126691	0.3459700865080999	0.32725057757309983	0.3392103543415699
b1840_1-290	-1	-1	-1	-1	-1	-1	-1	-1	-1	-1	-1	-1	-1	-1	-1	-1
t1003_2-291	0.10894163639772003	0.5896831023195801	-1	0.0	0.6596912390941301	0.19644695395456702	0.30735511279766303	0.3422241023935	0.258120354835604	0.40963299035079903	0.28314658193741504	0.382888272251793	0.362636182506911	0.93565318882768	0.9169336798926799	0.92889345666115
BN373_29431_1-289	0.55074960269641	0.07000813677454998	-1	0.6596912390941301	0.0	0.46324428513956306	0.35233612629646704	0.3174671367006301	0.40157088425852605	0.25005824874333105	0.37654465715671503	0.2768029668423371	0.2970550565872191	0.2759619497335499	0.25724244079854985	0.2692022175670199
ETEC_1873_1-290	0.08750531755684698	0.3932361483650131	-1	0.19644695395456702	0.46324428513956306	0.0	0.11090815884309602	0.14577714843893297	0.06167340088103701	0.21318603639623201	0.08669962798284803	0.186441318297226	0.16618922855234397	0.739206234873113	0.7204867259381129	0.732446502706583
STMMW_18551_2-291	0.198413476399943	0.28232798952191707	-1	0.30735511279766303	0.35233612629646704	0.11090815884309602	0.0	0.03486898959583695	0.049234757962059006	0.102277877553136	0.02420853086024799	0.07553315945412997	0.055281069709247954	0.628298076030017	0.6095785670950169	0.6215383438634869
STM_MW18551_2-291	0.23328246599577995	0.24745899992608011	-1	0.3422241023935	0.3174671367006301	0.14577714843893297	0.03486898959583695	0.0	0.08410374755789596	0.06740888795729905	0.05907752045608494	0.04066416985829302	0.020412080113411002	0.59342908643418	0.57470957749918	0.58666935426765
SEN1129_2-291	0.149178718437884	0.3315627474839761	-1	0.258120354835604	0.40157088425852605	0.06167340088103701	0.049234757962059006	0.08410374755789596	0.0	0.151512635515195	0.025026227101811016	0.12476791741618898	0.10451582767130696	0.677532833992076	0.6588133250570759	0.670773101825546
ENC_06540_1-289	0.300691353953079	0.18005011196878107	-1	0.40963299035079903	0.25005824874333105	0.21318603639623201	0.102277877553136	0.06740888795729905	0.151512635515195	0.0	0.126486408413384	0.026744718099006026	0.046996807843888044	0.526020198476881	0.5073006895418809	0.5192604663103509
ROD_18791_1-290	0.174204945539695	0.30653652038216506	-1	0.28314658193741504	0.37654465715671503	0.08669962798284803	0.02420853086024799	0.05907752045608494	0.025026227101811016	0.126486408413384	0.0	0.09974169031437796	0.07948960056949594	0.652506606890265	0.6337870979552649	0.6457468747237349
SL1344_1808_2-291	0.273946635854073	0.2067948300677871	-1	0.382888272251793	0.2768029668423371	0.186441318297226	0.07553315945412997	0.04066416985829302	0.12476791741618898	0.026744718099006026	0.09974169031437796	0.0	0.020252089744882018	0.552764916575887	0.5340454076408869	0.546005184409357
ERS227112_04304_1-289	0.25369454610919095	0.2270469198126691	-1	0.362636182506911	0.2970550565872191	0.16618922855234397	0.055281069709247954	0.020412080113411002	0.10451582767130696	0.046996807843888044	0.07948960056949594	0.020252089744882018	0.0	0.573017006320769	0.554297497385769	0.566257274154239
ERS227112_00208_1-306	0.82671155242996	0.3459700865080999	-1	0.93565318882768	0.2759619497335499	0.739206234873113	0.628298076030017	0.59342908643418	0.677532833992076	0.526020198476881	0.652506606890265	0.552764916575887	0.573017006320769	0.0	0.018719508935000073	0.00675973216653003
ENC_35370_1-306	0.8079920434949599	0.32725057757309983	-1	0.9169336798926799	0.25724244079854985	0.7204867259381129	0.6095785670950169	0.57470957749918	0.6588133250570759	0.5073006895418809	0.6337870979552649	0.5340454076408869	0.554297497385769	0.018719508935000073	0.0	0.011959776768470043
ETEC_0234_1-301	0.8199518202634299	0.3392103543415699	-1	0.92889345666115	0.2692022175670199	0.732446502706583	0.6215383438634869	0.58666935426765	0.670773101825546	0.5192604663103509	0.6457468747237349	0.546005184409357	0.566257274154239	0.00675973216653003	0.011959776768470043	0.0
