SalEn.2_MW08831_1-295_NEs	0.000000	0.015960	0.262464	0.004528	0.284700	0.337926	0.295954	0.293231	0.000000	0.294511	0.420620	0.000000	0.416320	0.292924
SalEn.52056_1-295_NEs	0.015960	0.000000	0.268524	0.015957	0.289457	0.336579	0.300129	0.297410	0.015960	0.298687	0.422486	0.015960	0.418178	0.297098
CitRo.1_08151_1-295_NEs	0.262464	0.268524	0.000000	0.259119	0.301116	0.341467	0.311119	0.314734	0.262464	0.315801	0.396284	0.262464	0.395970	0.314181
SalEn.10777_1-295_NEs	0.004528	0.015957	0.259119	0.000000	0.284800	0.332389	0.296045	0.293321	0.004528	0.294602	0.416795	0.004528	0.412512	0.293014
EscCo.2_49630_1-258_NEs	0.284700	0.289457	0.301116	0.284800	0.000000	0.354372	0.020998	0.009088	0.284700	0.010392	0.396430	0.284700	0.398263	0.010392
EntCo.1_19220_1-284_NEs	0.337926	0.336579	0.341467	0.332389	0.354372	0.000000	0.368089	0.381727	0.337926	0.383074	0.381036	0.337926	0.386774	0.381272
EscCo.4_03181_1-295_NEs	0.295954	0.300129	0.311119	0.296045	0.020998	0.368089	0.000000	0.017130	0.295954	0.017109	0.419875	0.295954	0.421507	0.015962
EscCo.1_00872_1-295_NEs	0.293231	0.297410	0.314734	0.293321	0.009088	0.381727	0.017130	0.000000	0.293231	0.004512	0.407222	0.293231	0.408840	0.003383
SalEn.4_08831_1-295_NEs	0.000000	0.015960	0.262464	0.004528	0.284700	0.337926	0.295954	0.293231	0.000000	0.294511	0.420620	0.000000	0.416320	0.292924
EscCo.3_0880_1-295_NEs	0.294511	0.298687	0.315801	0.294602	0.010392	0.383074	0.017109	0.004512	0.294511	0.000000	0.408530	0.294511	0.410147	0.001125
KlePn.1_03278_1-295_NEs	0.420620	0.422486	0.396284	0.416795	0.396430	0.381036	0.419875	0.407222	0.420620	0.408530	0.000000	0.420620	0.006880	0.406737
SalEn.3_0807_1-295_NEs	0.000000	0.015960	0.262464	0.004528	0.284700	0.337926	0.295954	0.293231	0.000000	0.294511	0.420620	0.000000	0.416320	0.292924
KlePn.2_14061_1-295_NEs	0.416320	0.418178	0.395970	0.412512	0.398263	0.386774	0.421507	0.408840	0.416320	0.410147	0.006880	0.416320	0.000000	0.408353
EscCo.50813_1-295	0.292924	0.297098	0.314181	0.293014	0.010392	0.381272	0.015962	0.003383	0.292924	0.001125	0.406737	0.292924	0.408353	0.000000