SalEn.2_MW36461_1-100_NEs	0.000000	0.277920	0.000000	0.016970	0.003341	0.621382	0.370897	0.376363	0.016894	0.365684	0.376363	0.600436
CitRo.1_42451_1-100_NEs	0.277920	0.000000	0.277920	0.268655	0.282551	0.649169	0.337483	0.335691	0.259397	0.335595	0.335691	0.600161
SalEn.4_36461_1-100_NEs	0.000000	0.277920	0.000000	0.016970	0.003341	0.621382	0.370897	0.376363	0.016894	0.365684	0.376363	0.600436
SalEn.13479_1-100_NEs	0.016970	0.268655	0.016970	0.000000	0.020400	0.633807	0.361492	0.366923	0.013490	0.356308	0.366923	0.602906
SalEn.3_3622_1-100_NEs	0.003341	0.282551	0.003341	0.020400	0.000000	0.628647	0.376139	0.381634	0.020309	0.370903	0.381634	0.608209
KlePn.1_00655_1-100_NEs	0.621382	0.649169	0.621382	0.633807	0.628647	0.000000	0.584581	0.599329	0.611344	0.599080	0.599329	0.000000
EscCo.4_00123_1-99_NEs	0.370897	0.337483	0.370897	0.361492	0.376139	0.584581	0.000000	0.013631	0.349867	0.013628	0.013631	0.566052
EscCo.3_3805_1-99_NEs	0.376363	0.335691	0.376363	0.366923	0.381634	0.599329	0.013631	0.000000	0.355217	0.006763	0.000000	0.581782
SalEn.53862_1-100_NEs	0.016894	0.259397	0.016894	0.013490	0.020309	0.611344	0.349867	0.355217	0.000000	0.344753	0.355217	0.579205
EscCo.1_04005_1-99_NEs	0.365684	0.335595	0.365684	0.356308	0.370903	0.599080	0.013628	0.006763	0.344753	0.000000	0.006763	0.581524
EscCo.54553_1-99	0.376363	0.335691	0.376363	0.366923	0.381634	0.599329	0.013631	0.000000	0.355217	0.006763	0.000000	0.581782
KlePn.2_45671_1-92_NEs	0.600436	0.600161	0.600436	0.602906	0.608209	0.000000	0.566052	0.581782	0.579205	0.581524	0.581782	0.000000