SalEn.2_MW07101_1-213_Ess	0.000000	0.380683	0.257779	0.251623	0.229448	0.377216	0.255534	0.251623	0.009456	0.251623	0.383261	0.007889	0.000000	0.000000
KlePn.2_12511_4-216_Ess	0.380683	0.000000	0.383995	0.382117	0.313953	0.361867	0.389049	0.382117	0.392655	0.382117	0.001578	0.377383	0.380683	0.380683
EscCo.2_47450_1-213_Ess	0.257779	0.383995	0.000000	0.009393	0.280053	0.394630	0.012556	0.007821	0.263855	0.007821	0.386554	0.261710	0.257779	0.257779
EscCo.1_00645_1-213_Ess	0.251623	0.382117	0.009393	0.000000	0.275984	0.395355	0.006252	0.001558	0.257683	0.001558	0.384675	0.257726	0.251623	0.251623
CitRo.1_06591_1-213_Ess	0.229448	0.313953	0.280053	0.275984	0.000000	0.340114	0.279979	0.275984	0.239778	0.275984	0.316369	0.226918	0.229448	0.229448
EntCo.1_20710_4-216_Ess	0.377216	0.361867	0.394630	0.395355	0.340114	0.000000	0.391899	0.395355	0.384095	0.395355	0.364443	0.379038	0.377216	0.377216
EscCo.4_03356_1-213_Ess	0.255534	0.389049	0.012556	0.006252	0.279979	0.391899	0.000000	0.007821	0.261598	0.007821	0.391619	0.261642	0.255534	0.255534
EscCo.3_0667_1-213_Ess	0.251623	0.382117	0.007821	0.001558	0.275984	0.395355	0.007821	0.000000	0.257683	0.000000	0.384675	0.257726	0.251623	0.251623
SalEn.52222_1-213_Ess	0.009456	0.392655	0.263855	0.257683	0.239778	0.384095	0.261598	0.257683	0.000000	0.257683	0.395257	0.017452	0.009456	0.009456
EscCo.50639_1-213	0.251623	0.382117	0.007821	0.001558	0.275984	0.395355	0.007821	0.000000	0.257683	0.000000	0.384675	0.257726	0.251623	0.251623
KlePn.1_03113_4-216_Ess	0.383261	0.001578	0.386554	0.384675	0.316369	0.364443	0.391619	0.384675	0.395257	0.384675	0.000000	0.379948	0.383261	0.383261
SalEn.10614_1-213_Ess	0.007889	0.377383	0.261710	0.257726	0.226918	0.379038	0.261642	0.257726	0.017452	0.257726	0.379948	0.000000	0.007889	0.007889
SalEn.3_0633_1-213_Ess	0.000000	0.380683	0.257779	0.251623	0.229448	0.377216	0.255534	0.251623	0.009456	0.251623	0.383261	0.007889	0.000000	0.000000
SalEn.4_07101_1-213_Ess	0.000000	0.380683	0.257779	0.251623	0.229448	0.377216	0.255534	0.251623	0.009456	0.251623	0.383261	0.007889	0.000000	0.000000