EscCo.3_3557_1-177_Ess	0.000000	0.000000	0.001885	0.036816	0.036816	0.050879	0.038743	0.034790	0.034790	0.034790	0.086241	0.034790	0.000000
EscCo.53305_1-177	0.000000	0.000000	0.001885	0.036816	0.036816	0.050879	0.038743	0.034790	0.034790	0.034790	0.086241	0.034790	0.000000
EscCo.4_00390_1-177_Ess	0.001885	0.001885	0.000000	0.034841	0.034841	0.048868	0.036766	0.032821	0.032821	0.032821	0.088342	0.032821	0.001885
KlePn.1_00882_1-177_Ess	0.036816	0.036816	0.034841	0.000000	0.000000	0.021053	0.021083	0.017211	0.017211	0.017211	0.071540	0.017211	0.036816
KlePn.2_43411_1-177_Ess	0.036816	0.036816	0.034841	0.000000	0.000000	0.021053	0.021083	0.017211	0.017211	0.017211	0.071540	0.017211	0.036816
CitRo.1_45171_1-177_Ess	0.050879	0.050879	0.048868	0.021053	0.021053	0.000000	0.019147	0.019144	0.019144	0.019144	0.073623	0.019144	0.050879
SalEn.13253_1-177_Ess	0.038743	0.038743	0.036766	0.021083	0.021083	0.019147	0.000000	0.003774	0.003774	0.003774	0.082067	0.003774	0.038743
SalEn.3_3392_1-177_Ess	0.034790	0.034790	0.032821	0.017211	0.017211	0.019144	0.003774	0.000000	0.000000	0.000000	0.077879	0.000000	0.034790
SalEn.54080_1-177_Ess	0.034790	0.034790	0.032821	0.017211	0.017211	0.019144	0.003774	0.000000	0.000000	0.000000	0.077879	0.000000	0.034790
SalEn.4_34181_1-177_Ess	0.034790	0.034790	0.032821	0.017211	0.017211	0.019144	0.003774	0.000000	0.000000	0.000000	0.077879	0.000000	0.034790
EntCo.1_25190_1-177_Ess	0.086241	0.086241	0.088342	0.071540	0.071540	0.073623	0.082067	0.077879	0.077879	0.077879	0.000000	0.077879	0.086241
SalEn.2_MW34181_1-177_Ess	0.034790	0.034790	0.032821	0.017211	0.017211	0.019144	0.003774	0.000000	0.000000	0.000000	0.077879	0.000000	0.034790
EscCo.1_03740_1-177_Ess	0.000000	0.000000	0.001885	0.036816	0.036816	0.050879	0.038743	0.034790	0.034790	0.034790	0.086241	0.034790	0.000000