EscCo.4_01144_1-112_NEs	0.000000	0.950669	1.014328	0.003000	0.108367	0.120503	0.950669	1.016636	0.175477	1.125336	0.950669	0.000000	0.950669	0.108367	1.033221	1.027605	1.033221	0.108394	1.016636	0.108367	0.111838	0.108367	1.016636	0.178433	0.000000	1.080805
EscCo.4_00489_1-95_NEs	0.950669	0.000000	0.204041	0.950669	0.931299	0.924020	0.000000	0.204209	0.907533	0.214898	0.000000	0.950669	0.000000	0.931299	0.269131	0.195320	0.269131	0.933031	0.204209	0.931299	0.920045	0.931299	0.204209	0.907533	0.950669	0.219776
SalEn.13154_1-95_NEs	1.014328	0.204041	0.000000	1.014328	1.085113	0.964011	0.204041	0.006997	0.983163	0.148536	0.204041	1.014328	0.204041	1.085113	0.277017	0.017587	0.277017	1.010602	0.006997	1.085113	1.071763	1.085113	0.006997	0.983163	1.014328	0.210879
EscCo.3_2805_1-113_NEs	0.003000	0.950669	1.014328	0.000000	0.111912	0.124145	0.950669	1.016636	0.179359	1.125336	0.950669	0.003000	0.950669	0.111912	1.033221	1.027605	1.033221	0.111940	1.016636	0.111912	0.115397	0.111912	1.016636	0.182313	0.003000	1.080805
SalEn.4_26801_1-112_NEs	0.108367	0.931299	1.085113	0.111912	0.000000	0.134584	0.931299	1.087789	0.153373	1.173405	0.931299	0.108367	0.931299	0.000000	1.031757	1.099759	1.031757	0.069345	1.087789	0.000000	0.002995	0.000000	1.087789	0.159837	0.108367	1.096352
EntCo.1_27940_1-110_NEs	0.120503	0.924020	0.964011	0.124145	0.134584	0.000000	0.924020	0.965603	0.127407	1.048630	0.924020	0.120503	0.924020	0.134584	1.022420	0.954061	1.022420	0.119722	0.965603	0.134584	0.138184	0.134584	0.965603	0.130400	0.120503	1.090035
EscCo.53203_1-95	0.950669	0.000000	0.204041	0.950669	0.931299	0.924020	0.000000	0.204209	0.907533	0.214898	0.000000	0.950669	0.000000	0.931299	0.269131	0.195320	0.269131	0.933031	0.204209	0.931299	0.920045	0.931299	0.204209	0.907533	0.950669	0.219776
SalEn.3_3293_1-95_NEs	1.016636	0.204209	0.006997	1.016636	1.087789	0.965603	0.204209	0.000000	0.985442	0.148653	0.204209	1.016636	0.204209	1.087789	0.282149	0.017599	0.282149	0.989506	0.000000	1.087789	1.074389	1.087789	0.000000	0.985442	1.016636	0.211072
KlePn.2_35731_1-111_NEs	0.175477	0.907533	0.983163	0.179359	0.153373	0.127407	0.907533	0.985442	0.000000	1.057593	0.907533	0.175477	0.907533	0.153373	1.106569	0.996595	1.106569	0.184967	0.985442	0.153373	0.156971	0.153373	0.985442	0.003004	0.175477	1.000605
CitRo.1_46171_1-95_NEs	1.125336	0.214898	0.148536	1.125336	1.173405	1.048630	0.214898	0.148653	1.057593	0.000000	0.214898	1.125336	0.214898	1.173405	0.295113	0.148653	0.295113	1.135618	0.148653	1.173405	1.185906	1.173405	0.148653	1.057593	1.125336	0.216983
EscCo.3_3468_1-95_NEs	0.950669	0.000000	0.204041	0.950669	0.931299	0.924020	0.000000	0.204209	0.907533	0.214898	0.000000	0.950669	0.000000	0.931299	0.269131	0.195320	0.269131	0.933031	0.204209	0.931299	0.920045	0.931299	0.204209	0.907533	0.950669	0.219776
EscCo.1_02884_1-112_NEs	0.000000	0.950669	1.014328	0.003000	0.108367	0.120503	0.950669	1.016636	0.175477	1.125336	0.950669	0.000000	0.950669	0.108367	1.033221	1.027605	1.033221	0.108394	1.016636	0.108367	0.111838	0.108367	1.016636	0.178433	0.000000	1.080805
EscCo.1_03645_1-95_NEs	0.950669	0.000000	0.204041	0.950669	0.931299	0.924020	0.000000	0.204209	0.907533	0.214898	0.000000	0.950669	0.000000	0.931299	0.269131	0.195320	0.269131	0.933031	0.204209	0.931299	0.920045	0.931299	0.204209	0.907533	0.950669	0.219776
SalEn.2_MW26801_1-112_NEs	0.108367	0.931299	1.085113	0.111912	0.000000	0.134584	0.931299	1.087789	0.153373	1.173405	0.931299	0.108367	0.931299	0.000000	1.031757	1.099759	1.031757	0.069345	1.087789	0.000000	0.002995	0.000000	1.087789	0.159837	0.108367	1.096352
KlePn.1_00985_1-95_NEs	1.033221	0.269131	0.277017	1.033221	1.031757	1.022420	0.269131	0.282149	1.106569	0.295113	0.269131	1.033221	0.269131	1.031757	0.000000	0.267189	0.000000	1.021043	0.282149	1.031757	1.018890	1.031757	0.282149	1.106569	1.033221	0.266347
SalEn.53238_1-95_NEs	1.027605	0.195320	0.017587	1.027605	1.099759	0.954061	0.195320	0.017599	0.996595	0.148653	0.195320	1.027605	0.195320	1.099759	0.267189	0.000000	0.267189	1.000525	0.017599	1.099759	1.086273	1.099759	0.017599	0.996595	1.027605	0.211072
KlePn.2_42631_1-95_NEs	1.033221	0.269131	0.277017	1.033221	1.031757	1.022420	0.269131	0.282149	1.106569	0.295113	0.269131	1.033221	0.269131	1.031757	0.000000	0.267189	0.000000	1.021043	0.282149	1.031757	1.018890	1.031757	0.282149	1.106569	1.033221	0.266347
CitRo.1_25381_1-126_NEs	0.108394	0.933031	1.010602	0.111940	0.069345	0.119722	0.933031	0.989506	0.184967	1.135618	0.933031	0.108394	0.933031	0.069345	1.021043	1.000525	1.021043	0.000000	0.989506	0.069345	0.072612	0.069345	0.989506	0.187887	0.108394	1.095536
SalEn.4_33201_1-95_NEs	1.016636	0.204209	0.006997	1.016636	1.087789	0.965603	0.204209	0.000000	0.985442	0.148653	0.204209	1.016636	0.204209	1.087789	0.282149	0.017599	0.282149	0.989506	0.000000	1.087789	1.074389	1.087789	0.000000	0.985442	1.016636	0.211072
SalEn.3_2624_1-112_NEs	0.108367	0.931299	1.085113	0.111912	0.000000	0.134584	0.931299	1.087789	0.153373	1.173405	0.931299	0.108367	0.931299	0.000000	1.031757	1.099759	1.031757	0.069345	1.087789	0.000000	0.002995	0.000000	1.087789	0.159837	0.108367	1.096352
SalEn.12587_1-112_NEs	0.111838	0.920045	1.071763	0.115397	0.002995	0.138184	0.920045	1.074389	0.156971	1.185906	0.920045	0.111838	0.920045	0.002995	1.018890	1.086273	1.018890	0.072612	1.074389	0.002995	0.000000	0.002995	1.074389	0.163442	0.111838	1.082916
SalEn.52620_1-112_NEs	0.108367	0.931299	1.085113	0.111912	0.000000	0.134584	0.931299	1.087789	0.153373	1.173405	0.931299	0.108367	0.931299	0.000000	1.031757	1.099759	1.031757	0.069345	1.087789	0.000000	0.002995	0.000000	1.087789	0.159837	0.108367	1.096352
SalEn.2_MW33201_1-95_NEs	1.016636	0.204209	0.006997	1.016636	1.087789	0.965603	0.204209	0.000000	0.985442	0.148653	0.204209	1.016636	0.204209	1.087789	0.282149	0.017599	0.282149	0.989506	0.000000	1.087789	1.074389	1.087789	0.000000	0.985442	1.016636	0.211072
KlePn.1_01725_1-112_NEs	0.178433	0.907533	0.983163	0.182313	0.159837	0.130400	0.907533	0.985442	0.003004	1.057593	0.907533	0.178433	0.907533	0.159837	1.106569	0.996595	1.106569	0.187887	0.985442	0.159837	0.163442	0.159837	0.985442	0.000000	0.178433	1.000605
EscCo.52597_1-112	0.000000	0.950669	1.014328	0.003000	0.108367	0.120503	0.950669	1.016636	0.175477	1.125336	0.950669	0.000000	0.950669	0.108367	1.033221	1.027605	1.033221	0.108394	1.016636	0.108367	0.111838	0.108367	1.016636	0.178433	0.000000	1.080805
EntCo.1_34400_1-95_NEs	1.080805	0.219776	0.210879	1.080805	1.096352	1.090035	0.219776	0.211072	1.000605	0.216983	0.219776	1.080805	0.219776	1.096352	0.266347	0.211072	0.266347	1.095536	0.211072	1.096352	1.082916	1.096352	0.211072	1.000605	1.080805	0.000000