SalEn.54032_1-393_NEs	0.000000	0.204047	0.209580	0.166932	0.021553	0.019791	0.195089	0.200347	0.021553	0.203667	0.021553	0.203667	0.201718
KlePn.2_43871_1-395_BeL	0.204047	0.000000	0.181273	0.189370	0.201850	0.199377	0.242868	0.245177	0.201850	0.246985	0.204714	0.246985	0.008496
EntCo.1_25760_1-394_BeL	0.209580	0.181273	0.000000	0.172307	0.210999	0.209898	0.224890	0.222419	0.210999	0.221851	0.213873	0.221851	0.182275
CitRo.1_44451_1-393_NEs	0.166932	0.189370	0.172307	0.000000	0.165491	0.161263	0.175032	0.172904	0.165491	0.173972	0.165491	0.173972	0.192547
SalEn.3_3440_1-393_BeL	0.021553	0.201850	0.210999	0.165491	0.000000	0.008543	0.195988	0.196837	0.000000	0.200142	0.000000	0.200142	0.199527
SalEn.13300_1-393_BeL	0.019791	0.199377	0.209898	0.161263	0.008543	0.000000	0.190273	0.191122	0.008543	0.194404	0.008543	0.194404	0.197063
EscCo.4_00330_1-394_BeL	0.195089	0.242868	0.224890	0.175032	0.195988	0.190273	0.000000	0.022232	0.195988	0.024903	0.196461	0.024903	0.239305
EscCo.1_03786_1-394_BeL	0.200347	0.245177	0.222419	0.172904	0.196837	0.191122	0.022232	0.000000	0.196837	0.002539	0.197306	0.002539	0.243936
SalEn.4_34641_1-393_BeL	0.021553	0.201850	0.210999	0.165491	0.000000	0.008543	0.195988	0.196837	0.000000	0.200142	0.000000	0.200142	0.199527
EscCo.3_3615_1-393_BeL	0.203667	0.246985	0.221851	0.173972	0.200142	0.194404	0.024903	0.002539	0.200142	0.000000	0.200142	0.000000	0.245739
SalEn.2_MW34641_1-394_BeL	0.021553	0.204714	0.213873	0.165491	0.000000	0.008543	0.196461	0.197306	0.000000	0.200142	0.000000	0.200142	0.202387
EscCo.53364_1-393	0.203667	0.246985	0.221851	0.173972	0.200142	0.194404	0.024903	0.002539	0.200142	0.000000	0.200142	0.000000	0.245739
KlePn.1_00836_1-396_NEs	0.201718	0.008496	0.182275	0.192547	0.199527	0.197063	0.239305	0.243936	0.199527	0.245739	0.202387	0.245739	0.000000