SalEn.3_2099_1-213_NEs	0.000000	0.148522	0.185063	0.146463	0.000000	0.146470	0.000000	0.135522	0.000000	0.146463	0.174447	0.187241	0.000000
EscCo.1_02307_1-213_NEs	0.148522	0.000000	0.211109	0.006287	0.148522	0.006288	0.148522	0.159441	0.148522	0.006287	0.203277	0.214927	0.148522
KlePn.1_04063_1-213_NEs	0.185063	0.211109	0.000000	0.208820	0.185063	0.216979	0.185063	0.173350	0.185063	0.208820	0.185188	0.004707	0.185063
EscCo.3_2209_1-213_NEs	0.146463	0.006287	0.208820	0.000000	0.146463	0.006281	0.146463	0.161182	0.146463	0.000000	0.203524	0.212628	0.146463
SalEn.2_MW21541_1-213_NEs	0.000000	0.148522	0.185063	0.146463	0.000000	0.146470	0.000000	0.135522	0.000000	0.146463	0.174447	0.187241	0.000000
EscCo.4_01645_1-213_NEs	0.146470	0.006288	0.216979	0.006281	0.146470	0.000000	0.146470	0.161191	0.146470	0.006281	0.203536	0.220808	0.146470
SalEn.50750_1-213_NEs	0.000000	0.148522	0.185063	0.146463	0.000000	0.146470	0.000000	0.135522	0.000000	0.146463	0.174447	0.187241	0.000000
CitRo.1_22021_1-213_NEs	0.135522	0.159441	0.173350	0.161182	0.135522	0.161191	0.135522	0.000000	0.135522	0.161182	0.170501	0.173146	0.135522
SalEn.4_21541_1-213_NEs	0.000000	0.148522	0.185063	0.146463	0.000000	0.146470	0.000000	0.135522	0.000000	0.146463	0.174447	0.187241	0.000000
EscCo.52066_1-213	0.146463	0.006287	0.208820	0.000000	0.146463	0.006281	0.146463	0.161182	0.146463	0.000000	0.203524	0.212628	0.146463
EntCo.1_41010_1-213_NEs	0.174447	0.203277	0.185188	0.203524	0.174447	0.203536	0.174447	0.170501	0.174447	0.203524	0.000000	0.182984	0.174447
KlePn.2_31221_1-213_NEs	0.187241	0.214927	0.004707	0.212628	0.187241	0.220808	0.187241	0.173146	0.187241	0.212628	0.182984	0.000000	0.187241
SalEn.12118_1-213_NEs	0.000000	0.148522	0.185063	0.146463	0.000000	0.146470	0.000000	0.135522	0.000000	0.146463	0.174447	0.187241	0.000000