SalEn.11095_1-188_NEs	0.000000	0.306385	0.278582	0.271090	0.302235	0.307354	0.331762	0.299668	0.334956	0.007124	0.007124	0.007124	0.014319
EscCo.1_02064_1-188_NEs	0.306385	0.000000	0.307233	0.304164	0.012459	0.028731	0.365892	0.010670	0.369219	0.309407	0.309407	0.309407	0.303785
EntCo.1_06200_1-186_NEs	0.278582	0.307233	0.000000	0.244517	0.308223	0.300341	0.329288	0.305617	0.332545	0.284108	0.284108	0.284108	0.278485
CitRo.1_19191_1-188_NEs	0.271090	0.304164	0.244517	0.000000	0.297476	0.300045	0.272025	0.294958	0.274974	0.276528	0.276528	0.276528	0.271904
EscCo.41875_1-188_BeL	0.302235	0.012459	0.308223	0.297476	0.000000	0.026922	0.361513	0.001767	0.364832	0.305249	0.305249	0.305249	0.299636
EscCo.3_02006_1-188_NEs	0.307354	0.028731	0.300341	0.300045	0.026922	0.000000	0.372747	0.025104	0.376116	0.305137	0.305137	0.305137	0.304743
KlePn.1_04274_1-188_NEs	0.331762	0.365892	0.329288	0.272025	0.361513	0.372747	0.000000	0.358762	0.001790	0.332171	0.332171	0.332171	0.320865
EscCo.2_1908_1-188_NEs	0.299668	0.010670	0.305617	0.294958	0.001767	0.025104	0.358762	0.000000	0.362069	0.302672	0.302672	0.302672	0.297075
KlePn.2_29731_1-188_NEs	0.334956	0.369219	0.332545	0.274974	0.364832	0.376116	0.001790	0.362069	0.000000	0.331635	0.331635	0.331635	0.320353
SalEn.4_18911_1-188_NEs	0.007124	0.309407	0.284108	0.276528	0.305249	0.305137	0.332171	0.302672	0.331635	0.000000	0.000000	0.000000	0.010706
SalEn.2_MW18911_1-188_NEs	0.007124	0.309407	0.284108	0.276528	0.305249	0.305137	0.332171	0.302672	0.331635	0.000000	0.000000	0.000000	0.010706
SalEn.3_1843_1-188_NEs	0.007124	0.309407	0.284108	0.276528	0.305249	0.305137	0.332171	0.302672	0.331635	0.000000	0.000000	0.000000	0.010706
SalEn.50969_1-188_NEs	0.014319	0.303785	0.278485	0.271904	0.299636	0.304743	0.320865	0.297075	0.320353	0.010706	0.010706	0.010706	0.000000