KlePn.1_00816_1-222_NEs	0.000000	0.260293	0.264705	0.264705	0.259647	0.264705	0.264705	0.247414	0.001510	0.248924	0.267229	0.268581	0.255515
EscCo.3_3649_1-222_NEs	0.260293	0.000000	0.204527	0.204527	0.007529	0.204527	0.204527	0.226712	0.260617	0.013610	0.208763	0.269985	0.004511
SalEn.13322_1-222_NEs	0.264705	0.204527	0.000000	0.000000	0.204047	0.000000	0.000000	0.182856	0.265041	0.200408	0.004521	0.236215	0.200174
SalEn.2_MW34861_1-222_NEs	0.264705	0.204527	0.000000	0.000000	0.204047	0.000000	0.000000	0.182856	0.265041	0.200408	0.004521	0.236215	0.200174
EscCo.1_03820_1-222_BeL	0.259647	0.007529	0.204047	0.204047	0.000000	0.204047	0.204047	0.226170	0.259969	0.012066	0.208271	0.269296	0.002999
SalEn.4_34861_1-222_BeL	0.264705	0.204527	0.000000	0.000000	0.204047	0.000000	0.000000	0.182856	0.265041	0.200408	0.004521	0.236215	0.200174
SalEn.3_3463_1-222_NEs	0.264705	0.204527	0.000000	0.000000	0.204047	0.000000	0.000000	0.182856	0.265041	0.200408	0.004521	0.236215	0.200174
CitRo.1_44241_1-222_NEs	0.247414	0.226712	0.182856	0.182856	0.226170	0.182856	0.182856	0.000000	0.247721	0.224455	0.184992	0.260301	0.222208
KlePn.2_44081_1-222_BeL	0.001510	0.260617	0.265041	0.265041	0.259969	0.265041	0.265041	0.247721	0.000000	0.249230	0.267569	0.268923	0.255831
EscCo.4_00301_1-222_NEs	0.248924	0.013610	0.200408	0.200408	0.012066	0.200408	0.200408	0.224455	0.249230	0.000000	0.204616	0.271840	0.009036
SalEn.54010_15-236_NEs	0.267229	0.208763	0.004521	0.004521	0.208271	0.004521	0.004521	0.184992	0.267569	0.204616	0.000000	0.238546	0.204376
EntCo.1_26000_1-222_BeL	0.268581	0.269985	0.236215	0.236215	0.269296	0.236215	0.236215	0.260301	0.268923	0.271840	0.238546	0.000000	0.265046
EscCo.53399_1-222	0.255515	0.004511	0.200174	0.200174	0.002999	0.200174	0.200174	0.222208	0.255831	0.009036	0.204376	0.265046	0.000000