SalEn.13781_1-181_Ess	0.000000	0.232611	0.007416	0.240502	0.231063	0.005543	0.402083	0.240469	0.007416	0.235425	0.007416	0.402857
EscCo.4_04651_1-181_Ess	0.232611	0.000000	0.227990	0.020501	0.253956	0.237903	0.365616	0.022439	0.227990	0.014861	0.227990	0.369642
SalEn.4_39571_1-181_Ess	0.007416	0.227990	0.000000	0.235848	0.242222	0.009267	0.412485	0.239005	0.000000	0.230789	0.000000	0.413220
EscCo.1_04301_1-181_Ess	0.240502	0.020501	0.235848	0.000000	0.251119	0.245856	0.362096	0.020532	0.235848	0.020479	0.235848	0.366121
CitRo.1_39051_1-181_Ess	0.231063	0.253956	0.242222	0.251119	0.000000	0.233871	0.378290	0.243515	0.242222	0.248531	0.242222	0.382217
SalEn.53311_1-181_Ess	0.005543	0.237903	0.009267	0.245856	0.233871	0.000000	0.407685	0.245821	0.009267	0.240743	0.009267	0.408435
KlePn.2_49691_1-177_Ess	0.402083	0.365616	0.412485	0.362096	0.378290	0.407685	0.000000	0.366898	0.412485	0.365016	0.412485	0.003784
EscCo.53850_1-181	0.240469	0.022439	0.239005	0.020532	0.243515	0.245821	0.366898	0.000000	0.239005	0.018641	0.239005	0.370905
SalEn.2_MW39571_1-181_Ess	0.007416	0.227990	0.000000	0.235848	0.242222	0.009267	0.412485	0.239005	0.000000	0.230789	0.000000	0.413220
EscCo.3_4125_1-181_Ess	0.235425	0.014861	0.230789	0.020479	0.248531	0.240743	0.365016	0.018641	0.230789	0.000000	0.230789	0.369037
SalEn.3_3940_1-181_Ess	0.007416	0.227990	0.000000	0.235848	0.242222	0.009267	0.412485	0.239005	0.000000	0.230789	0.000000	0.413220
KlePn.1_01816_1-178_Ess	0.402857	0.369642	0.413220	0.366121	0.382217	0.408435	0.003784	0.370905	0.413220	0.369037	0.413220	0.000000