SalEn.53362_1-399_NEs	0.000000	0.202467	0.249668	0.013320	0.265185	0.013320	0.009747	0.202213	0.200240	0.013320	0.250956	0.180847	0.194854	0.200170
EscCo.53802_1-398	0.202467	0.000000	0.249617	0.201878	0.260409	0.201878	0.206403	0.014308	0.007536	0.201878	0.247470	0.169496	0.035094	0.018591
KlePn.2_49261_1-398_NEs	0.249668	0.249617	0.000000	0.243457	0.261935	0.243457	0.245881	0.250920	0.250799	0.243457	0.006783	0.184546	0.247368	0.246019
SalEn.4_39061_1-379_NEs	0.013320	0.201878	0.243457	0.000000	0.258968	0.000000	0.012425	0.199253	0.199538	0.000000	0.244809	0.178366	0.199542	0.201734
EntCo.1_02060_1-399_NEs	0.265185	0.260409	0.261935	0.258968	0.000000	0.258968	0.260171	0.263286	0.261935	0.258968	0.258601	0.237915	0.253379	0.255175
SalEn.3_3890_1-379_NEs	0.013320	0.201878	0.243457	0.000000	0.258968	0.000000	0.012425	0.199253	0.199538	0.000000	0.244809	0.178366	0.199542	0.201734
SalEn.13736_1-379_NEs	0.009747	0.206403	0.245881	0.012425	0.260171	0.012425	0.000000	0.206035	0.206331	0.012425	0.247238	0.182786	0.202897	0.206255
EscCo.3_4081_1-398_NEs	0.202213	0.014308	0.250920	0.199253	0.263286	0.199253	0.206035	0.000000	0.006697	0.199253	0.248770	0.176052	0.034191	0.019450
EscCo.2_34150_1-398_NEs	0.200240	0.007536	0.250799	0.199538	0.261935	0.199538	0.206331	0.006697	0.000000	0.199538	0.248650	0.172816	0.032438	0.016031
SalEn.2_MW39061_1-379_NEs	0.013320	0.201878	0.243457	0.000000	0.258968	0.000000	0.012425	0.199253	0.199538	0.000000	0.244809	0.178366	0.199542	0.201734
KlePn.1_01773_1-398_NEs	0.250956	0.247470	0.006783	0.244809	0.258601	0.244809	0.247238	0.248770	0.248650	0.244809	0.000000	0.186811	0.244040	0.246174
CitRo.1_39491_1-399_NEs	0.180847	0.169496	0.184546	0.178366	0.237915	0.178366	0.182786	0.176052	0.172816	0.178366	0.186811	0.000000	0.166112	0.169381
EscCo.4_04718_1-398_NEs	0.194854	0.035094	0.247368	0.199542	0.253379	0.199542	0.202897	0.034191	0.032438	0.199542	0.244040	0.166112	0.000000	0.028090
EscCo.1_04256_1-398_NEs	0.200170	0.018591	0.246019	0.201734	0.255175	0.201734	0.206255	0.019450	0.016031	0.201734	0.246174	0.169381	0.028090	0.000000