SalEn.2_MW12191_1-180_Ess	0.000000	0.211665	0.227679	0.000000	0.213507	0.000000	0.216205	0.221035	0.009312	0.001857	0.183671	0.208634	0.230141	0.216205
EscCo.1_01246_1-180_NEs	0.211665	0.000000	0.232881	0.211665	0.047872	0.211665	0.011199	0.239907	0.211665	0.208961	0.175143	0.016867	0.232854	0.011199
KlePn.2_17191_1-180_NEs	0.227679	0.232881	0.000000	0.227679	0.242940	0.227679	0.232543	0.221905	0.230155	0.224894	0.177498	0.222966	0.003704	0.232543
SalEn.4_12191_1-180_NEs	0.000000	0.211665	0.227679	0.000000	0.213507	0.000000	0.216205	0.221035	0.009312	0.001857	0.183671	0.208634	0.230141	0.216205
EscCo.4_02804_1-180_Ess	0.213507	0.047872	0.242940	0.213507	0.000000	0.213507	0.043897	0.253239	0.213507	0.210802	0.176999	0.040040	0.242912	0.043897
SalEn.3_1147_1-180_NEs	0.000000	0.211665	0.227679	0.000000	0.213507	0.000000	0.216205	0.221035	0.009312	0.001857	0.183671	0.208634	0.230141	0.216205
EscCo.51108_1-180	0.216205	0.011199	0.232543	0.216205	0.043897	0.216205	0.000000	0.234579	0.216205	0.213487	0.174902	0.016848	0.232517	0.000000
EntCo.1_15300_1-180_NEs	0.221035	0.239907	0.221905	0.221035	0.253239	0.221035	0.234579	0.000000	0.221036	0.218268	0.191598	0.234877	0.219447	0.234579
SalEn.51710_1-180_NEs	0.009312	0.211665	0.230155	0.009312	0.213507	0.009312	0.216205	0.221036	0.000000	0.011198	0.186004	0.208634	0.232623	0.216205
SalEn.11839_1-180_NEs	0.001857	0.208961	0.224894	0.001857	0.210802	0.001857	0.213487	0.218268	0.011198	0.000000	0.186256	0.205950	0.227346	0.213487
CitRo.1_11701_1-180_NEs	0.183671	0.175143	0.177498	0.183671	0.176999	0.183671	0.174902	0.191598	0.186004	0.186256	0.000000	0.165900	0.172843	0.174902
EscCo.2_54690_1-180_Ess	0.208634	0.016867	0.222966	0.208634	0.040040	0.208634	0.016848	0.234877	0.208634	0.205950	0.165900	0.000000	0.222941	0.016848
KlePn.1_03583_1-180_NEs	0.230141	0.232854	0.003704	0.230141	0.242912	0.230141	0.232517	0.219447	0.232623	0.227346	0.172843	0.222941	0.000000	0.232517
EscCo.3_1173_1-180_NEs	0.216205	0.011199	0.232543	0.216205	0.043897	0.216205	0.000000	0.234579	0.216205	0.213487	0.174902	0.016848	0.232517	0.000000