SalEn.4_06721_1-247_NEs	0.000000	0.357262	0.365742	0.001350	0.001350	0.000000	0.019135	0.366183	0.351129	0.350271	0.350271	0.667123	0.354628	0.307825
EscCo.1_00610_1-248_NEs	0.357262	0.000000	0.442019	0.357262	0.357262	0.357262	0.358844	0.439059	0.034403	0.006754	0.006754	0.648653	0.016321	0.354553
KlePn.1_03088_1-248_NEs	0.365742	0.442019	0.000000	0.367917	0.363573	0.365742	0.372568	0.001346	0.443955	0.438970	0.438970	0.641352	0.436662	0.409093
SalEn.3_0595_1-247_NEs	0.001350	0.357262	0.367917	0.000000	0.002703	0.001350	0.020518	0.368361	0.351129	0.350271	0.350271	0.664115	0.356802	0.309857
SalEn.10576_1-247_NEs	0.001350	0.357262	0.363573	0.002703	0.000000	0.001350	0.017754	0.364010	0.351129	0.350271	0.350271	0.670138	0.354628	0.307825
SalEn.2_MW06721_1-247_NEs	0.000000	0.357262	0.365742	0.001350	0.001350	0.000000	0.019135	0.366183	0.351129	0.350271	0.350271	0.667123	0.354628	0.307825
SalEn.52261_1-247_NEs	0.019135	0.358844	0.372568	0.020518	0.017754	0.019135	0.000000	0.373019	0.356100	0.351851	0.351851	0.677407	0.356208	0.310126
KlePn.2_12281_1-248_NEs	0.366183	0.439059	0.001346	0.368361	0.364010	0.366183	0.373019	0.000000	0.440990	0.436026	0.436026	0.642412	0.433727	0.406279
EscCo.4_03390_1-248_NEs	0.351129	0.034403	0.443955	0.351129	0.351129	0.351129	0.356100	0.440990	0.000000	0.038646	0.038646	0.698181	0.040124	0.361419
EscCo.3_0634_1-248_NEs	0.350271	0.006754	0.438970	0.350271	0.350271	0.350271	0.351851	0.436026	0.038646	0.000000	0.000000	0.656644	0.019084	0.352780
EscCo.50604_1-248	0.350271	0.006754	0.438970	0.350271	0.350271	0.350271	0.351851	0.436026	0.038646	0.000000	0.000000	0.656644	0.019084	0.352780
EntCo.1_10220_6-257_NEs	0.667123	0.648653	0.641352	0.664115	0.670138	0.667123	0.677407	0.642412	0.698181	0.656644	0.656644	0.000000	0.653475	0.714889
EscCo.2_47090_19-266_NEs	0.354628	0.016321	0.436662	0.356802	0.354628	0.354628	0.356208	0.433727	0.040124	0.019084	0.019084	0.653475	0.000000	0.352782
CitRo.1_06151_1-248_NEs	0.307825	0.354553	0.409093	0.309857	0.307825	0.307825	0.310126	0.406279	0.361419	0.352780	0.352780	0.714889	0.352782	0.000000