SalEn.3_1401_1-309_NEs	0.000000	0.001078	0.334968	0.298965	0.001078	0.439826	0.439826	0.433137	0.331063	0.016375	0.007581	0.319423	0.334968
SalEn.2_MW14711_1-309_Ess	0.001078	0.000000	0.336635	0.300571	0.000000	0.437946	0.437946	0.435047	0.332720	0.017478	0.008669	0.321060	0.336635
EscCo.3_1644_1-309_NEs	0.334968	0.336635	0.000000	0.320314	0.336635	0.475339	0.475339	0.410400	0.008638	0.340537	0.331308	0.026186	0.000000
CitRo.1_14541_1-309_NEs	0.298965	0.300571	0.320314	0.000000	0.300571	0.417980	0.417980	0.406401	0.317055	0.301070	0.300231	0.315174	0.320314
SalEn.4_14711_1-309_NEs	0.001078	0.000000	0.336635	0.300571	0.000000	0.437946	0.437946	0.435047	0.332720	0.017478	0.008669	0.321060	0.336635
KlePn.2_20741_1-309_NEs	0.439826	0.437946	0.475339	0.417980	0.437946	0.000000	0.002184	0.425731	0.468473	0.451957	0.441153	0.477936	0.475339
KlePn.1_05167_1-309_NEs	0.439826	0.437946	0.475339	0.417980	0.437946	0.002184	0.000000	0.425731	0.468473	0.451957	0.441153	0.477936	0.475339
EntCo.1_12820_1-309_NEs	0.433137	0.435047	0.410400	0.406401	0.435047	0.425731	0.425731	0.000000	0.406792	0.448279	0.436284	0.411177	0.410400
EscCo.1_01788_1-309_NEs	0.331063	0.332720	0.008638	0.317055	0.332720	0.468473	0.468473	0.406792	0.000000	0.336594	0.327426	0.022841	0.008638
SalEn.51338_1-309_NEs	0.016375	0.017478	0.340537	0.301070	0.017478	0.451957	0.451957	0.448279	0.336594	0.000000	0.015262	0.328148	0.340537
SalEn.11578_1-309_NEs	0.007581	0.008669	0.331308	0.300231	0.008669	0.441153	0.441153	0.436284	0.327426	0.015262	0.000000	0.319082	0.331308
EscCo.4_02273_1-309_NEs	0.319423	0.321060	0.026186	0.315174	0.321060	0.477936	0.477936	0.411177	0.022841	0.328148	0.319082	0.000000	0.026186
EscCo.51610_1-309	0.334968	0.336635	0.000000	0.320314	0.336635	0.475339	0.475339	0.410400	0.008638	0.340537	0.331308	0.026186	0.000000