KlePn.1_04443_1-117_NEs	0.000000	0.304401	0.291815	0.310782	0.291815	0.305866	0.304217	0.310043	0.291815	0.297201	0.287747	0.292519	0.230020	0.002882
EscCo.2_1800_1-117_NEs	0.304401	0.000000	0.233596	0.011501	0.233596	0.011481	0.011477	0.005723	0.233596	0.249477	0.237557	0.238102	0.259088	0.308554
SalEn.3_1697_1-117_NEs	0.291815	0.233596	0.000000	0.241826	0.000000	0.241271	0.236208	0.233467	0.000000	0.266654	0.002845	0.008575	0.242138	0.295919
EscCo.3_1326_1-117_NEs	0.310782	0.011501	0.241826	0.000000	0.241826	0.005710	0.017293	0.005712	0.241826	0.249897	0.245829	0.246397	0.259529	0.314987
SalEn.2_MW17611_1-117_NEs	0.291815	0.233596	0.000000	0.241826	0.000000	0.241271	0.236208	0.233467	0.000000	0.266654	0.002845	0.008575	0.242138	0.295919
EscCo.1_01401_1-117_NEs	0.305866	0.011481	0.241271	0.005710	0.241271	0.000000	0.017262	0.011476	0.241271	0.245435	0.245263	0.245829	0.258921	0.310043
EscCo.4_02621_1-117_NEs	0.304217	0.011477	0.236208	0.017293	0.236208	0.017262	0.000000	0.011472	0.236208	0.257146	0.240160	0.240709	0.266868	0.308367
EscCo.51219_1-117	0.310043	0.005723	0.233467	0.005712	0.233467	0.011476	0.011472	0.000000	0.233467	0.249337	0.237425	0.237969	0.258939	0.314236
SalEn.4_17611_1-117_NEs	0.291815	0.233596	0.000000	0.241826	0.000000	0.241271	0.236208	0.233467	0.000000	0.266654	0.002845	0.008575	0.242138	0.295919
EntCo.1_07720_1-117_NEs	0.297201	0.249477	0.266654	0.249897	0.266654	0.245435	0.257146	0.249337	0.266654	0.000000	0.266654	0.275280	0.263016	0.297201
SalEn.11270_1-117_NEs	0.287747	0.237557	0.002845	0.245829	0.002845	0.245263	0.240160	0.237425	0.002845	0.266654	0.000000	0.005709	0.242138	0.291837
SalEn.51678_1-117_NEs	0.292519	0.238102	0.008575	0.246397	0.008575	0.245829	0.240709	0.237969	0.008575	0.275280	0.005709	0.000000	0.246521	0.296635
CitRo.1_17931_1-117_NEs	0.230020	0.259088	0.242138	0.259529	0.242138	0.258921	0.266868	0.258939	0.242138	0.263016	0.242138	0.246521	0.000000	0.230020
KlePn.2_28191_1-117_NEs	0.002882	0.308554	0.295919	0.314987	0.295919	0.310043	0.308367	0.314236	0.295919	0.297201	0.291837	0.296635	0.230020	0.000000