EscCo.1_01300_1-577_NEs	0.000000	1.986774	1.986774	0.020500	0.509581	0.943384	0.509581	1.986774	1.155464	0.013409	1.993920	0.007552	0.016953
SalEn.2_MW10421_3-695_NEs	1.986774	0.000000	0.000000	2.119168	1.972493	1.903401	1.972493	0.000000	1.559086	2.136418	0.490961	2.121094	2.154834
SalEn.3_0969_1-673_NEs	1.986774	0.000000	0.000000	2.086640	1.914802	1.903401	1.914802	0.000000	1.530002	2.104839	0.473153	2.088889	2.123286
EscCo.3_02746_1-637_NEs	0.020500	2.119168	2.086640	0.000000	0.525340	0.925862	0.525340	2.126297	1.216256	0.017466	2.062459	0.014782	0.021229
SalEn.4_26281_2-636_NEs	0.509581	1.972493	1.914802	0.525340	0.000000	0.911672	0.000000	1.972493	1.205497	0.527385	2.086873	0.527061	0.530183
EscCo.3_01952_1-622_NEs	0.943384	1.903401	1.903401	0.925862	0.911672	0.000000	0.911672	1.903401	1.307197	0.935477	1.860549	0.934600	0.930162
SalEn.3_2572_2-636_NEs	0.509581	1.972493	1.914802	0.525340	0.000000	0.911672	0.000000	1.972493	1.205497	0.527385	2.086873	0.527061	0.530183
SalEn.4_10421_1-700_NEs	1.986774	0.000000	0.000000	2.126297	1.972493	1.903401	1.972493	0.000000	1.546432	2.143416	0.490961	2.128163	2.161906
CitRo.1_26011_1-659_NEs	1.155464	1.559086	1.530002	1.216256	1.205497	1.307197	1.205497	1.546432	0.000000	1.202154	1.696170	1.199250	1.191185
EscCo.2_4704_1-637_NEs	0.013409	2.136418	2.104839	0.017466	0.527385	0.935477	0.527385	2.143416	1.202154	0.000000	2.086527	0.006834	0.005777
EscCo.1_01738_2-687_NEs	1.993920	0.490961	0.473153	2.062459	2.086873	1.860549	2.086873	0.490961	1.696170	2.086527	0.000000	2.097325	2.096795
EscCo.2_1221_1-637_NEs	0.007552	2.121094	2.088889	0.014782	0.527061	0.934600	0.527061	2.128163	1.199250	0.006834	2.097325	0.000000	0.009482
EscCo.1_00809_1-637_NEs	0.016953	2.154834	2.123286	0.021229	0.530183	0.930162	0.530183	2.161906	1.191185	0.005777	2.096795	0.009482	0.000000