EscCo.4_02155_1-96_NEs	0.000000	0.876471	0.402010	0.638867	0.443938	0.024876	0.425276	0.425276	0.863808	0.425276	0.017699	0.413587	0.024876
KlePn.2_27701_1-94_NEs	0.876471	0.000000	0.657311	0.741468	0.613550	0.846945	0.649019	0.649019	0.003547	0.649019	0.846945	0.649209	0.846945
SalEn.11718_1-96_Ess	0.402010	0.657311	0.000000	0.518905	0.409127	0.385602	0.013987	0.013987	0.645940	0.013987	0.385602	0.006968	0.385602
EntCo.1_14240_1-96_NEs	0.638867	0.741468	0.518905	0.000000	0.471217	0.610995	0.518823	0.518823	0.727350	0.518823	0.610995	0.505641	0.610995
CitRo.1_13321_1-96_NEs	0.443938	0.613550	0.409127	0.471217	0.000000	0.423387	0.420988	0.420988	0.602942	0.420988	0.423323	0.409141	0.423387
EscCo.3_1756_1-96_NEs	0.024876	0.846945	0.385602	0.610995	0.423387	0.000000	0.408238	0.408238	0.834917	0.408238	0.006979	0.396867	0.000000
SalEn.4_13321_1-96_NEs	0.425276	0.649019	0.013987	0.518823	0.420988	0.408238	0.000000	0.000000	0.637839	0.000000	0.408238	0.006967	0.408238
SalEn.2_MW13321_1-96_Ess	0.425276	0.649019	0.013987	0.518823	0.420988	0.408238	0.000000	0.000000	0.637839	0.000000	0.408238	0.006967	0.408238
KlePn.1_04488_1-95_NEs	0.863808	0.003547	0.645940	0.727350	0.602942	0.834917	0.637839	0.637839	0.000000	0.637839	0.834917	0.638020	0.834917
SalEn.3_1260_1-96_NEs	0.425276	0.649019	0.013987	0.518823	0.420988	0.408238	0.000000	0.000000	0.637839	0.000000	0.408238	0.006967	0.408238
EscCo.1_01908_1-96_NEs	0.017699	0.846945	0.385602	0.610995	0.423323	0.006979	0.408238	0.408238	0.834917	0.408238	0.000000	0.396867	0.006979
SalEn.51205_1-96_NEs	0.413587	0.649209	0.006968	0.505641	0.409141	0.396867	0.006967	0.006967	0.638020	0.006967	0.396867	0.000000	0.396867
EscCo.51724_1-96	0.024876	0.846945	0.385602	0.610995	0.423387	0.000000	0.408238	0.408238	0.834917	0.408238	0.006979	0.396867	0.000000