SalEn.54469_1-332_NEs	0.000000	0.138862	0.140364	0.011118	0.161313	0.142298	0.137672	0.131742	0.137672	0.007061	0.007061	0.147653	0.161318	0.007061
EscCo.54232_1-332	0.138862	0.000000	0.010101	0.139945	0.154077	0.128422	0.005033	0.125011	0.005033	0.136383	0.136383	0.017242	0.155310	0.136383
EscCo.3_4580_1-332_NEs	0.140364	0.010101	0.000000	0.143857	0.159323	0.136645	0.009085	0.127438	0.009085	0.140273	0.140273	0.015186	0.160566	0.140273
SalEn.14184_1-332_NEs	0.011118	0.139945	0.143857	0.000000	0.157472	0.138553	0.139947	0.130439	0.139947	0.008067	0.008067	0.148743	0.159946	0.008067
KlePn.1_02102_1-332_NEs	0.161313	0.154077	0.159323	0.157472	0.000000	0.145396	0.157977	0.156219	0.157977	0.157489	0.157489	0.160638	0.004031	0.157489
EntCo.1_43400_1-332_NEs	0.142298	0.128422	0.136645	0.138553	0.145396	0.000000	0.128235	0.132395	0.128235	0.138577	0.138577	0.141493	0.145400	0.138577
EscCo.4_04215_1-332_NEs	0.137672	0.005033	0.009085	0.139947	0.157977	0.128235	0.000000	0.123665	0.000000	0.135197	0.135197	0.020317	0.159217	0.135197
CitRo.1_32931_1-332_NEs	0.131742	0.125011	0.127438	0.130439	0.156219	0.132395	0.123665	0.000000	0.123665	0.125729	0.125729	0.130842	0.158690	0.125729
EscCo.1_04718_1-332_NEs	0.137672	0.005033	0.009085	0.139947	0.157977	0.128235	0.000000	0.123665	0.000000	0.135197	0.135197	0.020317	0.159217	0.135197
SalEn.4_43591_1-332_NEs	0.007061	0.136383	0.140273	0.008067	0.157489	0.138577	0.135197	0.125729	0.135197	0.000000	0.000000	0.145140	0.157493	0.000000
SalEn.3_4348_1-332_NEs	0.007061	0.136383	0.140273	0.008067	0.157489	0.138577	0.135197	0.125729	0.135197	0.000000	0.000000	0.145140	0.157493	0.000000
EscCo.2_38900_1-332_NEs	0.147653	0.017242	0.015186	0.148743	0.160638	0.141493	0.020317	0.130842	0.020317	0.145140	0.145140	0.000000	0.161883	0.145140
KlePn.2_02371_1-332_NEs	0.161318	0.155310	0.160566	0.159946	0.004031	0.145400	0.159217	0.158690	0.159217	0.157493	0.157493	0.161883	0.000000	0.157493
SalEn.2_MW43591_1-332_NEs	0.007061	0.136383	0.140273	0.008067	0.157489	0.138577	0.135197	0.125729	0.135197	0.000000	0.000000	0.145140	0.157493	0.000000