SalEn.2_MW37541_1-300_BeL	0.000000	0.271021	0.262960	0.271021	0.007813	0.272903	0.000000	0.303827	0.000000	0.274238	0.318244	0.316237	0.269074	0.008945
EscCo.1_04110_1-301_NEs	0.271021	0.000000	0.255229	0.000000	0.271570	0.001104	0.271021	0.316659	0.271021	0.030389	0.335305	0.336772	0.032672	0.269886
CitRo.1_41211_1-300_NEs	0.262960	0.255229	0.000000	0.255229	0.266583	0.257052	0.262960	0.279093	0.262960	0.261976	0.271225	0.272594	0.260971	0.263335
EscCo.53660_1-301	0.271021	0.000000	0.255229	0.000000	0.271570	0.001104	0.271021	0.316659	0.271021	0.030389	0.335305	0.336772	0.032672	0.269886
SalEn.13587_1-300_BeL	0.007813	0.271570	0.266583	0.271570	0.000000	0.273457	0.007813	0.304482	0.007813	0.274795	0.320591	0.318573	0.269617	0.007825
EscCo.3_3953_1-301_BeL	0.272903	0.001104	0.257052	0.001104	0.273457	0.000000	0.272903	0.318727	0.272903	0.031562	0.337454	0.338924	0.033849	0.271768
SalEn.4_37541_1-300_NEs	0.000000	0.271021	0.262960	0.271021	0.007813	0.272903	0.000000	0.303827	0.000000	0.274238	0.318244	0.316237	0.269074	0.008945
EntCo.1_03500_14-313_NEs	0.303827	0.316659	0.279093	0.316659	0.304482	0.318727	0.303827	0.000000	0.303827	0.320575	0.275852	0.277238	0.320575	0.301578
SalEn.3_3730_1-300_NEs	0.000000	0.271021	0.262960	0.271021	0.007813	0.272903	0.000000	0.303827	0.000000	0.274238	0.318244	0.316237	0.269074	0.008945
EscCo.2_32750_1-301_BeL	0.274238	0.030389	0.261976	0.030389	0.274795	0.031562	0.274238	0.320575	0.274238	0.000000	0.341026	0.340692	0.013362	0.273104
KlePn.2_46871_1-300_NEs	0.318244	0.335305	0.271225	0.335305	0.320591	0.337454	0.318244	0.275852	0.318244	0.341026	0.000000	0.004504	0.338668	0.316962
KlePn.1_00534_1-300_NEs	0.316237	0.336772	0.272594	0.336772	0.318573	0.338924	0.316237	0.277238	0.316237	0.340692	0.004504	0.000000	0.338337	0.314957
EscCo.4_04855_1-301_BeL	0.269074	0.032672	0.260971	0.032672	0.269617	0.033849	0.269074	0.320575	0.269074	0.013362	0.338668	0.338337	0.000000	0.267940
SalEn.53753_1-300_NEs	0.008945	0.269886	0.263335	0.269886	0.007825	0.271768	0.008945	0.301578	0.008945	0.273104	0.316962	0.314957	0.267940	0.000000