EscCo.4_01042_1-853_NEs	0.000000	0.200146	0.176400	0.053673	0.193498	0.193498	0.192965	0.203484	0.216216	0.050318	0.055754	0.193498	0.205255
SalEn.52810_3-855_NEs	0.200146	0.000000	0.184009	0.194761	0.009148	0.009148	0.008353	0.202630	0.212492	0.194698	0.198714	0.009148	0.199908
CitRo.1_30741_1-853_NEs	0.176400	0.184009	0.000000	0.176496	0.173753	0.173753	0.173232	0.189727	0.195601	0.174600	0.175621	0.173753	0.191917
EscCo.3_2924_1-853_NEs	0.053673	0.194761	0.176496	0.000000	0.187573	0.187573	0.187557	0.196668	0.214913	0.024129	0.012153	0.187573	0.200420
SalEn.3_2888_1-841_NEs	0.193498	0.009148	0.173753	0.187573	0.000000	0.000000	0.007152	0.192713	0.202717	0.188026	0.190534	0.000000	0.192628
SalEn.2_MW28721_1-841_NEs	0.193498	0.009148	0.173753	0.187573	0.000000	0.000000	0.007152	0.192713	0.202717	0.188026	0.190534	0.000000	0.192628
SalEn.12748_1-841_NEs	0.192965	0.008353	0.173232	0.187557	0.007152	0.007152	0.000000	0.193718	0.202568	0.187497	0.191525	0.007152	0.193632
KlePn.1_01566_1-853_NEs	0.203484	0.202630	0.189727	0.196668	0.192713	0.192713	0.193718	0.000000	0.199504	0.194394	0.198665	0.192713	0.013208
EntCo.1_29870_1-853_NEs	0.216216	0.212492	0.195601	0.214913	0.202717	0.202717	0.202568	0.199504	0.000000	0.212604	0.218642	0.202717	0.200952
EscCo.1_03054_1-853_NEs	0.050318	0.194698	0.174600	0.024129	0.188026	0.188026	0.187497	0.194394	0.212604	0.000000	0.022105	0.188026	0.198644
EscCo.52733_1-853	0.055754	0.198714	0.175621	0.012153	0.190534	0.190534	0.191525	0.198665	0.218642	0.022105	0.000000	0.190534	0.203975
SalEn.4_28721_1-841_NEs	0.193498	0.009148	0.173753	0.187573	0.000000	0.000000	0.007152	0.192713	0.202717	0.188026	0.190534	0.000000	0.192628
KlePn.2_37381_1-850_NEs	0.205255	0.199908	0.191917	0.200420	0.192628	0.192628	0.193632	0.013208	0.200952	0.198644	0.203975	0.192628	0.000000