SalEn.2_MW02371_1-1160_Ess	0.000000	0.000287	0.130756	0.131218	0.132165	0.143583	0.000287	0.010997	0.120466	0.130958	0.009247	0.131151	0.142582	0.145355
SalEn.3_0232_1-1160_Ess	0.000287	0.000000	0.131092	0.131554	0.132501	0.143924	0.000575	0.011288	0.120798	0.131298	0.009538	0.131487	0.142924	0.145698
EscCo.1_00194_1-1160_Ess	0.130756	0.131092	0.000000	0.024781	0.011852	0.154524	0.130756	0.130589	0.125384	0.011430	0.129783	0.011562	0.158384	0.155503
EscCo.4_03792_1-1160_Ess	0.131218	0.131554	0.024781	0.000000	0.027157	0.158839	0.131218	0.132071	0.132193	0.024254	0.131606	0.022714	0.158407	0.160532
EscCo.50184_1-1160	0.132165	0.132501	0.011852	0.027157	0.000000	0.156701	0.132165	0.133028	0.127691	0.009954	0.131871	0.011848	0.157629	0.158396
KlePn.1_02539_1-1160_Ess	0.143583	0.143924	0.154524	0.158839	0.156701	0.000000	0.143583	0.142835	0.138794	0.154716	0.144893	0.154843	0.138546	0.011941
SalEn.4_02371_1-1160_Ess	0.000287	0.000575	0.130756	0.131218	0.132165	0.143583	0.000000	0.011288	0.120798	0.130958	0.009538	0.131151	0.142582	0.145355
SalEn.10238_1-1160_Ess	0.010997	0.011288	0.130589	0.132071	0.133028	0.142835	0.011288	0.000000	0.117794	0.131138	0.010996	0.130303	0.140109	0.144603
CitRo.1_01871_1-1160_Ess	0.120466	0.120798	0.125384	0.132193	0.127691	0.138794	0.120798	0.117794	0.000000	0.127918	0.118726	0.124952	0.134449	0.140471
EscCo.2_42380_1-1144_Ess	0.130958	0.131298	0.011430	0.024254	0.009954	0.154716	0.130958	0.131138	0.127918	0.000000	0.131009	0.011431	0.158226	0.156427
SalEn.50232_1-1160_Ess	0.009247	0.009538	0.129783	0.131606	0.131871	0.144893	0.009538	0.010996	0.118726	0.131009	0.000000	0.130177	0.140775	0.146670
EscCo.3_0179_1-1160_Ess	0.131151	0.131487	0.011562	0.022714	0.011848	0.154843	0.131151	0.130303	0.124952	0.011431	0.130177	0.000000	0.157227	0.156530
EntCo.1_47070_1-1160_Ess	0.142582	0.142924	0.158384	0.158407	0.157629	0.138546	0.142582	0.140109	0.134449	0.158226	0.140775	0.157227	0.000000	0.134348
KlePn.2_06891_1-1160_Ess	0.145355	0.145698	0.155503	0.160532	0.158396	0.011941	0.145355	0.144603	0.140471	0.156427	0.146670	0.156530	0.134348	0.000000