CitRo.1_35861_1-257_NEs	0.000000	0.241243	0.285245	0.231131	0.281298	0.255625	0.291826	0.227425	0.231131	0.281222	0.284913	0.231131	0.284913
SalEn.53111_1-257_NEs	0.241243	0.000000	0.310724	0.017054	0.306756	0.228674	0.252024	0.019698	0.017054	0.258603	0.258053	0.017054	0.258053
KlePn.2_41051_1-256_NEs	0.285245	0.310724	0.000000	0.297604	0.005268	0.295455	0.373265	0.299491	0.297604	0.371358	0.375691	0.297604	0.375691
SalEn.3_3164_1-257_NEs	0.231131	0.017054	0.297604	0.000000	0.293676	0.216379	0.241508	0.002598	0.000000	0.244397	0.243883	0.000000	0.243883
KlePn.1_01155_1-256_NEs	0.281298	0.306756	0.005268	0.293676	0.000000	0.301282	0.371160	0.295558	0.293676	0.362701	0.366996	0.293676	0.366996
EntCo.1_32830_1-257_NEs	0.255625	0.228674	0.295455	0.216379	0.301282	0.000000	0.265039	0.218071	0.216379	0.265782	0.273727	0.216379	0.273727
EscCo.4_00653_1-257_NEs	0.291826	0.252024	0.373265	0.241508	0.371160	0.265039	0.000000	0.244925	0.241508	0.041235	0.043985	0.241508	0.043985
SalEn.13033_1-257_NEs	0.227425	0.019698	0.299491	0.002598	0.295558	0.218071	0.244925	0.000000	0.002598	0.247837	0.247314	0.002598	0.247314
SalEn.2_MW31501_1-257_NEs	0.231131	0.017054	0.297604	0.000000	0.293676	0.216379	0.241508	0.002598	0.000000	0.244397	0.243883	0.000000	0.243883
EscCo.1_03467_1-257_NEs	0.281222	0.258603	0.371358	0.244397	0.362701	0.265782	0.041235	0.247837	0.244397	0.000000	0.015675	0.244397	0.015675
EscCo.53040_1-257	0.284913	0.258053	0.375691	0.243883	0.366996	0.273727	0.043985	0.247314	0.243883	0.015675	0.000000	0.243883	0.000000
SalEn.4_31501_1-257_NEs	0.231131	0.017054	0.297604	0.000000	0.293676	0.216379	0.241508	0.002598	0.000000	0.244397	0.243883	0.000000	0.243883
EscCo.3_3312_1-257_NEs	0.284913	0.258053	0.375691	0.243883	0.366996	0.273727	0.043985	0.247314	0.243883	0.015675	0.000000	0.243883	0.000000