CitRo.1_28021_1-346_NEs	0.000000	1.072545	0.282014	1.856232	1.093634	0.287526	0.295749	1.611349	1.885773	1.832902	1.640364	1.832902	1.085333	0.282014	1.832902	1.093634
EscCo.2_35180_1-354_NEs	1.072545	0.000000	1.159997	1.446504	0.051482	1.189193	1.192531	1.512445	1.445288	1.417943	1.508295	1.417943	0.049507	1.159997	1.417943	0.051482
EscCo.52384_1-345	0.282014	1.159997	0.000000	1.878515	1.144526	0.036920	0.043985	1.630998	1.904932	1.867135	1.644590	1.867135	1.160168	0.000000	1.867135	1.144526
SalEn.11444_5-361_NEs	1.856232	1.446504	1.878515	0.000000	1.447069	1.924987	1.888316	0.315662	0.016085	0.015102	0.318426	0.015102	1.409262	1.878515	0.015102	1.447069
EscCo.53898_1-354	1.093634	0.051482	1.144526	1.447069	0.000000	1.189335	1.196247	1.480404	1.445845	1.427345	1.467604	1.427345	0.034626	1.144526	1.427345	0.000000
EscCo.1_02674_1-346_NEs	0.287526	1.189193	0.036920	1.924987	1.189335	0.000000	0.051090	1.683952	1.959530	1.926228	1.698699	1.926228	1.198727	0.036920	1.926228	1.189335
EscCo.4_01332_1-346_NEs	0.295749	1.192531	0.043985	1.888316	1.196247	0.051090	0.000000	1.669818	1.908440	1.877237	1.664189	1.877237	1.194332	0.043985	1.877237	1.196247
EscCo.4_04095_5-360_NEs	1.611349	1.512445	1.630998	0.315662	1.480404	1.683952	1.669818	0.000000	0.313751	0.311722	0.004681	0.311722	1.468376	1.630998	0.311722	1.480404
SalEn.51521_5-361_NEs	1.885773	1.445288	1.904932	0.016085	1.445845	1.959530	1.908440	0.313751	0.000000	0.012238	0.316517	0.012238	1.408231	1.904932	0.012238	1.445845
SalEn.2_MW16071_5-361_NEs	1.832902	1.417943	1.867135	0.015102	1.427345	1.926228	1.877237	0.311722	0.012238	0.000000	0.314478	0.000000	1.390010	1.867135	0.000000	1.427345
EscCo.54305_5-360	1.640364	1.508295	1.644590	0.318426	1.467604	1.698699	1.664189	0.004681	0.316517	0.314478	0.000000	0.314478	1.464700	1.644590	0.314478	1.467604
SalEn.3_1542_5-361_NEs	1.832902	1.417943	1.867135	0.015102	1.427345	1.926228	1.877237	0.311722	0.012238	0.000000	0.314478	0.000000	1.390010	1.867135	0.000000	1.427345
EscCo.1_04354_1-354_NEs	1.085333	0.049507	1.160168	1.409262	0.034626	1.198727	1.194332	1.468376	1.408231	1.390010	1.464700	1.390010	0.000000	1.160168	1.390010	0.034626
EscCo.3_2503_1-345_NEs	0.282014	1.159997	0.000000	1.878515	1.144526	0.036920	0.043985	1.630998	1.904932	1.867135	1.644590	1.867135	1.160168	0.000000	1.867135	1.144526
SalEn.4_16071_5-361_NEs	1.832902	1.417943	1.867135	0.015102	1.427345	1.926228	1.877237	0.311722	0.012238	0.000000	0.314478	0.000000	1.390010	1.867135	0.000000	1.427345
EscCo.3_4168_1-354_NEs	1.093634	0.051482	1.144526	1.447069	0.000000	1.189335	1.196247	1.480404	1.445845	1.427345	1.467604	1.427345	0.034626	1.144526	1.427345	0.000000