EscCo.51654_1-115	0.000000	0.008771	0.148490	0.155487	0.179723	0.148490	0.000000	0.000000	0.172565	0.148490	0.152303	0.145042	0.179723
EscCo.4_02228_1-115_Ess	0.008771	0.000000	0.149071	0.156099	0.172409	0.149071	0.008771	0.008771	0.180452	0.149071	0.152903	0.152636	0.172409
SalEn.3_1365_1-115_NEs	0.148490	0.149071	0.000000	0.005804	0.209087	0.000000	0.148490	0.148490	0.143618	0.000000	0.188609	0.008724	0.209087
SalEn.11614_1-115_NEs	0.155487	0.156099	0.005804	0.000000	0.216625	0.005804	0.155487	0.155487	0.150516	0.005804	0.195927	0.014584	0.216625
KlePn.1_04682_1-115_NEs	0.179723	0.172409	0.209087	0.216625	0.000000	0.209087	0.179723	0.179723	0.160568	0.209087	0.190000	0.212934	0.000000
SalEn.2_MW14361_1-115_Ess	0.148490	0.149071	0.000000	0.005804	0.209087	0.000000	0.148490	0.148490	0.143618	0.000000	0.188609	0.008724	0.209087
EscCo.3_1689_1-115_NEs	0.000000	0.008771	0.148490	0.155487	0.179723	0.148490	0.000000	0.000000	0.172565	0.148490	0.152303	0.145042	0.179723
EscCo.1_01833_1-115_NEs	0.000000	0.008771	0.148490	0.155487	0.179723	0.148490	0.000000	0.000000	0.172565	0.148490	0.152303	0.145042	0.179723
EntCo.1_13270_1-115_NEs	0.172565	0.180452	0.143618	0.150516	0.160568	0.143618	0.172565	0.172565	0.000000	0.143618	0.152039	0.133375	0.160568
SalEn.4_14361_1-115_NEs	0.148490	0.149071	0.000000	0.005804	0.209087	0.000000	0.148490	0.148490	0.143618	0.000000	0.188609	0.008724	0.209087
CitRo.1_14161_1-115_NEs	0.152303	0.152903	0.188609	0.195927	0.190000	0.188609	0.152303	0.152303	0.152039	0.188609	0.000000	0.199714	0.190000
SalEn.51301_1-115_NEs	0.145042	0.152636	0.008724	0.014584	0.212934	0.008724	0.145042	0.145042	0.133375	0.008724	0.199714	0.000000	0.212934
KlePn.2_25731_1-115_NEs	0.179723	0.172409	0.209087	0.216625	0.000000	0.209087	0.179723	0.179723	0.160568	0.209087	0.190000	0.212934	0.000000