CitRo.1_49151_1-297_NEs	0.000000	0.151295	0.144038	0.167784	0.151250	0.155246	0.151250	0.170845	0.166417	0.173715	0.169247	0.151250	0.167784
SalEn.12907_1-297_NEs	0.151295	0.000000	0.182148	0.190768	0.012438	0.019305	0.012438	0.200160	0.192296	0.200096	0.191672	0.012438	0.190768
EntCo.1_31540_1-297_NEs	0.144038	0.182148	0.000000	0.216357	0.180684	0.181876	0.180684	0.183625	0.211607	0.186531	0.220538	0.180684	0.216357
EscCo.52916_1-297	0.167784	0.190768	0.216357	0.000000	0.190650	0.189076	0.190650	0.209976	0.005600	0.211805	0.027249	0.190650	0.000000
SalEn.4_30241_1-297_NEs	0.151250	0.012438	0.180684	0.190650	0.000000	0.015866	0.000000	0.192872	0.192177	0.192812	0.191553	0.000000	0.190650
SalEn.52982_1-297_NEs	0.155246	0.019305	0.181876	0.189076	0.015866	0.000000	0.015866	0.195618	0.190600	0.195557	0.188522	0.015866	0.189076
SalEn.3_3040_1-297_NEs	0.151250	0.012438	0.180684	0.190650	0.000000	0.015866	0.000000	0.192872	0.192177	0.192812	0.191553	0.000000	0.190650
KlePn.1_01315_1-297_NEs	0.170845	0.200160	0.183625	0.209976	0.192872	0.195618	0.192872	0.000000	0.206713	0.004540	0.212298	0.192872	0.209976
EscCo.1_03275_1-297_NEs	0.166417	0.192296	0.211607	0.005600	0.192177	0.190600	0.192177	0.206713	0.000000	0.208528	0.027216	0.192177	0.005600
KlePn.2_40141_1-297_NEs	0.173715	0.200096	0.186531	0.211805	0.192812	0.195557	0.192812	0.004540	0.208528	0.000000	0.214130	0.192812	0.211805
EscCo.4_00839_1-297_NEs	0.169247	0.191672	0.220538	0.027249	0.191553	0.188522	0.191553	0.212298	0.027216	0.214130	0.000000	0.191553	0.027249
SalEn.2_MW30241_1-297_NEs	0.151250	0.012438	0.180684	0.190650	0.000000	0.015866	0.000000	0.192872	0.192177	0.192812	0.191553	0.000000	0.190650
EscCo.3_3108_1-297_NEs	0.167784	0.190768	0.216357	0.000000	0.190650	0.189076	0.190650	0.209976	0.005600	0.211805	0.027249	0.190650	0.000000