SalEn.13468_1-209_NEs	0.000000	0.003201	0.182841	0.178023	0.180011	0.182961	0.155904	0.181065	0.003201	0.174800	0.003201	0.004809	0.157046
SalEn.2_MW36351_1-209_NEs	0.003201	0.000000	0.182764	0.182002	0.183997	0.182883	0.155840	0.185035	0.000000	0.178742	0.000000	0.008026	0.156982
KlePn.1_00671_1-220_NEs	0.182841	0.182764	0.000000	0.246028	0.248075	0.006124	0.197563	0.255716	0.182764	0.249253	0.182764	0.189817	0.184511
EscCo.43552_1-219_BeL	0.178023	0.182002	0.246028	0.000000	0.001514	0.244143	0.191834	0.013751	0.182002	0.007607	0.182002	0.183488	0.208663
EscCo.2_3796_1-219_NEs	0.180011	0.183997	0.248075	0.001514	0.000000	0.246188	0.193771	0.015289	0.183997	0.009135	0.183997	0.185385	0.210620
KlePn.2_45461_1-220_NEs	0.182961	0.182883	0.006124	0.244143	0.246188	0.000000	0.201263	0.253825	0.182883	0.247369	0.182883	0.189935	0.186537
CitRo.1_42551_1-220_NEs	0.155904	0.155840	0.197563	0.191834	0.193771	0.201263	0.000000	0.200599	0.155840	0.198890	0.155840	0.162244	0.169864
EscCo.3_00131_1-220_NEs	0.181065	0.185035	0.255716	0.013751	0.015289	0.253825	0.200599	0.000000	0.185035	0.018308	0.185035	0.186367	0.215925
SalEn.4_36351_1-209_NEs	0.003201	0.000000	0.182764	0.182002	0.183997	0.182883	0.155840	0.185035	0.000000	0.178742	0.000000	0.008026	0.156982
EscCo.1_03997_1-220_BeL	0.174800	0.178742	0.249253	0.007607	0.009135	0.247369	0.198890	0.018308	0.178742	0.000000	0.178742	0.180378	0.201331
SalEn.3_3611_1-209_NEs	0.003201	0.000000	0.182764	0.182002	0.183997	0.182883	0.155840	0.185035	0.000000	0.178742	0.000000	0.008026	0.156982
SalEn.53874_1-220_NEs	0.004809	0.008026	0.189817	0.183488	0.185385	0.189935	0.162244	0.186367	0.008026	0.180378	0.008026	0.000000	0.166828
EntCo.1_01590_1-220_NEs	0.157046	0.156982	0.184511	0.208663	0.210620	0.186537	0.169864	0.215925	0.156982	0.201331	0.156982	0.166828	0.000000