EscCo.3_1847_1-532_NEs	0.000000	1.764649	0.371931	1.849921	1.629028	1.447925	1.701351	1.729559	1.859769	0.659263	0.381323	1.767406	1.447925	1.369917	1.771352	1.366989	0.371931	1.909789	1.817507	1.909789	1.909789	1.746769	0.012641	0.371931	1.762513	1.642966	2.072959	1.849358	1.460580	1.887589	0.004527	1.854547	1.368850	1.922339	0.657877	1.447925	0.370159	1.834531	1.838452	0.400596	1.764649	1.922317	2.064086	1.764649	0.000627	1.753747	1.624219	1.372467	1.942883	1.859769	2.065362	0.462517	1.882765	1.799361	1.433154	1.457007	2.085117	1.392265	1.432492	1.838452	2.229603	1.429037
SalEn.4_04131_1-514_NEs	1.764649	0.000000	1.651213	1.808354	1.730738	1.691361	1.584944	0.018393	1.680347	1.708525	1.645930	0.527041	1.691361	1.661880	0.004552	1.658423	1.651213	1.772692	1.678798	1.777058	1.777058	1.791563	1.768783	1.651213	1.758303	1.751606	1.746476	1.685276	1.680599	1.840564	1.764977	1.770748	1.700659	1.777650	1.696987	1.691361	1.670039	1.702283	1.702283	1.867091	0.000000	1.749553	1.709850	0.000000	1.761049	1.734172	1.725109	1.647387	1.789469	1.680347	1.732569	1.567793	1.696078	1.774072	1.692762	1.660182	1.755919	1.670095	1.688043	1.702283	2.077040	1.679622
SalEn.2_MW18191_35-567_NEs	0.371931	1.651213	0.000000	1.947933	1.541244	1.366957	1.741194	1.636821	1.827488	0.622251	0.013898	1.689785	1.366957	1.403625	1.661326	1.400720	0.000000	1.726227	1.730796	1.730463	1.730463	1.702956	0.373584	0.000000	1.731457	1.553176	1.778967	1.761462	1.386813	1.933308	0.381499	1.762206	1.371086	1.734355	0.619479	1.366957	0.008813	1.735899	1.739866	0.352507	1.651213	1.730314	1.751199	1.651213	0.370911	1.716871	1.536914	1.360772	1.923027	1.827488	1.764803	0.464596	1.758855	1.775907	1.297288	1.387132	1.789086	1.391603	1.447673	1.739866	2.214332	1.444110
KlePn.2_09131_1-519_NEs	1.849921	1.808354	1.947933	0.000000	1.990897	1.790127	1.156189	1.845926	1.281382	2.123971	1.948371	1.870539	1.790127	1.772478	1.821208	1.776855	1.947933	0.688337	1.219841	0.689663	0.688337	1.307054	1.878619	1.947933	1.283702	1.954676	0.688297	1.219013	1.798773	0.020903	1.832555	0.679141	1.903269	0.698874	2.149138	1.790127	1.955746	1.241520	1.241520	1.967451	1.808354	0.690214	0.679911	1.808354	1.845474	1.291409	1.984182	1.772941	0.621352	1.278674	0.682358	1.789015	1.254404	1.926319	1.762536	1.808050	0.686185	1.807199	1.908413	1.241520	2.084287	1.912875
EscCo.51168_1-507	1.629028	1.730738	1.541244	1.990897	0.000000	1.565429	2.172406	1.742091	1.939187	1.558125	1.541144	1.660675	1.565429	1.575400	1.735396	1.579439	1.541244	2.117414	2.004075	2.117414	2.117414	1.832976	1.628844	1.541244	1.831572	0.020658	2.096317	1.984153	1.541085	1.950692	1.634610	1.760599	1.518363	2.097423	1.565634	1.565429	1.537409	1.995587	1.995587	1.733011	1.730738	2.108781	2.104194	1.730738	1.624709	1.829663	0.000657	1.575451	1.969441	1.935275	2.079270	1.558464	1.986187	1.168802	1.500800	1.561141	2.108647	1.595197	1.468284	1.995587	2.312580	1.472256
SalEn.3_2192_1-518_NEs	1.447925	1.691361	1.366957	1.790127	1.565429	0.000000	1.824944	1.730969	1.797079	1.424064	1.361160	1.664570	0.000000	0.421907	1.687817	0.423030	1.366957	1.834746	1.815556	1.834746	1.834746	1.693505	1.439004	1.366957	1.710062	1.591845	2.119771	1.796827	0.008427	1.818882	1.421029	1.599590	0.387109	1.831466	1.410936	0.000000	1.349532	1.798263	1.798263	1.289143	1.691361	1.822320	2.106899	1.691361	1.444629	1.740380	1.561031	0.421917	1.994151	1.801427	2.073244	1.305453	1.808598	1.754028	0.496811	0.011025	2.133261	0.425839	0.609674	1.798263	2.458592	0.609695
CitRo.1_34461_1-528_NEs	1.701351	1.584944	1.741194	1.156189	2.172406	1.824944	0.000000	1.592998	0.496588	1.885126	1.724699	1.515537	1.824944	1.732017	1.588927	1.728039	1.741194	1.219658	0.328256	1.227998	1.222361	0.467498	1.705207	1.741194	0.472004	2.203203	1.168719	0.327469	1.790926	1.152174	1.724725	1.105201	1.805307	1.223798	1.885241	1.824944	1.750917	0.326511	0.327470	1.618653	1.584944	1.210557	1.159630	1.584944	1.697469	0.466501	2.163814	1.736364	1.156258	0.495403	1.172682	1.707280	0.373724	1.888908	1.800836	1.835857	1.164603	1.718600	1.758928	0.327470	1.939880	1.767343
SalEn.10326_1-514_BeL	1.729559	0.018393	1.636821	1.845926	1.742091	1.730969	1.592998	0.000000	1.649715	1.673578	1.625092	0.540377	1.730969	1.674339	0.020385	1.670855	1.636821	1.809917	1.655851	1.814306	1.814306	1.793231	1.726571	1.636821	1.764106	1.762828	1.777807	1.658408	1.727682	1.879561	1.721908	1.808319	1.725131	1.814914	1.670099	1.730969	1.648534	1.675273	1.675273	1.874294	0.018393	1.786252	1.748017	0.018393	1.726004	1.739773	1.736466	1.663230	1.834913	1.649715	1.771415	1.550251	1.685360	1.771793	1.657498	1.690902	1.787470	1.682459	1.710022	1.675273	2.110741	1.701416
KlePn.2_00701_1-528_NEs	1.859769	1.680347	1.827488	1.281382	1.939187	1.797079	0.496588	1.649715	0.000000	1.738484	1.804559	1.737025	1.797079	1.859247	1.680239	1.863711	1.827488	1.213189	0.538794	1.221247	1.215802	0.651756	1.827341	1.827488	0.649536	1.903158	1.200548	0.536663	1.787556	1.266489	1.861073	1.181133	1.862473	1.231320	1.754614	1.797079	1.833663	0.542869	0.542869	1.745589	1.680347	1.220959	1.200449	1.680347	1.855725	0.644743	1.932898	1.859754	1.148185	0.000632	1.203539	1.697578	0.488030	1.848632	1.728259	1.823566	1.196279	1.858691	1.910553	0.542869	2.027709	1.919511
KlePn.1_04335_1-524_NEs	0.659263	1.708525	0.622251	2.123971	1.558125	1.424064	1.885126	1.673578	1.738484	0.000000	0.618900	1.746673	1.424064	1.474888	1.719040	1.471729	0.622251	2.149516	1.857831	2.147529	2.149516	2.014159	0.661599	0.622251	1.984029	1.527800	2.225399	1.874098	1.426750	2.128603	0.670733	1.828407	1.492246	2.178216	0.007699	1.424064	0.619386	1.860025	1.860025	0.574390	1.708525	2.149365	2.241988	1.708525	0.657760	1.977630	1.554073	1.430826	2.219150	1.738484	2.223149	0.587695	1.770327	1.838154	1.330911	1.432954	2.235179	1.494156	1.345878	1.860025	2.153677	1.348968
SalEn.51050_1-533_NEs	0.381323	1.645930	0.013898	1.948371	1.541144	1.361160	1.724699	1.625092	1.804559	0.618900	0.000000	1.676307	1.361160	1.397920	1.655890	1.395027	0.013898	1.724084	1.735065	1.728278	1.728278	1.707253	0.383006	0.013898	1.732088	1.552927	1.808481	1.765801	1.384010	1.933736	0.391272	1.751861	1.372157	1.732132	0.616133	1.361160	0.016468	1.740189	1.744155	0.353701	1.645930	1.728130	1.765387	1.645930	0.380292	1.717489	1.536868	1.355294	1.945962	1.804559	1.794215	0.465466	1.744921	1.744671	1.287755	1.384344	1.818722	1.380013	1.457159	1.744155	2.224214	1.453616
CitRo.1_29321_1-513_NEs	1.767406	0.527041	1.689785	1.870539	1.660675	1.664570	1.515537	0.540377	1.737025	1.746673	1.676307	0.000000	1.664570	1.616345	0.530281	1.613010	1.689785	1.925053	1.605018	1.920668	1.920668	1.788389	1.763765	1.689785	1.775262	1.660929	2.050828	1.616148	1.673126	1.929100	1.759306	1.761508	1.764349	1.862711	1.745644	1.664570	1.698678	1.625076	1.621380	1.733558	0.527041	1.880452	2.052183	0.527041	1.763697	1.755271	1.655839	1.626417	1.699551	1.733301	2.012239	1.512334	1.752565	1.838227	1.643765	1.664354	2.058680	1.623578	1.506165	1.621380	2.131986	1.498984
SalEn.2_MW22461_1-518_NEs	1.447925	1.691361	1.366957	1.790127	1.565429	0.000000	1.824944	1.730969	1.797079	1.424064	1.361160	1.664570	0.000000	0.421907	1.687817	0.423030	1.366957	1.834746	1.815556	1.834746	1.834746	1.693505	1.439004	1.366957	1.710062	1.591845	2.119771	1.796827	0.008427	1.818882	1.421029	1.599590	0.387109	1.831466	1.410936	0.000000	1.349532	1.798263	1.798263	1.289143	1.691361	1.822320	2.106899	1.691361	1.444629	1.740380	1.561031	0.421917	1.994151	1.801427	2.073244	1.305453	1.808598	1.754028	0.496811	0.011025	2.133261	0.425839	0.609674	1.798263	2.458592	0.609695
EscCo.3_2313_1-518_NEs	1.369917	1.661880	1.403625	1.772478	1.575400	0.421907	1.732017	1.674339	1.859247	1.474888	1.397920	1.616345	0.421907	0.000000	1.666893	0.000643	1.403625	1.804432	1.816951	1.808711	1.808711	1.793847	1.371087	1.403625	1.763805	1.591356	1.998650	1.834285	0.416948	1.794952	1.367426	1.776687	0.392910	1.797946	1.467874	0.421907	1.383406	1.818322	1.818322	1.406521	1.661880	1.793617	1.950278	1.661880	1.366827	1.775491	1.571134	0.018233	1.850711	1.855052	1.965440	1.328173	1.836011	1.735645	0.480397	0.419145	1.987136	0.034933	0.646408	1.818322	2.726707	0.646430
SalEn.52518_1-514_BeL	1.771352	0.004552	1.661326	1.821208	1.735396	1.687817	1.588927	0.020385	1.680239	1.719040	1.655890	0.530281	1.687817	1.666893	0.000000	1.663407	1.661326	1.781332	1.678921	1.785694	1.785694	1.783527	1.775510	1.661326	1.754359	1.756312	1.762540	1.681429	1.677051	1.853637	1.771852	1.773767	1.704140	1.786288	1.707495	1.687817	1.680226	1.698419	1.698419	1.878172	0.004552	1.758124	1.725595	0.004552	1.767756	1.730274	1.729741	1.652278	1.798070	1.680239	1.748503	1.564379	1.695968	1.777934	1.680674	1.656661	1.772046	1.671459	1.695365	1.698419	2.076911	1.686932
EscCo.52176_1-518	1.366989	1.658423	1.400720	1.776855	1.579439	0.423030	1.728039	1.670855	1.863711	1.471729	1.395027	1.613010	0.423030	0.000643	1.663407	0.000000	1.400720	1.808711	1.813046	1.812988	1.812988	1.789942	1.368190	1.400720	1.759962	1.595400	2.003275	1.830363	0.418065	1.799340	1.364464	1.781013	0.393987	1.802185	1.464711	0.423030	1.380521	1.814398	1.814398	1.403518	1.658423	1.797858	1.954817	1.658423	1.363902	1.771596	1.575156	0.017576	1.855167	1.859519	1.969988	1.325265	1.831784	1.735645	0.481622	0.420264	1.991747	0.034262	0.647885	1.814398	2.722444	0.647908
SalEn.4_18191_35-567_NEs	0.371931	1.651213	0.000000	1.947933	1.541244	1.366957	1.741194	1.636821	1.827488	0.622251	0.013898	1.689785	1.366957	1.403625	1.661326	1.400720	0.000000	1.726227	1.730796	1.730463	1.730463	1.702956	0.373584	0.000000	1.731457	1.553176	1.778967	1.761462	1.386813	1.933308	0.381499	1.762206	1.371086	1.734355	0.619479	1.366957	0.008813	1.735899	1.739866	0.352507	1.651213	1.730314	1.751199	1.651213	0.370911	1.716871	1.536914	1.360772	1.923027	1.827488	1.764803	0.464596	1.758855	1.775907	1.297288	1.387132	1.789086	1.391603	1.447673	1.739866	2.214332	1.444110
SalEn.3_0461_1-516_NEs	1.909789	1.772692	1.726227	0.688337	2.117414	1.834746	1.219658	1.809917	1.213189	2.149516	1.724084	1.925053	1.834746	1.804432	1.781332	1.808711	1.726227	0.000000	1.232236	0.000646	0.000646	1.218182	1.896709	1.726227	1.190750	2.173455	0.498178	1.242022	1.871479	0.694260	1.884664	0.588230	1.839845	0.012377	2.159312	1.834746	1.727231	1.241957	1.241957	1.853904	1.772692	0.008444	0.494695	1.772692	1.905419	1.193917	2.109247	1.765019	0.358953	1.210706	0.495025	1.829728	1.184655	1.979219	1.766993	1.871165	0.496610	1.815588	1.891987	1.241957	2.084639	1.892073
SalEn.54170_1-530_BeL	1.817507	1.678798	1.730796	1.219841	2.004075	1.815556	0.328256	1.655851	0.538794	1.857831	1.735065	1.605018	1.815556	1.816951	1.678921	1.813046	1.730796	1.232236	0.000000	1.235260	1.229696	0.447317	1.807402	1.730796	0.452797	1.986331	1.141517	0.012697	1.787825	1.211995	1.835891	1.140380	1.870011	1.233739	1.864300	1.815556	1.732330	0.012040	0.011403	1.846396	1.678798	1.225857	1.136738	1.678798	1.813418	0.448607	1.997233	1.790451	1.167060	0.540052	1.148376	1.804255	0.409655	1.903627	1.878957	1.809930	1.139842	1.760862	1.837285	0.011403	1.999331	1.845180
SalEn.2_MW05381_1-517_NEs	1.909789	1.777058	1.730463	0.689663	2.117414	1.834746	1.227998	1.814306	1.221247	2.147529	1.728278	1.920668	1.834746	1.808711	1.785694	1.812988	1.730463	0.000646	1.235260	0.000000	0.000000	1.223731	1.896709	1.730463	1.196182	2.173455	0.499424	1.245064	1.871479	0.695584	1.884664	0.589552	1.839845	0.011722	2.157286	1.834746	1.731488	1.244998	1.244998	1.853904	1.777058	0.007792	0.495700	1.777058	1.905419	1.201958	2.109247	1.769278	0.360002	1.218757	0.496030	1.834306	1.190829	1.979219	1.766993	1.871165	0.497853	1.819836	1.891987	1.244998	2.084639	1.892073
SalEn.4_05381_1-516_NEs	1.909789	1.777058	1.730463	0.688337	2.117414	1.834746	1.222361	1.814306	1.215802	2.149516	1.728278	1.920668	1.834746	1.808711	1.785694	1.812988	1.730463	0.000646	1.229696	0.000000	0.000000	1.218182	1.896709	1.730463	1.190750	2.173455	0.499424	1.239468	1.871479	0.694260	1.884664	0.588230	1.839845	0.011722	2.159312	1.834746	1.731488	1.239403	1.239403	1.853904	1.777058	0.007792	0.495934	1.777058	1.905419	1.196523	2.109247	1.769278	0.360002	1.213316	0.496265	1.834306	1.187244	1.979219	1.766993	1.871165	0.497853	1.819836	1.891987	1.239403	2.084639	1.892073
EscCo.4_04411_1-528_NEs	1.746769	1.791563	1.702956	1.307054	1.832976	1.693505	0.467498	1.793231	0.651756	2.014159	1.707253	1.788389	1.693505	1.793847	1.783527	1.789942	1.702956	1.218182	0.447317	1.223731	1.218182	0.000000	1.737636	1.702956	0.034842	1.853259	1.172588	0.445908	1.665923	1.300745	1.772269	1.143532	1.640054	1.241684	2.002805	1.693505	1.715494	0.450916	0.449806	1.773809	1.791563	1.220640	1.171288	1.791563	1.742907	0.035543	1.827406	1.792853	1.259120	0.653183	1.177949	1.815081	0.529914	1.822715	1.818878	1.694333	1.168446	1.779313	1.819395	0.449806	1.943741	1.827118
EscCo.4_02071_1-532_NEs	0.012641	1.768783	0.373584	1.878619	1.628844	1.439004	1.705207	1.726571	1.827341	0.661599	0.383006	1.763765	1.439004	1.371087	1.775510	1.368190	0.373584	1.896709	1.807402	1.896709	1.896709	1.737636	0.000000	0.373584	1.766872	1.624627	2.055427	1.838957	1.451425	1.908301	0.011699	1.846262	1.383714	1.913463	0.660215	1.439004	0.370801	1.824318	1.828227	0.405566	1.768783	1.909132	2.046482	1.768783	0.012004	1.758052	1.624036	1.373617	1.916924	1.827341	2.047898	0.460419	1.875985	1.784947	1.433706	1.447904	2.067548	1.393210	1.426761	1.828227	2.229305	1.423354
SalEn.3_1756_1-533_NEs	0.371931	1.651213	0.000000	1.947933	1.541244	1.366957	1.741194	1.636821	1.827488	0.622251	0.013898	1.689785	1.366957	1.403625	1.661326	1.400720	0.000000	1.726227	1.730796	1.730463	1.730463	1.702956	0.373584	0.000000	1.731457	1.553176	1.778967	1.761462	1.386813	1.933308	0.381499	1.762206	1.371086	1.734355	0.619479	1.366957	0.008813	1.735899	1.739866	0.352507	1.651213	1.730314	1.751199	1.651213	0.370911	1.716871	1.536914	1.360772	1.923027	1.827488	1.764803	0.464596	1.758855	1.775907	1.297288	1.387132	1.789086	1.391603	1.447673	1.739866	2.214332	1.444110
EscCo.1_04542_1-528_NEs	1.762513	1.758303	1.731457	1.283702	1.831572	1.710062	0.472004	1.764106	0.649536	1.984029	1.732088	1.775262	1.710062	1.763805	1.754359	1.759962	1.731457	1.190750	0.452797	1.196182	1.190750	0.034842	1.766872	1.731457	0.000000	1.852052	1.166630	0.454191	1.682192	1.266927	1.788547	1.140047	1.641969	1.203203	1.972606	1.710062	1.744255	0.459251	0.458131	1.773977	1.758303	1.193160	1.170208	1.758303	1.758645	0.006336	1.825953	1.758609	1.241904	0.650965	1.171986	1.788083	0.520578	1.798135	1.861376	1.707132	1.162502	1.750247	1.841244	0.458131	1.957468	1.848915
EscCo.1_01344_1-507_Ess	1.642966	1.751606	1.553176	1.954676	0.020658	1.591845	2.203203	1.762828	1.903158	1.527800	1.552927	1.660929	1.591845	1.591356	1.756312	1.595400	1.553176	2.173455	1.986331	2.173455	2.173455	1.853259	1.624627	1.553176	1.852052	0.000000	2.069621	1.967109	1.566879	1.915149	1.648640	1.784857	1.563221	2.152474	1.535182	1.591845	1.549319	1.978338	1.978338	1.713099	1.751606	2.164778	2.077275	1.751606	1.638602	1.850012	0.019976	1.591408	1.969507	1.899249	2.052615	1.550098	1.975872	1.180835	1.501169	1.579047	2.081719	1.611237	1.491208	1.978338	2.357561	1.495292
EscCo.50457_1-516	2.072959	1.746476	1.778967	0.688297	2.096317	2.119771	1.168719	1.777807	1.200548	2.225399	1.808481	2.050828	2.119771	1.998650	1.762540	2.003275	1.778967	0.498178	1.141517	0.499424	0.499424	1.172588	2.055427	1.778967	1.166630	2.069621	0.000000	1.163058	2.151029	0.686792	2.047349	0.590600	2.037807	0.495025	2.230164	2.119771	1.797553	1.149589	1.152058	2.032030	1.746476	0.493809	0.015663	1.746476	2.068519	1.154170	2.088527	1.971192	0.466371	1.198103	0.006486	2.084995	1.157079	2.118991	1.782750	2.151241	0.000646	2.026442	1.983764	1.152058	1.977783	1.979359
SalEn.14034_1-529_NEs	1.849358	1.685276	1.761462	1.219013	1.984153	1.796827	0.327469	1.658408	0.536663	1.874098	1.765801	1.616148	1.796827	1.834285	1.681429	1.830363	1.761462	1.242022	0.012697	1.245064	1.239468	0.445908	1.838957	1.761462	0.454191	1.967109	1.163058	0.000000	1.765579	1.213791	1.868731	1.146130	1.849972	1.243576	1.870629	1.796827	1.763185	0.008230	0.007594	1.877877	1.685276	1.235567	1.158099	1.685276	1.845221	0.449418	1.977523	1.807479	1.167700	0.537920	1.169914	1.842244	0.410372	1.860135	1.906447	1.787380	1.161323	1.777311	1.842543	0.007594	1.987610	1.850493
SalEn.12208_1-518_NEs	1.460580	1.680599	1.386813	1.798773	1.541085	0.008427	1.790926	1.727682	1.787556	1.426750	1.384010	1.673126	0.008427	0.416948	1.677051	0.418065	1.386813	1.871479	1.787825	1.871479	1.871479	1.665923	1.451425	1.386813	1.682192	1.566879	2.151029	1.765579	0.000000	1.832495	1.427180	1.628478	0.382989	1.863294	1.413535	0.008427	1.369048	1.766932	1.766932	1.293746	1.680599	1.853905	2.137765	1.680599	1.457255	1.712039	1.536824	0.415842	2.008017	1.791886	2.102993	1.297919	1.782417	1.763391	0.490689	0.009063	2.164937	0.418637	0.600864	1.766932	2.405032	0.600884
KlePn.1_02778_1-519_NEs	1.887589	1.840564	1.933308	0.020903	1.950692	1.818882	1.152174	1.879561	1.266489	2.128603	1.933736	1.929100	1.818882	1.794952	1.853637	1.799340	1.933308	0.694260	1.211995	0.695584	0.694260	1.300745	1.908301	1.933308	1.266927	1.915149	0.686792	1.213791	1.832495	0.000000	1.869994	0.677555	1.900716	0.706469	2.153710	1.818882	1.940932	1.236228	1.236228	1.992308	1.840564	0.699252	0.679926	1.840564	1.883129	1.277204	1.944268	1.795421	0.625221	1.263783	0.680865	1.788837	1.245112	1.943901	1.811015	1.837393	0.684683	1.842762	1.937753	1.236228	2.060084	1.942270
EscCo.1_02001_1-517_NEs	0.004527	1.764977	0.381499	1.832555	1.634610	1.421029	1.724725	1.721908	1.861073	0.670733	0.391272	1.759306	1.421029	1.367426	1.771852	1.364464	0.381499	1.884664	1.835891	1.884664	1.884664	1.772269	0.011699	0.381499	1.788547	1.648640	2.047349	1.868731	1.427180	1.869994	0.000000	1.848237	1.351103	1.897090	0.669306	1.421029	0.379662	1.853348	1.857345	0.406554	1.764977	1.897074	2.038492	1.764977	0.003878	1.779416	1.629761	1.366949	1.908815	1.861073	2.039952	0.468788	1.899274	1.770357	1.415846	1.423614	2.059286	1.386902	1.409590	1.857345	2.204618	1.406144
EntCo.1_22780_1-522_NEs	1.854547	1.770748	1.762206	0.679141	1.760599	1.599590	1.105201	1.808319	1.181133	1.828407	1.751861	1.761508	1.599590	1.776687	1.773767	1.781013	1.762206	0.588230	1.140380	0.589552	0.588230	1.143532	1.846262	1.762206	1.140047	1.784857	0.590600	1.146130	1.628478	0.677555	1.848237	0.000000	1.684408	0.586833	1.853859	1.599590	1.767565	1.147515	1.147515	1.771755	1.770748	0.586872	0.598826	1.770748	1.850522	1.140821	1.755720	1.809121	0.562226	1.181133	0.597014	1.732694	1.150836	1.749192	1.753526	1.611984	0.591066	1.823039	1.634494	1.147515	1.906090	1.638292
CitRo.1_23071_1-518_NEs	1.368850	1.700659	1.371086	1.903269	1.518363	0.387109	1.805307	1.725131	1.862473	1.492246	1.372157	1.764349	0.387109	0.392910	1.704140	0.393987	1.371086	1.839845	1.870011	1.839845	1.839845	1.640054	1.383714	1.371086	1.641969	1.563221	2.037807	1.849972	0.382989	1.900716	1.351103	1.684408	0.000000	1.832379	1.485090	0.387109	1.353933	1.872071	1.872071	1.280532	1.700659	1.824044	2.002185	1.700659	1.365768	1.653510	1.514356	0.395601	1.852098	1.862473	1.994762	1.283396	1.773666	1.705403	0.465547	0.384032	2.050339	0.393462	0.582365	1.872071	2.414812	0.581035
SalEn.52392_1-516_NEs	1.922339	1.777650	1.734355	0.698874	2.097423	1.831466	1.223798	1.814914	1.231320	2.178216	1.732132	1.862711	1.831466	1.797946	1.786288	1.802185	1.734355	0.012377	1.233739	0.011722	0.011722	1.241684	1.913463	1.734355	1.203203	2.152474	0.495025	1.243576	1.863294	0.706469	1.897090	0.586833	1.832379	0.000000	2.188061	1.831466	1.735400	1.243510	1.243510	1.887677	1.777650	0.007798	0.494003	1.777650	1.917985	1.209026	2.089462	1.767002	0.371485	1.228800	0.491889	1.843332	1.192507	1.983211	1.762954	1.867407	0.493465	1.800861	1.879497	1.243510	2.085246	1.879582
KlePn.2_29141_1-523_NEs	0.657877	1.696987	0.619479	2.149138	1.565634	1.410936	1.885241	1.670099	1.754614	0.007699	0.616133	1.745644	1.410936	1.467874	1.707495	1.464711	0.619479	2.159312	1.864300	2.157286	2.159312	2.002805	0.660215	0.619479	1.972606	1.535182	2.230164	1.870629	1.413535	2.153710	0.669306	1.853859	1.485090	2.188061	0.000000	1.410936	0.616623	1.866472	1.866472	0.584006	1.696987	2.159161	2.246687	1.696987	0.656372	1.966248	1.561550	1.423856	2.243207	1.754614	2.227854	0.589074	1.774490	1.832858	1.327958	1.419716	2.239963	1.487075	1.339930	1.866472	2.153681	1.343005
SalEn.4_22461_1-518_NEs	1.447925	1.691361	1.366957	1.790127	1.565429	0.000000	1.824944	1.730969	1.797079	1.424064	1.361160	1.664570	0.000000	0.421907	1.687817	0.423030	1.366957	1.834746	1.815556	1.834746	1.834746	1.693505	1.439004	1.366957	1.710062	1.591845	2.119771	1.796827	0.008427	1.818882	1.421029	1.599590	0.387109	1.831466	1.410936	0.000000	1.349532	1.798263	1.798263	1.289143	1.691361	1.822320	2.106899	1.691361	1.444629	1.740380	1.561031	0.421917	1.994151	1.801427	2.073244	1.305453	1.808598	1.754028	0.496811	0.011025	2.133261	0.425839	0.609674	1.798263	2.458592	0.609695
SalEn.11210_1-533_NEs	0.370159	1.670039	0.008813	1.955746	1.537409	1.349532	1.750917	1.648534	1.833663	0.619386	0.016468	1.698678	1.349532	1.383406	1.680226	1.380521	0.008813	1.727231	1.732330	1.731488	1.731488	1.715494	0.370801	0.008813	1.744255	1.549319	1.797553	1.763185	1.369048	1.940932	0.379662	1.767565	1.353933	1.735400	0.616623	1.349532	0.000000	1.737468	1.741455	0.346815	1.670039	1.731338	1.769496	1.670039	0.369139	1.729441	1.533115	1.341074	1.925613	1.833663	1.783242	0.463774	1.756357	1.762866	1.283838	1.369466	1.807810	1.371468	1.429546	1.741455	2.205333	1.426040
SalEn.2_MW42151_1-530_NEs	1.834531	1.702283	1.735899	1.241520	1.995587	1.798263	0.326511	1.675273	0.542869	1.860025	1.740189	1.625076	1.798263	1.818322	1.698419	1.814398	1.735899	1.241957	0.012040	1.244998	1.239403	0.450916	1.824318	1.735899	0.459251	1.978338	1.149589	0.008230	1.766932	1.236228	1.853348	1.147515	1.872071	1.243510	1.866472	1.798263	1.737468	0.000000	0.000629	1.856000	1.702283	1.235503	1.148157	1.702283	1.830436	0.454435	1.988912	1.791677	1.183030	0.544133	1.159900	1.813608	0.413021	1.917874	1.910543	1.788790	1.147896	1.761915	1.838753	0.000629	1.972740	1.846688
SalEn.3_4200_1-530_NEs	1.838452	1.702283	1.739866	1.241520	1.995587	1.798263	0.327470	1.675273	0.542869	1.860025	1.744155	1.621380	1.798263	1.818322	1.698419	1.814398	1.739866	1.241957	0.011403	1.244998	1.239403	0.449806	1.828227	1.739866	0.458131	1.978338	1.152058	0.007594	1.766932	1.236228	1.857345	1.147515	1.872071	1.243510	1.866472	1.798263	1.741455	0.000629	0.000000	1.860018	1.702283	1.235503	1.150619	1.702283	1.834361	0.453324	1.988912	1.791677	1.183030	0.544133	1.162380	1.813608	0.413021	1.917874	1.910543	1.788790	1.150359	1.761915	1.838753	0.000000	1.972740	1.846688
CitRo.1_18531_1-532_NEs	0.400596	1.867091	0.352507	1.967451	1.733011	1.289143	1.618653	1.874294	1.745589	0.574390	0.353701	1.733558	1.289143	1.406521	1.878172	1.403518	0.352507	1.853904	1.846396	1.853904	1.853904	1.773809	0.405566	0.352507	1.773977	1.713099	2.032030	1.877877	1.293746	1.992308	0.406554	1.771755	1.280532	1.887677	0.584006	1.289143	0.346815	1.856000	1.860018	0.000000	1.867091	1.874815	2.027333	1.867091	0.399533	1.776333	1.727279	1.367665	2.081180	1.745589	2.024731	0.458090	1.877764	1.879233	1.271553	1.293514	2.043871	1.397323	1.431583	1.860018	2.521799	1.424956
SalEn.3_0338_1-514_NEs	1.764649	0.000000	1.651213	1.808354	1.730738	1.691361	1.584944	0.018393	1.680347	1.708525	1.645930	0.527041	1.691361	1.661880	0.004552	1.658423	1.651213	1.772692	1.678798	1.777058	1.777058	1.791563	1.768783	1.651213	1.758303	1.751606	1.746476	1.685276	1.680599	1.840564	1.764977	1.770748	1.700659	1.777650	1.696987	1.691361	1.670039	1.702283	1.702283	1.867091	0.000000	1.749553	1.709850	0.000000	1.761049	1.734172	1.725109	1.647387	1.789469	1.680347	1.732569	1.567793	1.696078	1.774072	1.692762	1.660182	1.755919	1.670095	1.688043	1.702283	2.077040	1.679622
SalEn.10449_1-516_NEs	1.922317	1.749553	1.730314	0.690214	2.108781	1.822320	1.210557	1.786252	1.220959	2.149365	1.728130	1.880452	1.822320	1.793617	1.758124	1.797858	1.730314	0.008444	1.225857	0.007792	0.007792	1.220640	1.909132	1.730314	1.193160	2.164778	0.493809	1.235567	1.853905	0.699252	1.897074	0.586872	1.824044	0.007798	2.159161	1.822320	1.731338	1.235503	1.235503	1.874815	1.749553	0.000000	0.492791	1.749553	1.917963	1.198933	2.100650	1.762704	0.363719	1.218469	0.490678	1.817622	1.191212	1.961143	1.766976	1.858144	0.492252	1.796557	1.887867	1.235503	2.068673	1.887953
EscCo.4_03521_1-517_NEs	2.064086	1.709850	1.751199	0.679911	2.104194	2.106899	1.159630	1.748017	1.200449	2.241988	1.765387	2.052183	2.106899	1.950278	1.725595	1.954817	1.751199	0.494695	1.136738	0.495700	0.495934	1.171288	2.046482	1.751199	1.170208	2.077275	0.015663	1.158099	2.137765	0.679926	2.038492	0.598826	2.002185	0.494003	2.246687	2.106899	1.769496	1.148157	1.150619	2.027333	1.709850	0.492791	0.000000	1.709850	2.059627	1.163658	2.096311	1.919443	0.461991	1.197999	0.011690	2.080239	1.149207	2.083188	1.746091	2.138201	0.016329	1.973442	2.022681	1.150619	1.947193	2.018247
SalEn.2_MW04131_1-514_BeL	1.764649	0.000000	1.651213	1.808354	1.730738	1.691361	1.584944	0.018393	1.680347	1.708525	1.645930	0.527041	1.691361	1.661880	0.004552	1.658423	1.651213	1.772692	1.678798	1.777058	1.777058	1.791563	1.768783	1.651213	1.758303	1.751606	1.746476	1.685276	1.680599	1.840564	1.764977	1.770748	1.700659	1.777650	1.696987	1.691361	1.670039	1.702283	1.702283	1.867091	0.000000	1.749553	1.709850	0.000000	1.761049	1.734172	1.725109	1.647387	1.789469	1.680347	1.732569	1.567793	1.696078	1.774072	1.692762	1.660182	1.755919	1.670095	1.688043	1.702283	2.077040	1.679622
EscCo.51815_1-532	0.000627	1.761049	0.370911	1.845474	1.624709	1.444629	1.697469	1.726004	1.855725	0.657760	0.380292	1.763697	1.444629	1.366827	1.767756	1.363902	0.370911	1.905419	1.813418	1.905419	1.905419	1.742907	0.012004	0.370911	1.758645	1.638602	2.068519	1.845221	1.457255	1.883129	0.003878	1.850522	1.365768	1.917985	0.656372	1.444629	0.369139	1.830436	1.834361	0.399533	1.761049	1.917963	2.059627	1.761049	0.000000	1.749892	1.619922	1.369358	1.938518	1.855725	2.060939	0.461369	1.878449	1.795381	1.429900	1.453685	2.080667	1.389103	1.429315	1.834361	2.224980	1.425864
EscCo.54061_1-528	1.753747	1.734172	1.716871	1.291409	1.829663	1.740380	0.466501	1.739773	0.644743	1.977630	1.717489	1.755271	1.740380	1.775491	1.730274	1.771596	1.716871	1.193917	0.448607	1.201958	1.196523	0.035543	1.758052	1.716871	0.006336	1.850012	1.154170	0.449418	1.712039	1.277204	1.779416	1.140821	1.653510	1.209026	1.966248	1.740380	1.729441	0.454435	0.453324	1.776333	1.734172	1.198933	1.163658	1.734172	1.749892	0.000000	1.824084	1.755671	1.232056	0.646165	1.159468	1.778810	0.513999	1.799735	1.847175	1.737564	1.150109	1.769159	1.854494	0.453324	1.959762	1.862177
EscCo.3_1269_1-507_NEs	1.624219	1.725109	1.536914	1.984182	0.000657	1.561031	2.163814	1.736466	1.932898	1.554073	1.536868	1.655839	1.561031	1.571134	1.729741	1.575156	1.536914	2.109247	1.997233	2.109247	2.109247	1.827406	1.624036	1.536914	1.825953	0.019976	2.088527	1.977523	1.536824	1.944268	1.629761	1.755720	1.514356	2.089462	1.561550	1.561031	1.533115	1.988912	1.988912	1.727279	1.725109	2.100650	2.096311	1.725109	1.619922	1.824084	0.000000	1.571185	1.962889	1.929002	2.071549	1.549896	1.979363	1.166725	1.496942	1.556783	2.100747	1.590824	1.464570	1.988912	2.326457	1.468523
EscCo.1_02427_1-518_NEs	1.372467	1.647387	1.360772	1.772941	1.575451	0.421917	1.736364	1.663230	1.859754	1.430826	1.355294	1.626417	0.421917	0.018233	1.652278	0.017576	1.360772	1.765019	1.790451	1.769278	1.769278	1.792853	1.373617	1.360772	1.758609	1.591408	1.971192	1.807479	0.415842	1.795421	1.366949	1.809121	0.395601	1.767002	1.423856	0.421917	1.341074	1.791677	1.791677	1.367665	1.647387	1.762704	1.919443	1.647387	1.369358	1.755671	1.571185	0.000000	1.821933	1.855559	1.938881	1.314501	1.819594	1.707341	0.482713	0.420249	1.959917	0.033592	0.655467	1.791677	2.674533	0.655490
CitRo.1_05121_1-516_NEs	1.942883	1.789469	1.923027	0.621352	1.969441	1.994151	1.156258	1.834913	1.148185	2.219150	1.945962	1.699551	1.994151	1.850711	1.798070	1.855167	1.923027	0.358953	1.167060	0.360002	0.360002	1.259120	1.916924	1.923027	1.241904	1.969507	0.466371	1.167700	2.008017	0.625221	1.908815	0.562226	1.852098	0.371485	2.243207	1.994151	1.925613	1.183030	1.183030	2.081180	1.789469	0.363719	0.461991	1.789469	1.938518	1.232056	1.962889	1.821933	0.000000	1.145719	0.464558	1.761910	1.129717	1.937620	1.752737	2.010759	0.464887	1.860853	1.843560	1.183030	1.901616	1.830303
KlePn.1_01936_1-528_BeL	1.859769	1.680347	1.827488	1.278674	1.935275	1.801427	0.495403	1.649715	0.000632	1.738484	1.804559	1.733301	1.801427	1.855052	1.680239	1.859519	1.827488	1.210706	0.540052	1.218757	1.213316	0.653183	1.827341	1.827488	0.650965	1.899249	1.198103	0.537920	1.791886	1.263783	1.861073	1.181133	1.862473	1.228800	1.754614	1.801427	1.833663	0.544133	0.544133	1.745589	1.680347	1.218469	1.197999	1.680347	1.855725	0.646165	1.929002	1.855559	1.145719	0.000000	1.201091	1.697578	0.488030	1.844478	1.732515	1.827919	1.193843	1.854568	1.906154	0.544133	2.027709	1.915122
EscCo.1_00489_1-517_NEs	2.065362	1.732569	1.764803	0.682358	2.079270	2.073244	1.172682	1.771415	1.203539	2.223149	1.794215	2.012239	2.073244	1.965440	1.748503	1.969988	1.764803	0.495025	1.148376	0.496030	0.496265	1.177949	2.047898	1.764803	1.171986	2.052615	0.006486	1.169914	2.102993	0.680865	2.039952	0.597014	1.994762	0.491889	2.227854	2.073244	1.783242	1.159900	1.162380	2.024731	1.732569	0.490678	0.011690	1.732569	2.060939	1.159468	2.071549	1.938881	0.464558	1.201091	0.000000	2.088664	1.155794	2.111584	1.768566	2.103999	0.007140	1.993017	1.979475	1.162380	1.968729	1.975063
EntCo.1_06820_1-532_NEs	0.462517	1.567793	0.464596	1.789015	1.558464	1.305453	1.707280	1.550251	1.697578	0.587695	0.465466	1.512334	1.305453	1.328173	1.564379	1.325265	0.464596	1.829728	1.804255	1.834306	1.834306	1.815081	0.460419	0.464596	1.788083	1.550098	2.084995	1.842244	1.297919	1.788837	0.468788	1.732694	1.283396	1.843332	0.589074	1.305453	0.463774	1.813608	1.813608	0.458090	1.567793	1.817622	2.080239	1.567793	0.461369	1.778810	1.549896	1.314501	1.761910	1.697578	2.088664	0.000000	1.684970	1.869383	1.273738	1.299569	2.097418	1.345240	1.347792	1.813608	2.054580	1.350413
EntCo.1_04940_1-521_BeL	1.882765	1.696078	1.758855	1.254404	1.986187	1.808598	0.373724	1.685360	0.488030	1.770327	1.744921	1.752565	1.808598	1.836011	1.695968	1.831784	1.758855	1.184655	0.409655	1.190829	1.187244	0.529914	1.875985	1.758855	0.520578	1.975872	1.157079	0.410372	1.782417	1.245112	1.899274	1.150836	1.773666	1.192507	1.774490	1.808598	1.756357	0.413021	0.413021	1.877764	1.696078	1.191212	1.149207	1.696078	1.878449	0.513999	1.979363	1.819594	1.129717	0.488030	1.155794	1.684970	0.000000	1.871189	1.852646	1.806747	1.152923	1.796985	1.922082	0.413021	2.016764	1.917528
EscCo.3_4447_2-511_NEs	1.799361	1.774072	1.775907	1.926319	1.168802	1.754028	1.888908	1.771793	1.848632	1.838154	1.744671	1.838227	1.754028	1.735645	1.777934	1.735645	1.775907	1.979219	1.903627	1.979219	1.979219	1.822715	1.784947	1.775907	1.798135	1.180835	2.118991	1.860135	1.763391	1.943901	1.770357	1.749192	1.705403	1.983211	1.832858	1.754028	1.762866	1.917874	1.917874	1.879233	1.774072	1.961143	2.083188	1.774072	1.795381	1.799735	1.166725	1.707341	1.937620	1.844478	2.111584	1.869383	1.871189	0.000000	1.578054	1.755000	2.132199	1.750369	1.801100	1.917874	2.250209	1.804885
EntCo.1_39930_1-514_NEs	1.433154	1.692762	1.297288	1.762536	1.500800	0.496811	1.800836	1.657498	1.728259	1.330911	1.287755	1.643765	0.496811	0.480397	1.680674	0.481622	1.297288	1.766993	1.878957	1.766993	1.766993	1.818878	1.433706	1.297288	1.861376	1.501169	1.782750	1.906447	0.490689	1.811015	1.415846	1.753526	0.465547	1.762954	1.327958	0.496811	1.283838	1.910543	1.910543	1.271553	1.692762	1.766976	1.746091	1.692762	1.429900	1.847175	1.496942	0.482713	1.752737	1.732515	1.768566	1.273738	1.852646	1.578054	0.000000	0.493124	1.792171	0.498697	0.621926	1.910543	2.464514	0.626239
SalEn.50640_1-518_NEs	1.457007	1.660182	1.387132	1.808050	1.561141	0.011025	1.835857	1.690902	1.823566	1.432954	1.384344	1.664354	0.011025	0.419145	1.656661	0.420264	1.387132	1.871165	1.809930	1.871165	1.871165	1.694333	1.447904	1.387132	1.707132	1.579047	2.151241	1.787380	0.009063	1.837393	1.423614	1.611984	0.384032	1.867407	1.419716	0.011025	1.369466	1.788790	1.788790	1.293514	1.660182	1.858144	2.138201	1.660182	1.453685	1.737564	1.556783	0.420249	2.010759	1.827919	2.103999	1.299569	1.806747	1.755000	0.493124	0.000000	2.164909	0.423050	0.599846	1.788790	2.451044	0.599866
EscCo.3_0509_1-516_NEs	2.085117	1.755919	1.789086	0.686185	2.108647	2.133261	1.164603	1.787470	1.196279	2.235179	1.818722	2.058680	2.133261	1.987136	1.772046	1.991747	1.789086	0.496610	1.139842	0.497853	0.497853	1.168446	2.067548	1.789086	1.162502	2.081719	0.000646	1.161323	2.164937	0.684683	2.059286	0.591066	2.050339	0.493465	2.239963	2.133261	1.807810	1.147896	1.150359	2.043871	1.755919	0.492252	0.016329	1.755919	2.080667	1.150109	2.100747	1.959917	0.464887	1.193843	0.007140	2.097418	1.152923	2.132199	1.792171	2.164909	0.000000	2.014933	1.995379	1.150359	1.966916	1.990962
EscCo.4_01533_1-518_NEs	1.392265	1.670095	1.391603	1.807199	1.595197	0.425839	1.718600	1.682459	1.858691	1.494156	1.380013	1.623578	0.425839	0.034933	1.671459	0.034262	1.391603	1.815588	1.760862	1.819836	1.819836	1.779313	1.393210	1.391603	1.750247	1.611237	2.026442	1.777311	0.418637	1.842762	1.386902	1.823039	0.393462	1.800861	1.487075	0.425839	1.371468	1.761915	1.761915	1.397323	1.670095	1.796557	1.973442	1.670095	1.389103	1.769159	1.590824	0.033592	1.860853	1.854568	1.993017	1.345240	1.796985	1.750369	0.498697	0.423050	2.014933	0.000000	0.648598	1.761915	2.661801	0.648620
KlePn.1_03971_1-521_NEs	1.432492	1.688043	1.447673	1.908413	1.468284	0.609674	1.758928	1.710022	1.910553	1.345878	1.457159	1.506165	0.609674	0.646408	1.695365	0.647885	1.447673	1.891987	1.837285	1.891987	1.891987	1.819395	1.426761	1.447673	1.841244	1.491208	1.983764	1.842543	0.600864	1.937753	1.409590	1.634494	0.582365	1.879497	1.339930	0.609674	1.429546	1.838753	1.838753	1.431583	1.688043	1.887867	2.022681	1.688043	1.429315	1.854494	1.464570	0.655467	1.843560	1.906154	1.979475	1.347792	1.922082	1.801100	0.621926	0.599846	1.995379	0.648598	0.000000	1.838753	2.527961	0.002572
SalEn.4_42151_1-530_NEs	1.838452	1.702283	1.739866	1.241520	1.995587	1.798263	0.327470	1.675273	0.542869	1.860025	1.744155	1.621380	1.798263	1.818322	1.698419	1.814398	1.739866	1.241957	0.011403	1.244998	1.239403	0.449806	1.828227	1.739866	0.458131	1.978338	1.152058	0.007594	1.766932	1.236228	1.857345	1.147515	1.872071	1.243510	1.866472	1.798263	1.741455	0.000629	0.000000	1.860018	1.702283	1.235503	1.150619	1.702283	1.834361	0.453324	1.988912	1.791677	1.183030	0.544133	1.162380	1.813608	0.413021	1.917874	1.910543	1.788790	1.150359	1.761915	1.838753	0.000000	1.972740	1.846688
EntCo.1_14970_1-499_NEs	2.229603	2.077040	2.214332	2.084287	2.312580	2.458592	1.939880	2.110741	2.027709	2.153677	2.224214	2.131986	2.458592	2.726707	2.076911	2.722444	2.214332	2.084639	1.999331	2.084639	2.084639	1.943741	2.229305	2.214332	1.957468	2.357561	1.977783	1.987610	2.405032	2.060084	2.204618	1.906090	2.414812	2.085246	2.153681	2.458592	2.205333	1.972740	1.972740	2.521799	2.077040	2.068673	1.947193	2.077040	2.224980	1.959762	2.326457	2.674533	1.901616	2.027709	1.968729	2.054580	2.016764	2.250209	2.464514	2.451044	1.966916	2.661801	2.527961	1.972740	0.000000	2.532319
KlePn.2_32151_1-520_NEs	1.429037	1.679622	1.444110	1.912875	1.472256	0.609695	1.767343	1.701416	1.919511	1.348968	1.453616	1.498984	0.609695	0.646430	1.686932	0.647908	1.444110	1.892073	1.845180	1.892073	1.892073	1.827118	1.423354	1.444110	1.848915	1.495292	1.979359	1.850493	0.600884	1.942270	1.406144	1.638292	0.581035	1.879582	1.343005	0.609695	1.426040	1.846688	1.846688	1.424956	1.679622	1.887953	2.018247	1.679622	1.425864	1.862177	1.468523	0.655490	1.830303	1.915122	1.975063	1.350413	1.917528	1.804885	0.626239	0.599866	1.990962	0.648620	0.002572	1.846688	2.532319	0.000000