EscCo.52400_1-471	0.000000	0.157296	0.017129	0.020737	0.197298	0.146901	0.157592	0.157296	0.157269	0.158284	0.154709	0.157296	0.000000
SalEn.4_24371_1-471_Ess	0.157296	0.000000	0.159271	0.155520	0.184258	0.129258	0.166963	0.000000	0.008549	0.165909	0.006400	0.000000	0.157296
EscCo.1_02688_1-471_Ess	0.017129	0.159271	0.000000	0.025103	0.192221	0.144278	0.152376	0.159271	0.159243	0.153070	0.158398	0.159271	0.017129
EscCo.4_01319_1-471_Ess	0.020737	0.155520	0.025103	0.000000	0.193837	0.145849	0.158400	0.155520	0.157211	0.159091	0.156369	0.155520	0.020737
EntCo.1_38500_1-471_Ess	0.197298	0.184258	0.192221	0.193837	0.000000	0.179782	0.197417	0.184258	0.184951	0.194471	0.185139	0.184258	0.197298
CitRo.1_28181_1-471_Ess	0.146901	0.129258	0.144278	0.145849	0.179782	0.000000	0.153348	0.129258	0.131751	0.152321	0.131758	0.129258	0.146901
KlePn.1_03829_1-471_Ess	0.157592	0.166963	0.152376	0.158400	0.197417	0.153348	0.000000	0.166963	0.168684	0.004264	0.165215	0.166963	0.157592
SalEn.2_MW24371_1-471_Ess	0.157296	0.000000	0.159271	0.155520	0.184258	0.129258	0.166963	0.000000	0.008549	0.165909	0.006400	0.000000	0.157296
SalEn.12399_1-471_Ess	0.157269	0.008549	0.159243	0.157211	0.184951	0.131751	0.168684	0.008549	0.000000	0.167627	0.010699	0.008549	0.157269
KlePn.2_34121_1-471_Ess	0.158284	0.165909	0.153070	0.159091	0.194471	0.152321	0.004264	0.165909	0.167627	0.000000	0.164165	0.165909	0.158284
SalEn.50442_1-471_Ess	0.154709	0.006400	0.158398	0.156369	0.185139	0.131758	0.165215	0.006400	0.010699	0.164165	0.000000	0.006400	0.154709
SalEn.3_2381_1-471_Ess	0.157296	0.000000	0.159271	0.155520	0.184258	0.129258	0.166963	0.000000	0.008549	0.165909	0.006400	0.000000	0.157296
EscCo.3_2516_1-471_Ess	0.000000	0.157296	0.017129	0.020737	0.197298	0.146901	0.157592	0.157296	0.157269	0.158284	0.154709	0.157296	0.000000