CitRo.1_45331_1-429_NEs	0.000000	0.287274	0.250134	0.287274	0.251193	0.294697	0.316630	0.253340	0.286768	0.251193	0.317592	0.292596	0.257908
EscCo.43289_1-429_BeL	0.287274	0.000000	0.269137	0.000000	0.268032	0.314562	0.343225	0.272754	0.011707	0.268032	0.344747	0.055687	0.269719
SalEn.4_34011_1-429_NEs	0.250134	0.269137	0.000000	0.269137	0.000778	0.311278	0.334484	0.010182	0.270132	0.000778	0.333525	0.285413	0.014138
EscCo.2_3540_1-429_NEs	0.287274	0.000000	0.269137	0.000000	0.268032	0.314562	0.343225	0.272754	0.011707	0.268032	0.344747	0.055687	0.269719
SalEn.3_3375_1-429_NEs	0.251193	0.268032	0.000778	0.268032	0.000000	0.310060	0.335661	0.009394	0.269026	0.000000	0.334702	0.284289	0.013346
EntCo.1_25030_1-420_BeL	0.294697	0.314562	0.311278	0.314562	0.310060	0.000000	0.316935	0.310488	0.309714	0.310060	0.320799	0.313292	0.310334
KlePn.2_43251_1-429_NEs	0.316630	0.343225	0.334484	0.343225	0.335661	0.316935	0.000000	0.333282	0.334640	0.335661	0.027009	0.334986	0.335985
SalEn.13236_1-429_NEs	0.253340	0.272754	0.010182	0.272754	0.009394	0.310488	0.333282	0.000000	0.273753	0.009394	0.332323	0.289106	0.010178
EscCo.1_03723_1-429_NEs	0.286768	0.011707	0.270132	0.011707	0.269026	0.309714	0.334640	0.273753	0.000000	0.269026	0.336142	0.048168	0.270717
SalEn.2_MW34011_1-429_NEs	0.251193	0.268032	0.000778	0.268032	0.000000	0.310060	0.335661	0.009394	0.269026	0.000000	0.334702	0.284289	0.013346
KlePn.1_00897_1-429_NEs	0.317592	0.344747	0.333525	0.344747	0.334702	0.320799	0.027009	0.332323	0.336142	0.334702	0.000000	0.338903	0.335024
EscCo.3_00407_1-429_NEs	0.292596	0.055687	0.285413	0.055687	0.284289	0.313292	0.334986	0.289106	0.048168	0.284289	0.338903	0.000000	0.286038
SalEn.54096_1-429_NEs	0.257908	0.269719	0.014138	0.269719	0.013346	0.310334	0.335985	0.010178	0.270717	0.013346	0.335024	0.286038	0.000000