EscCo.52984_1-252	0.000000	1.353969	0.006652	0.847433	0.855374	1.335477	1.341920	0.001324	1.335477	0.859430	0.851448	0.031242
EscCo.4_00718_1-231_NEs	1.353969	0.000000	1.361527	1.003899	0.986126	0.018996	0.020563	1.360481	0.019080	1.013701	1.008872	1.384932
EscCo.1_03408_1-253_NEs	0.006652	1.361527	0.000000	0.855537	0.860364	1.342936	1.349399	0.007989	1.342936	0.864433	0.859574	0.032491
EscCo.52985_1-237	0.847433	1.003899	0.855537	0.000000	0.010148	1.001683	1.006666	0.851448	1.001683	0.024978	0.001407	0.890592
EscCo.1_03409_1-233_NEs	0.855374	0.986126	0.860364	0.010148	0.000000	0.988858	0.993750	0.859478	0.988858	0.023343	0.011607	0.891665
EscCo.1_03410_1-231_NEs	1.335477	0.018996	1.342936	1.001683	0.988858	0.000000	0.001450	1.341920	0.000000	1.016577	1.006666	1.372297
EscCo.3_3260_1-230_NEs	1.341920	0.020563	1.349399	1.006666	0.993750	0.001450	0.000000	1.348375	0.001450	1.021563	1.011663	1.378967
EscCo.3_3258_1-252_NEs	0.001324	1.360481	0.007989	0.851448	0.859478	1.341920	1.348375	0.000000	1.341920	0.863566	0.855474	0.032624
EscCo.52986_1-230	1.335477	0.019080	1.342936	1.001683	0.988858	0.000000	0.001450	1.341920	0.000000	1.016577	1.006666	1.372297
EscCo.4_00719_1-233_NEs	0.859430	1.013701	0.864433	0.024978	0.023343	1.016577	1.021563	0.863566	1.016577	0.000000	0.026469	0.896039
EscCo.3_3259_1-237_NEs	0.851448	1.008872	0.859574	0.001407	0.011607	1.006666	1.011663	0.855474	1.006666	0.026469	0.000000	0.894777
EscCo.4_00720_1-258_NEs	0.031242	1.384932	0.032491	0.890592	0.891665	1.372297	1.378967	0.032624	1.372297	0.896039	0.894777	0.000000