SalEn.3_4044_1-732_Ess	0.000000	0.261140	0.229132	0.224230	0.008687	0.225538	0.000455	0.225382	0.259804	0.228021	0.000455	0.234998	0.014233
KlePn.2_48631_1-731_Ess	0.261140	0.000000	0.253429	0.231087	0.257549	0.252895	0.260516	0.242983	0.003230	0.245919	0.260516	0.229107	0.254974
EscCo.1_04391_1-732_Ess	0.229132	0.253429	0.000000	0.214378	0.228664	0.044853	0.228539	0.039026	0.250213	0.047668	0.228539	0.235109	0.230659
CitRo.1_38111_1-778_Ess	0.224230	0.231087	0.214378	0.000000	0.224221	0.212077	0.223637	0.213556	0.232915	0.215065	0.223637	0.219148	0.221522
SalEn.13885_1-732_Ess	0.008687	0.257549	0.228664	0.224221	0.000000	0.225070	0.008228	0.224914	0.256217	0.227553	0.008228	0.235169	0.012853
EscCo.4_04565_1-732_Ess	0.225538	0.252895	0.044853	0.212077	0.225070	0.000000	0.224946	0.053532	0.250956	0.046306	0.224946	0.226938	0.227055
SalEn.4_40601_1-732_Ess	0.000455	0.260516	0.228539	0.223637	0.008228	0.224946	0.000000	0.224790	0.259180	0.227428	0.000000	0.234393	0.014697
EscCo.53935_1-732	0.225382	0.242983	0.039026	0.213556	0.224914	0.053532	0.224790	0.000000	0.239814	0.008196	0.224790	0.225993	0.222019
KlePn.1_00352_1-731_Ess	0.259804	0.003230	0.250213	0.232915	0.256217	0.250956	0.259180	0.239814	0.000000	0.243999	0.259180	0.227814	0.253646
EscCo.3_4204_1-732_Ess	0.228021	0.245919	0.047668	0.215065	0.227553	0.046306	0.227428	0.008196	0.243999	0.000000	0.227428	0.226961	0.224650
SalEn.2_MW40601_1-732_Ess	0.000455	0.260516	0.228539	0.223637	0.008228	0.224946	0.000000	0.224790	0.259180	0.227428	0.000000	0.234393	0.014697
EntCo.1_00980_1-731_Ess	0.234998	0.229107	0.235109	0.219148	0.235169	0.226938	0.234393	0.225993	0.227814	0.226961	0.234393	0.000000	0.235531
SalEn.53523_1-732_Ess	0.014233	0.254974	0.230659	0.221522	0.012853	0.227055	0.014697	0.222019	0.253646	0.224650	0.014697	0.235531	0.000000