EscCo.1_02064_1-188_NEs	0.000000	0.309407	0.028731	0.010670	0.365892	0.369219	0.303785	0.309407	0.309407	0.307233	0.306385	0.304164	0.012459
SalEn.4_18911_1-188_NEs	0.309407	0.000000	0.305137	0.302672	0.332171	0.331635	0.010706	0.000000	0.000000	0.284108	0.007124	0.276528	0.305249
EscCo.4_02006_1-188_NEs	0.028731	0.305137	0.000000	0.025104	0.372747	0.376116	0.304743	0.305137	0.305137	0.300341	0.307354	0.300045	0.026922
EscCo.3_1908_1-188_NEs	0.010670	0.302672	0.025104	0.000000	0.358762	0.362069	0.297075	0.302672	0.302672	0.305617	0.299668	0.294958	0.001767
KlePn.1_04274_1-188_NEs	0.365892	0.332171	0.372747	0.358762	0.000000	0.001790	0.320865	0.332171	0.332171	0.329288	0.331762	0.272025	0.361513
KlePn.2_29731_1-188_NEs	0.369219	0.331635	0.376116	0.362069	0.001790	0.000000	0.320353	0.331635	0.331635	0.332545	0.334956	0.274974	0.364832
SalEn.50969_1-188_NEs	0.303785	0.010706	0.304743	0.297075	0.320865	0.320353	0.000000	0.010706	0.010706	0.278485	0.014319	0.271904	0.299636
SalEn.3_1843_1-188_NEs	0.309407	0.000000	0.305137	0.302672	0.332171	0.331635	0.010706	0.000000	0.000000	0.284108	0.007124	0.276528	0.305249
SalEn.2_MW18911_1-188_NEs	0.309407	0.000000	0.305137	0.302672	0.332171	0.331635	0.010706	0.000000	0.000000	0.284108	0.007124	0.276528	0.305249
EntCo.1_06200_1-186_NEs	0.307233	0.284108	0.300341	0.305617	0.329288	0.332545	0.278485	0.284108	0.284108	0.000000	0.278582	0.244517	0.308223
SalEn.11095_1-188_NEs	0.306385	0.007124	0.307354	0.299668	0.331762	0.334956	0.014319	0.007124	0.007124	0.278582	0.000000	0.271090	0.302235
CitRo.1_19191_1-188_NEs	0.304164	0.276528	0.300045	0.294958	0.272025	0.274974	0.271904	0.276528	0.276528	0.244517	0.271090	0.000000	0.297476
EscCo.51875_1-188	0.012459	0.305249	0.026922	0.001767	0.361513	0.364832	0.299636	0.305249	0.305249	0.308223	0.302235	0.297476	0.000000