SalEn.2_MW18301_1-79_NEs	0.000000	0.497313	0.439759	0.486850	0.427718	0.446977	0.008470	0.004226	0.004226	0.425075	0.482711	0.446977	0.000000
KlePn.2_29271_1-79_NEs	0.497313	0.000000	0.574722	0.004244	0.459484	0.566218	0.497264	0.505616	0.505616	0.583869	0.436170	0.566218	0.497313
EscCo.54536_1-79	0.439759	0.574722	0.000000	0.577658	0.476806	0.012740	0.447321	0.447321	0.447321	0.025662	0.503861	0.012740	0.439759
KlePn.1_04322_1-79_NEs	0.486850	0.004244	0.577658	0.000000	0.461515	0.569092	0.486803	0.495032	0.495032	0.586877	0.445355	0.569092	0.486850
CitRo.1_18661_1-79_NEs	0.427718	0.459484	0.476806	0.461515	0.000000	0.468770	0.420096	0.427718	0.427718	0.461550	0.442618	0.468770	0.427718
EscCo.3_1859_1-79_NEs	0.446977	0.566218	0.012740	0.569092	0.468770	0.000000	0.454588	0.454588	0.454588	0.038757	0.487752	0.000000	0.446977
SalEn.51037_1-79_BeL	0.008470	0.497264	0.447321	0.486803	0.420096	0.454588	0.000000	0.004226	0.004226	0.432531	0.474770	0.454588	0.008470
SalEn.3_1770_1-79_NEs	0.004226	0.505616	0.447321	0.495032	0.427718	0.454588	0.004226	0.000000	0.000000	0.432531	0.482711	0.454588	0.004226
SalEn.11196_1-79_BeL	0.004226	0.505616	0.447321	0.495032	0.427718	0.454588	0.004226	0.000000	0.000000	0.432531	0.482711	0.454588	0.004226
EscCo.4_02061_1-79_NEs	0.425075	0.583869	0.025662	0.586877	0.461550	0.038757	0.432531	0.432531	0.432531	0.000000	0.479987	0.038757	0.425075
EntCo.1_06690_10-88_NEs	0.482711	0.436170	0.503861	0.445355	0.442618	0.487752	0.474770	0.482711	0.482711	0.479987	0.000000	0.487752	0.482711
EscCo.1_02012_1-79_NEs	0.446977	0.566218	0.012740	0.569092	0.468770	0.000000	0.454588	0.454588	0.454588	0.038757	0.487752	0.000000	0.446977
SalEn.4_18301_1-79_BeL	0.000000	0.497313	0.439759	0.486850	0.427718	0.446977	0.008470	0.004226	0.004226	0.425075	0.482711	0.446977	0.000000