EscCo.3_2389_1-660_NEs	0.000000	0.338004	0.360518	0.335747	0.340586	0.377368	0.340586	0.000000	0.011153	0.025071	0.381401	0.341350
SalEn.50564_1-660_NEs	0.338004	0.000000	0.396232	0.017886	0.014286	0.404136	0.014286	0.338004	0.343281	0.346463	0.401990	0.014799
EntCo.1_26920_1-660_NEs	0.360518	0.396232	0.000000	0.394384	0.397948	0.260755	0.397948	0.360518	0.362255	0.369134	0.259154	0.398776
SalEn.12281_1-660_NEs	0.335747	0.017886	0.394384	0.000000	0.010684	0.405323	0.010684	0.335747	0.341022	0.343411	0.402333	0.011196
SalEn.3_2268_1-660_NEs	0.340586	0.014286	0.397948	0.010684	0.000000	0.408049	0.000000	0.340586	0.345896	0.349866	0.405053	0.000505
KlePn.2_44801_1-661_NEs	0.377368	0.404136	0.260755	0.405323	0.408049	0.000000	0.408049	0.377368	0.380150	0.375653	0.005606	0.409925
SalEn.4_23231_1-660_NEs	0.340586	0.014286	0.397948	0.010684	0.000000	0.408049	0.000000	0.340586	0.345896	0.349866	0.405053	0.000505
EscCo.52255_1-660	0.000000	0.338004	0.360518	0.335747	0.340586	0.377368	0.340586	0.000000	0.011153	0.025071	0.381401	0.341350
EscCo.1_02503_1-661_NEs	0.011153	0.343281	0.362255	0.341022	0.345896	0.380150	0.345896	0.011153	0.000000	0.028160	0.383403	0.345959
EscCo.4_01453_1-661_NEs	0.025071	0.346463	0.369134	0.343411	0.349866	0.375653	0.349866	0.025071	0.028160	0.000000	0.378880	0.349922
KlePn.1_00740_1-662_NEs	0.381401	0.401990	0.259154	0.402333	0.405053	0.005606	0.405053	0.381401	0.383403	0.378880	0.000000	0.406930
SalEn.2_MW23231_1-661_NEs	0.341350	0.014799	0.398776	0.011196	0.000505	0.409925	0.000505	0.341350	0.345959	0.349922	0.406930	0.000000