CitRo.1_18481_1-114_NEs	0.000000	0.230231	0.189950	0.204183	0.230231	0.204183	0.226317	0.186330	0.182681	0.875846	0.252861	0.230231	0.230231	0.193624
SalEn.51055_1-114_NEs	0.230231	0.000000	0.223646	0.259314	0.005864	0.259314	0.002927	0.212152	0.212202	0.936905	0.262820	0.005864	0.005864	0.223646
EscCo.3_1841_1-114_BeL	0.189950	0.223646	0.000000	0.212073	0.223646	0.212073	0.219800	0.008805	0.011759	0.964109	0.225886	0.223646	0.223646	0.002925
KlePn.2_29091_1-114_BeL	0.204183	0.259314	0.212073	0.000000	0.259314	0.000000	0.255271	0.208320	0.204507	0.883526	0.182396	0.259314	0.259314	0.212073
SalEn.2_MW18141_1-115_NEs	0.230231	0.005864	0.223646	0.259314	0.000000	0.256426	0.002927	0.209881	0.209930	0.947615	0.254676	0.000000	0.000000	0.223646
KlePn.1_04340_1-115_NEs	0.204183	0.259314	0.212073	0.000000	0.256426	0.000000	0.255271	0.206094	0.202326	0.902036	0.182396	0.259314	0.259314	0.212073
SalEn.11215_1-114_NEs	0.226317	0.002927	0.219800	0.255271	0.002927	0.255271	0.000000	0.208349	0.208398	0.928184	0.258772	0.002927	0.002927	0.219800
EscCo.1_01995_2-116_BeL	0.186330	0.212152	0.008805	0.208320	0.209881	0.206094	0.208349	0.000000	0.008727	0.983443	0.222049	0.212152	0.212152	0.011758
EscCo.4_02077_2-116_BeL	0.182681	0.212202	0.011759	0.204507	0.209930	0.202326	0.208398	0.008727	0.000000	0.983066	0.214310	0.212202	0.212202	0.014721
KlePn.1_04500_6-122_NEs	0.875846	0.936905	0.964109	0.883526	0.947615	0.902036	0.928184	0.983443	0.983066	0.000000	0.885753	0.928184	0.928184	0.964109
EntCo.1_06870_1-114_NEs	0.252861	0.262820	0.225886	0.182396	0.254676	0.182396	0.258772	0.222049	0.214310	0.885753	0.000000	0.254676	0.254676	0.225886
SalEn.4_18141_1-114_NEs	0.230231	0.005864	0.223646	0.259314	0.000000	0.259314	0.002927	0.212152	0.212202	0.928184	0.254676	0.000000	0.000000	0.223646
SalEn.3_1751_1-114_NEs	0.230231	0.005864	0.223646	0.259314	0.000000	0.259314	0.002927	0.212152	0.212202	0.928184	0.254676	0.000000	0.000000	0.223646
EscCo.51809_1-114	0.193624	0.223646	0.002925	0.212073	0.223646	0.212073	0.219800	0.011758	0.014721	0.964109	0.225886	0.223646	0.223646	0.000000