KlePn.2_07331_1-485_NEs	0.000000	0.200532	0.203500	0.198539	0.223155	0.215384	0.215384	0.216281	0.172096	0.010428	0.200532	0.220242
EscCo.1_00247_1-485_NEs	0.200532	0.000000	0.018735	0.040215	0.202466	0.203336	0.203336	0.204213	0.170200	0.197620	0.000686	0.205181
EscCo.40237_1-485_BeL	0.203500	0.018735	0.000000	0.034443	0.205400	0.205393	0.205393	0.206273	0.170430	0.200571	0.019437	0.207245
EscCo.3_03701_1-485_NEs	0.198539	0.040215	0.034443	0.000000	0.201071	0.200831	0.200831	0.201707	0.169513	0.196532	0.040938	0.203570
SalEn.52534_1-485_NEs	0.223155	0.202466	0.205400	0.201071	0.000000	0.010378	0.010378	0.011073	0.192495	0.221026	0.201590	0.009677
SalEn.3_0312_1-485_NEs	0.215384	0.203336	0.205393	0.200831	0.010378	0.000000	0.000000	0.000687	0.187899	0.211475	0.202459	0.003444
SalEn.2_MW03271_1-485_NEs	0.215384	0.203336	0.205393	0.200831	0.010378	0.000000	0.000000	0.000687	0.187899	0.211475	0.202459	0.003444
SalEn.4_03271_1-485_NEs	0.216281	0.204213	0.206273	0.201707	0.011073	0.000687	0.000687	0.000000	0.188762	0.212367	0.203336	0.004134
CitRo.1_03321_1-485_NEs	0.172096	0.170200	0.170430	0.169513	0.192495	0.187899	0.187899	0.188762	0.000000	0.171879	0.169359	0.191459
KlePn.1_02589_1-485_NEs	0.010428	0.197620	0.200571	0.196532	0.221026	0.211475	0.211475	0.212367	0.171879	0.000000	0.197620	0.216303
EscCo.2_0260_1-485_NEs	0.200532	0.000686	0.019437	0.040938	0.201590	0.202459	0.202459	0.203336	0.169359	0.197620	0.000000	0.204302
SalEn.10299_1-485_NEs	0.220242	0.205181	0.207245	0.203570	0.009677	0.003444	0.003444	0.004134	0.191459	0.216303	0.204302	0.000000