SalEn.14286_9-533_NEs	0.000000	1.641272	1.376908	1.641272	2.087490	1.343943	1.590721	1.641272	1.339960	0.153662	1.729058	1.666196
SalEn.3_4456_1-516_NEs	1.641272	0.000000	1.704734	0.000000	1.110896	1.526878	1.572563	0.000000	2.152870	1.690679	1.862806	0.120962
EscCo.3_03689_24-537_NEs	1.376908	1.704734	0.000000	1.704734	2.166533	1.445360	1.782722	1.704734	1.626540	1.420226	1.749571	1.741855
SalEn.4_44711_1-516_NEs	1.641272	0.000000	1.704734	0.000000	1.110896	1.526878	1.572563	0.000000	2.152870	1.690679	1.862806	0.120962
CitRo.1_33411_1-500_NEs	2.087490	1.110896	2.166533	1.110896	0.000000	1.571172	1.540324	1.110896	2.374150	1.950453	1.343642	1.089276
EscCo.2_1953_2-504_NEs	1.343943	1.526878	1.445360	1.526878	1.571172	0.000000	1.575996	1.526878	1.209394	1.272603	1.448915	1.512765
EscCo.2_3912_3-544_NEs	1.590721	1.572563	1.782722	1.572563	1.540324	1.575996	0.000000	1.572563	1.737546	1.621596	1.583974	1.588765
SalEn.2_MW44711_1-516_NEs	1.641272	0.000000	1.704734	0.000000	1.110896	1.526878	1.572563	0.000000	2.152870	1.690679	1.862806	0.120962
KlePn.1_05719_7-563_NEs	1.339960	2.152870	1.626540	2.152870	2.374150	1.209394	1.737546	2.152870	0.000000	1.359049	2.298750	2.136003
EscCo.3_04048_9-532_NEs	0.153662	1.690679	1.420226	1.690679	1.950453	1.272603	1.621596	1.690679	1.359049	0.000000	1.584012	1.727492
SalEn.14290_2-418_NEs	1.729058	1.862806	1.749571	1.862806	1.343642	1.448915	1.583974	1.862806	2.298750	1.584012	0.000000	1.850110
EscCo.44349_1-516_BeL	1.666196	0.120962	1.741855	0.120962	1.089276	1.512765	1.588765	0.120962	2.136003	1.727492	1.850110	0.000000