EscCo.4_02849_1-186_NEs	0.000000	0.014486	0.010832	0.253419	0.253419	0.253419	0.342015	0.010832	0.231790	0.253419	0.316266	0.016294	0.339249	0.267464
EscCo.1_01201_1-186_NEs	0.014486	0.000000	0.007214	0.261192	0.261192	0.261192	0.353742	0.007214	0.236907	0.261192	0.319451	0.019974	0.350942	0.275407
EscCo.51063_1-186	0.010832	0.007214	0.000000	0.260832	0.260832	0.260832	0.347568	0.000000	0.234202	0.260832	0.313589	0.012648	0.344788	0.275021
SalEn.11884_1-186_NEs	0.253419	0.261192	0.260832	0.000000	0.000000	0.000000	0.356537	0.260832	0.245076	0.000000	0.292392	0.268286	0.362225	0.023704
SalEn.3_1101_1-186_NEs	0.253419	0.261192	0.260832	0.000000	0.000000	0.000000	0.356537	0.260832	0.245076	0.000000	0.292392	0.268286	0.362225	0.023704
SalEn.4_11721_1-186_NEs	0.253419	0.261192	0.260832	0.000000	0.000000	0.000000	0.356537	0.260832	0.245076	0.000000	0.292392	0.268286	0.362225	0.023704
KlePn.1_03552_1-186_NEs	0.342015	0.353742	0.347568	0.356537	0.356537	0.356537	0.000000	0.347568	0.282805	0.356537	0.358874	0.347435	0.005381	0.366253
EscCo.3_1128_1-186_NEs	0.010832	0.007214	0.000000	0.260832	0.260832	0.260832	0.347568	0.000000	0.234202	0.260832	0.313589	0.012648	0.344788	0.275021
CitRo.1_11231_1-186_NEs	0.231790	0.236907	0.234202	0.245076	0.245076	0.245076	0.282805	0.234202	0.000000	0.245076	0.231477	0.234135	0.280234	0.250616
SalEn.2_MW11721_1-186_NEs	0.253419	0.261192	0.260832	0.000000	0.000000	0.000000	0.356537	0.260832	0.245076	0.000000	0.292392	0.268286	0.362225	0.023704
EntCo.1_15800_1-186_NEs	0.316266	0.319451	0.313589	0.292392	0.292392	0.292392	0.358874	0.313589	0.231477	0.292392	0.000000	0.324280	0.358874	0.303679
EscCo.2_54250_1-186_Ess	0.016294	0.019974	0.012648	0.268286	0.268286	0.268286	0.347435	0.012648	0.234135	0.268286	0.324280	0.000000	0.344656	0.282620
KlePn.2_16891_1-186_NEs	0.339249	0.350942	0.344788	0.362225	0.362225	0.362225	0.005381	0.344788	0.280234	0.362225	0.358874	0.344656	0.000000	0.372013
SalEn.51756_23-208_NEs	0.267464	0.275407	0.275021	0.023704	0.023704	0.023704	0.366253	0.275021	0.250616	0.023704	0.303679	0.282620	0.372013	0.000000