SalEn.51492_1-281_NEs	0.000000	0.010730	0.439472	0.436388	0.357925	0.399193	0.398797	0.458470	0.015551	0.010730	0.399023	0.451598	0.395960	0.010730
SalEn.4_15771_1-281_NEs	0.010730	0.000000	0.446888	0.443793	0.360844	0.403372	0.402970	0.461464	0.007135	0.000000	0.403199	0.448567	0.400132	0.000000
KlePn.2_24651_1-281_NEs	0.439472	0.446888	0.000000	0.005982	0.347944	0.381829	0.392317	0.418510	0.448545	0.446888	0.385550	0.344505	0.385474	0.446888
KlePn.1_04792_1-281_NEs	0.436388	0.443793	0.005982	0.000000	0.352494	0.380677	0.391178	0.414254	0.445453	0.443793	0.384402	0.349036	0.384326	0.443793
CitRo.1_15741_1-281_NEs	0.357925	0.360844	0.347944	0.352494	0.000000	0.270771	0.277291	0.290731	0.358545	0.360844	0.270670	0.348322	0.266198	0.360844
EscCo.3_1534_1-281_NEs	0.399193	0.403372	0.381829	0.380677	0.270771	0.000000	0.036421	0.055130	0.397000	0.403372	0.011937	0.390413	0.017987	0.403372
EscCo.4_02364_1-281_NEs	0.398797	0.402970	0.392317	0.391178	0.277291	0.036421	0.000000	0.081995	0.396607	0.402970	0.038891	0.394752	0.040185	0.402970
EscCo.2_4600_1-235_NEs	0.458470	0.461464	0.418510	0.414254	0.290731	0.055130	0.081995	0.000000	0.455577	0.461464	0.053597	0.451530	0.053640	0.461464
SalEn.11473_1-281_NEs	0.015551	0.007135	0.448545	0.445453	0.358545	0.397000	0.396607	0.455577	0.000000	0.007135	0.396831	0.452370	0.393771	0.007135
SalEn.2_MW15771_1-281_NEs	0.010730	0.000000	0.446888	0.443793	0.360844	0.403372	0.402970	0.461464	0.007135	0.000000	0.403199	0.448567	0.400132	0.000000
EscCo.51463_1-281	0.399023	0.403199	0.385550	0.384402	0.270670	0.011937	0.038891	0.053597	0.396831	0.403199	0.000000	0.398101	0.008348	0.403199
EntCo.1_09710_1-281_NEs	0.451598	0.448567	0.344505	0.349036	0.348322	0.390413	0.394752	0.451530	0.452370	0.448567	0.398101	0.000000	0.396059	0.448567
EscCo.1_01625_1-281_NEs	0.395960	0.400132	0.385474	0.384326	0.266198	0.017987	0.040185	0.053640	0.393771	0.400132	0.008348	0.396059	0.000000	0.400132
SalEn.3_1513_1-281_NEs	0.010730	0.000000	0.446888	0.443793	0.360844	0.403372	0.402970	0.461464	0.007135	0.000000	0.403199	0.448567	0.400132	0.000000