CitRo.1_50861_1-223_NEs	0.000000	0.276001	0.280380	0.215330	0.351169	0.278305	0.284125	0.215330	0.223170	0.223346	0.351169	0.293059
EscCo.2_40480_1-222_NEs	0.276001	0.000000	0.013569	0.253821	0.377329	0.012055	0.016607	0.253821	0.255623	0.251694	0.377329	0.019679
EscCo.3_4754_1-222_NEs	0.280380	0.013569	0.000000	0.262273	0.380112	0.001495	0.021191	0.262273	0.264081	0.260127	0.380112	0.021212
SalEn.2_MW45321_1-474_NEs	0.215330	0.253821	0.262273	0.000000	0.357772	0.260251	0.265885	0.000000	0.010644	0.015667	0.355796	0.266103
KlePn.1_02332_1-223_NEs	0.351169	0.377329	0.380112	0.357772	0.000000	0.380112	0.387218	0.357772	0.357161	0.353050	0.000000	0.385448
EscCo.1_04869_1-222_NEs	0.278305	0.012055	0.001495	0.260251	0.380112	0.000000	0.019666	0.260251	0.262058	0.258109	0.380112	0.019685
EscCo.54399_1-222	0.284125	0.016607	0.021191	0.265885	0.387218	0.019666	0.000000	0.265885	0.267692	0.263736	0.387218	0.012034
SalEn.4_45321_1-473_NEs	0.215330	0.253821	0.262273	0.000000	0.357772	0.260251	0.265885	0.000000	0.010644	0.015667	0.355796	0.266103
SalEn.54628_1-473_NEs	0.223170	0.255623	0.264081	0.010644	0.357161	0.262058	0.267692	0.010644	0.000000	0.017813	0.355192	0.267912
SalEn.14345_1-473_NEs	0.223346	0.251694	0.260127	0.015667	0.353050	0.258109	0.263736	0.015667	0.017813	0.000000	0.351104	0.263952
KlePn.2_04791_1-224_NEs	0.351169	0.377329	0.380112	0.355796	0.000000	0.380112	0.387218	0.355796	0.355192	0.351104	0.000000	0.385448
EscCo.4_03995_1-222_NEs	0.293059	0.019679	0.021212	0.266103	0.385448	0.019685	0.012034	0.266103	0.267912	0.263952	0.385448	0.000000