SalEn.4_44991_1-342_NEs	0.000000	0.230898	1.647374	1.637189	1.622985	0.000000	1.647512	0.180694	0.211176	0.002934	1.609220	1.625954	0.209913	0.230844	0.000000	1.615876	1.609220	1.643715	0.210522	0.013795	0.208276	1.652395	0.247384	1.577248	1.595631	0.206136	1.642853
KlePn.1_02305_1-342_NEs	0.230898	0.000000	1.576812	1.566948	1.520263	0.230898	1.581449	0.204236	0.227445	0.228281	1.511082	1.542926	0.226159	0.003951	0.230898	1.508776	1.511082	1.590218	0.225129	0.230665	0.229339	1.581408	0.248831	1.477721	1.519915	0.222662	1.572306
SalEn.4_32211_1-378_NEs	1.647374	1.576812	0.000000	0.000878	0.194715	1.647374	0.010591	1.587360	1.571553	1.653026	0.192351	0.405197	1.571553	1.560117	1.647374	0.408071	0.192351	0.204518	1.545170	1.651752	1.519539	0.009709	1.680673	0.202106	0.198193	1.581528	0.000878
SalEn.2_MW32211_1-379_NEs	1.637189	1.566948	0.000878	0.000000	0.193603	1.637189	0.009705	1.577533	1.562140	1.642823	0.193494	0.406763	1.562140	1.550429	1.637189	0.409514	0.193494	0.203398	1.535957	1.641613	1.510327	0.008822	1.675886	0.202574	0.198669	1.571978	0.000000
EntCo.1_33430_1-378_NEs	1.622985	1.520263	0.194715	0.193603	0.000000	1.622985	0.193564	1.519501	1.549635	1.618299	0.176381	0.401211	1.549635	1.499715	1.622985	0.404607	0.176381	0.181722	1.565801	1.628135	1.516779	0.195922	1.665310	0.174386	0.176411	1.561492	0.193603
SalEn.2_MW44991_1-342_NEs	0.000000	0.230898	1.647374	1.637189	1.622985	0.000000	1.647512	0.180694	0.211176	0.002934	1.609220	1.625954	0.209913	0.230844	0.000000	1.615876	1.609220	1.643715	0.210522	0.013795	0.208276	1.652395	0.247384	1.577248	1.595631	0.206136	1.642853
SalEn.53140_1-378_NEs	1.647512	1.581449	0.010591	0.009705	0.193564	1.647512	0.000000	1.597522	1.566263	1.653165	0.188933	0.414077	1.566263	1.564700	1.647512	0.418477	0.188933	0.203315	1.530334	1.641710	1.519600	0.007933	1.680742	0.198639	0.197004	1.566348	0.009705
CitRo.1_48721_1-342_NEs	0.180694	0.204236	1.587360	1.577533	1.519501	0.180694	1.597522	0.000000	0.205659	0.180732	1.569293	1.676986	0.204405	0.207048	0.180694	1.661222	1.569293	1.616937	0.206343	0.172899	0.210727	1.602131	0.219292	1.548251	1.563057	0.203197	1.582890
EscCo.3_4671_1-342_NEs	0.211176	0.227445	1.571553	1.562140	1.549635	0.211176	1.566263	0.205659	0.000000	0.212486	1.626468	1.570499	0.000974	0.226411	0.211176	1.552310	1.626468	1.645223	0.020723	0.212280	0.049274	1.566144	0.251981	1.618698	1.636710	0.013762	1.567244
SalEn.14318_1-342_NEs	0.002934	0.228281	1.653026	1.642823	1.618299	0.002934	1.653165	0.180732	0.212486	0.000000	1.614749	1.631501	0.211222	0.228228	0.002934	1.621373	1.614749	1.649391	0.211835	0.014792	0.210887	1.658080	0.247441	1.582721	1.601073	0.207440	1.648507
EscCo.3_3354_1-378_NEs	1.609220	1.511082	0.192351	0.193494	0.176381	1.609220	0.188933	1.569293	1.626468	1.614749	0.000000	0.392797	1.626468	1.506769	1.609220	0.388855	0.000000	0.192776	1.636457	1.625263	1.565742	0.192144	1.656395	0.026839	0.040518	1.643876	0.193494
KlePn.2_41731_1-376_NEs	1.625954	1.542926	0.405197	0.406763	0.401211	1.625954	0.414077	1.676986	1.570499	1.631501	0.392797	0.000000	1.570499	1.537368	1.625954	0.011668	0.392797	0.375069	1.564183	1.647544	1.532437	0.412866	1.601598	0.400529	0.406651	1.561828	0.406763
EscCo.1_04839_1-342_NEs	0.209913	0.226159	1.571553	1.562140	1.549635	0.209913	1.566263	0.204405	0.000974	0.211222	1.626468	1.570499	0.000000	0.225125	0.209913	1.552310	1.626468	1.645223	0.019728	0.211017	0.048246	1.566144	0.250655	1.618698	1.636710	0.012773	1.567244
KlePn.2_04521_1-342_NEs	0.230844	0.003951	1.560117	1.550429	1.499715	0.230844	1.564700	0.207048	0.226411	0.228228	1.506769	1.537368	0.225125	0.000000	0.230844	1.503345	1.506769	1.578825	0.225380	0.227947	0.229595	1.564569	0.249118	1.473452	1.515619	0.221627	1.555660
SalEn.3_4484_1-342_NEs	0.000000	0.230898	1.647374	1.637189	1.622985	0.000000	1.647512	0.180694	0.211176	0.002934	1.609220	1.625954	0.209913	0.230844	0.000000	1.615876	1.609220	1.643715	0.210522	0.013795	0.208276	1.652395	0.247384	1.577248	1.595631	0.206136	1.642853
KlePn.1_01094_1-377_NEs	1.615876	1.508776	0.408071	0.409514	0.404607	1.615876	0.418477	1.661222	1.552310	1.621373	0.388855	0.011668	1.552310	1.503345	1.615876	0.000000	0.388855	0.373631	1.546057	1.637097	1.523283	0.415787	1.602749	0.396478	0.402563	1.543706	0.409647
EscCo.53084_1-378	1.609220	1.511082	0.192351	0.193494	0.176381	1.609220	0.188933	1.569293	1.626468	1.614749	0.000000	0.392797	1.626468	1.506769	1.609220	0.388855	0.000000	0.192776	1.636457	1.625263	1.565742	0.192144	1.656395	0.026839	0.040518	1.643876	0.193494
CitRo.1_48031_1-378_NEs	1.643715	1.590218	0.204518	0.203398	0.181722	1.643715	0.203315	1.616937	1.645223	1.649391	0.192776	0.375069	1.645223	1.578825	1.643715	0.373631	0.192776	0.000000	1.616499	1.669637	1.635116	0.204574	1.771046	0.185110	0.188247	1.632679	0.203398
EscCo.2_40170_1-342_NEs	0.210522	0.225129	1.545170	1.535957	1.565801	0.210522	1.530334	0.206343	0.020723	0.211835	1.636457	1.564183	0.019728	0.225380	0.210522	1.546057	1.636457	1.616499	0.000000	0.209053	0.044128	1.530036	0.247037	1.618755	1.617286	0.016764	1.540907
SalEn.54599_1-342_NEs	0.013795	0.230665	1.651752	1.641613	1.628135	0.013795	1.641710	0.172899	0.212280	0.014792	1.625263	1.647544	0.211017	0.227947	0.013795	1.637097	1.625263	1.669637	0.209053	0.000000	0.208073	1.646534	0.240448	1.592954	1.605871	0.208820	1.647260
EscCo.4_04024_1-342_NEs	0.208276	0.229339	1.519539	1.510327	1.516779	0.208276	1.519600	0.210727	0.049274	0.210887	1.565742	1.532437	0.048246	0.229595	0.208276	1.523283	1.565742	1.635116	0.044128	0.208073	0.000000	1.519245	0.255043	1.564021	1.562904	0.052529	1.515229
SalEn.13062_1-378_NEs	1.652395	1.581408	0.009709	0.008822	0.195922	1.652395	0.007933	1.602131	1.566144	1.658080	0.192144	0.412866	1.566144	1.564569	1.652395	0.415787	0.192144	0.204574	1.530036	1.646534	1.519245	0.000000	1.675471	0.201886	0.197978	1.566229	0.008822
EntCo.1_44920_1-342_NEs	0.247384	0.248831	1.680673	1.675886	1.665310	0.247384	1.680742	0.219292	0.251981	0.247441	1.656395	1.601598	0.250655	0.249118	0.247384	1.602749	1.656395	1.771046	0.247037	0.240448	0.255043	1.675471	0.000000	1.651115	1.666272	0.246692	1.676050
EscCo.1_03513_1-379_NEs	1.577248	1.477721	0.202106	0.202574	0.174386	1.577248	0.198639	1.548251	1.618698	1.582721	0.026839	0.400529	1.618698	1.473452	1.577248	0.396478	0.026839	0.185110	1.618755	1.592954	1.564021	0.201886	1.651115	0.000000	0.038560	1.625894	0.203265
EscCo.4_00606_1-379_NEs	1.595631	1.519915	0.198193	0.198669	0.176411	1.595631	0.197004	1.563057	1.636710	1.601073	0.040518	0.406651	1.636710	1.515619	1.595631	0.402563	0.040518	0.188247	1.617286	1.605871	1.562904	0.197978	1.666272	0.038560	0.000000	1.644068	0.199344
EscCo.54371_1-342	0.206136	0.222662	1.581528	1.571978	1.561492	0.206136	1.566348	0.203197	0.013762	0.207440	1.643876	1.561828	0.012773	0.221627	0.206136	1.543706	1.643876	1.632679	0.016764	0.208820	0.052529	1.566229	0.246692	1.625894	1.644068	0.000000	1.577174
SalEn.3_3193_1-378_NEs	1.642853	1.572306	0.000878	0.000000	0.193603	1.642853	0.009705	1.582890	1.567244	1.648507	0.193494	0.406763	1.567244	1.555660	1.642853	0.409647	0.193494	0.203398	1.540907	1.647260	1.515229	0.008822	1.676050	0.203265	0.199344	1.577174	0.000000