EscCo.3_4160_1-72_BeL	0.000000	0.655328	0.042962	0.678365	0.000000	0.371839	0.627028	0.000000	0.346352	0.689157	0.371839	0.063110	0.683135	0.683135
EscCo.4_04609_1-73_BeL	0.655328	0.000000	0.620060	0.083061	0.664748	0.724692	0.889029	0.655328	0.615460	0.088184	0.738004	0.648776	0.084256	0.086836
EscCo.4_04606_1-81_BeL	0.042962	0.620060	0.000000	0.679812	0.046744	0.392225	0.643433	0.042962	0.374317	0.671644	0.403841	0.069478	0.665581	0.666615
EscCo.2_35070_1-76_BeL	0.678365	0.083061	0.679812	0.000000	0.705797	0.707177	0.866512	0.678365	0.635034	0.004591	0.723446	0.699919	0.000000	0.000000
EscCo.1_04345_1-81_NEs	0.000000	0.664748	0.046744	0.705797	0.000000	0.371839	0.619752	0.000000	0.373446	0.698252	0.392076	0.060427	0.692483	0.683135
KlePn.2_48171_1-74_BeL	0.371839	0.724692	0.392225	0.707177	0.371839	0.000000	0.472602	0.371839	0.299740	0.718311	0.000000	0.376557	0.712627	0.712627
EntCo.1_00380_1-80_NEs	0.627028	0.889029	0.643433	0.866512	0.619752	0.472602	0.000000	0.627028	0.510839	0.895901	0.470168	0.602851	0.892870	0.859493
EscCo.53890_1-72	0.000000	0.655328	0.042962	0.678365	0.000000	0.371839	0.627028	0.000000	0.346352	0.689157	0.371839	0.063110	0.683135	0.683135
SalEn.53588_1-82_NEs	0.346352	0.615460	0.374317	0.635034	0.373446	0.299740	0.510839	0.346352	0.000000	0.629060	0.294725	0.368464	0.622378	0.622424
EscCo.1_04344_1-73_NEs	0.689157	0.088184	0.671644	0.004591	0.698252	0.718311	0.895901	0.689157	0.629060	0.000000	0.731751	0.692161	0.004653	0.004787
KlePn.1_00398_1-83_BeL	0.371839	0.738004	0.403841	0.723446	0.392076	0.000000	0.470168	0.371839	0.294725	0.731751	0.000000	0.397742	0.726339	0.712627
EscCo.2_35080_1-81_BeL	0.063110	0.648776	0.069478	0.699919	0.060427	0.376557	0.602851	0.063110	0.368464	0.692161	0.397742	0.000000	0.686268	0.672760
EscCo.3_4159_1-72_NEs	0.683135	0.084256	0.665581	0.000000	0.692483	0.712627	0.892870	0.683135	0.622378	0.004653	0.726339	0.686268	0.000000	0.000000
EscCo.53889_1-70	0.683135	0.086836	0.666615	0.000000	0.683135	0.712627	0.859493	0.683135	0.622424	0.004787	0.712627	0.672760	0.000000	0.000000