EntCo.1_05470_2-138_NEs	0.000000	0.479665	0.639887	0.635916	0.560253	0.548325	0.479665	0.479665	0.479665	0.565341	0.550442	0.479665	0.556998
SalEn.2_MW19441_1-137_NEs	0.479665	0.000000	0.535447	0.541713	0.281661	0.281042	0.000000	0.000000	0.000000	0.296217	0.296261	0.000000	0.220609
KlePn.1_04241_1-137_NEs	0.639887	0.535447	0.000000	0.004895	0.597952	0.600507	0.535447	0.535447	0.535447	0.590907	0.604204	0.535447	0.600400
KlePn.2_30031_1-137_NEs	0.635916	0.541713	0.004895	0.000000	0.609984	0.612622	0.541713	0.541713	0.541713	0.602814	0.616332	0.541713	0.607222
EscCo.3_2036_1-137_NEs	0.560253	0.281661	0.597952	0.609984	0.000000	0.012257	0.281661	0.281661	0.281661	0.017178	0.017181	0.281661	0.307940
EscCo.51928_1-137	0.548325	0.281042	0.600507	0.612622	0.012257	0.000000	0.281042	0.281042	0.281042	0.014731	0.019699	0.281042	0.311079
SalEn.50913_1-137_NEs	0.479665	0.000000	0.535447	0.541713	0.281661	0.281042	0.000000	0.000000	0.000000	0.296217	0.296261	0.000000	0.220609
SalEn.3_1893_1-137_NEs	0.479665	0.000000	0.535447	0.541713	0.281661	0.281042	0.000000	0.000000	0.000000	0.296217	0.296261	0.000000	0.220609
SalEn.11044_1-137_NEs	0.479665	0.000000	0.535447	0.541713	0.281661	0.281042	0.000000	0.000000	0.000000	0.296217	0.296261	0.000000	0.220609
EscCo.1_02164_1-137_NEs	0.565341	0.296217	0.590907	0.602814	0.017178	0.014731	0.296217	0.296217	0.296217	0.000000	0.024649	0.296217	0.315751
EscCo.4_01896_1-137_NEs	0.550442	0.296261	0.604204	0.616332	0.017181	0.019699	0.296261	0.296261	0.296261	0.024649	0.000000	0.296261	0.322996
SalEn.4_19441_1-137_NEs	0.479665	0.000000	0.535447	0.541713	0.281661	0.281042	0.000000	0.000000	0.000000	0.296217	0.296261	0.000000	0.220609
CitRo.1_20121_1-137_NEs	0.556998	0.220609	0.600400	0.607222	0.307940	0.311079	0.220609	0.220609	0.220609	0.315751	0.322996	0.220609	0.000000