EscCo.1_02593_1-583_NEs	0.000000	0.011511	0.009877	0.895770	0.014997	0.950397	0.911213	0.918813	0.957331	0.911213	0.021441	0.015590	0.941896
CitRo.1_36771_1-583_NEs	0.011511	0.000000	0.005789	0.885031	0.005727	0.940853	0.910756	0.909552	0.944218	0.910756	0.016155	0.010919	0.930331
EscCo.3_1990_1-577_NEs	0.009877	0.005789	0.000000	0.880421	0.009282	0.927043	0.893901	0.899577	0.939587	0.893901	0.013962	0.012201	0.916599
SalEn.3_2693_7-588_NEs	0.895770	0.885031	0.880421	0.000000	0.882678	0.109045	0.527197	0.034207	0.157246	0.527197	0.881640	0.882116	0.101757
EscCo.4_03071_1-583_NEs	0.014997	0.005727	0.009282	0.882678	0.000000	0.940473	0.904982	0.905397	0.943518	0.904982	0.016716	0.013239	0.929958
KlePn.1_03334_7-588_NEs	0.950397	0.940853	0.927043	0.109045	0.940473	0.000000	0.531873	0.121179	0.187515	0.531873	0.940933	0.941378	0.029256
SalEn.4_31991_9-588_NEs	0.911213	0.910756	0.893901	0.527197	0.904982	0.531873	0.000000	0.513682	0.504831	0.000000	0.910949	0.907703	0.527034
SalEn.54322_7-588_NEs	0.918813	0.909552	0.899577	0.034207	0.905397	0.121179	0.513682	0.000000	0.160050	0.513682	0.900630	0.904850	0.119098
KlePn.2_14651_3-584_NEs	0.957331	0.944218	0.939587	0.157246	0.943518	0.187515	0.504831	0.160050	0.000000	0.504831	0.942213	0.946555	0.183933
SalEn.2_MW31991_16-595_NEs	0.911213	0.910756	0.893901	0.527197	0.904982	0.531873	0.000000	0.513682	0.504831	0.000000	0.910949	0.907703	0.527034
EscCo.1_02918_1-583_NEs	0.021441	0.016155	0.013962	0.881640	0.016716	0.940933	0.910949	0.900630	0.942213	0.910949	0.000000	0.016741	0.932401
EscCo.1_02114_1-583_NEs	0.015590	0.010919	0.012201	0.882116	0.013239	0.941378	0.907703	0.904850	0.946555	0.907703	0.016741	0.000000	0.930872
SalEn.53417_7-588_NEs	0.941896	0.930331	0.916599	0.101757	0.929958	0.029256	0.527034	0.119098	0.183933	0.527034	0.932401	0.930872	0.000000