CitRo.1_32001_1-117_NEs	0.000000	0.240642	0.236982	0.226621	0.240642	0.166827	0.240642	0.236982	0.231874	0.163227	0.166827	0.166827	0.166827
EscCo.54137_1-112	0.240642	0.000000	0.266689	0.005975	0.005964	0.188770	0.000000	0.266689	0.005975	0.188770	0.188770	0.188770	0.184853
KlePn.2_01381_1-107_BeL	0.236982	0.266689	0.000000	0.257077	0.266689	0.238787	0.266689	0.000000	0.257077	0.238787	0.238787	0.238787	0.234335
EscCo.2_37970_1-114_NEs	0.226621	0.005975	0.257077	0.000000	0.005975	0.180691	0.005975	0.257077	0.000000	0.180691	0.180691	0.180691	0.176816
EscCo.4_04318_1-112_NEs	0.240642	0.005964	0.266689	0.005975	0.000000	0.188770	0.005964	0.266689	0.005975	0.188770	0.188770	0.188770	0.184853
SalEn.3_4261_1-115_NEs	0.166827	0.188770	0.238787	0.180691	0.188770	0.000000	0.188770	0.238787	0.180691	0.002903	0.000000	0.000000	0.005815
EscCo.3_4484_1-112_NEs	0.240642	0.000000	0.266689	0.005975	0.005964	0.188770	0.000000	0.266689	0.005975	0.188770	0.188770	0.188770	0.184853
KlePn.1_02003_1-107_NEs	0.236982	0.266689	0.000000	0.257077	0.266689	0.238787	0.266689	0.000000	0.257077	0.238787	0.238787	0.238787	0.234335
EscCo.1_04615_1-112_NEs	0.231874	0.005975	0.257077	0.000000	0.005975	0.180691	0.005975	0.257077	0.000000	0.180691	0.180691	0.180691	0.176816
SalEn.14094_1-115_NEs	0.163227	0.188770	0.238787	0.180691	0.188770	0.002903	0.188770	0.238787	0.180691	0.000000	0.002903	0.002903	0.002903
SalEn.2_MW42731_1-115_NEs	0.166827	0.188770	0.238787	0.180691	0.188770	0.000000	0.188770	0.238787	0.180691	0.002903	0.000000	0.000000	0.005815
SalEn.4_42731_1-115_NEs	0.166827	0.188770	0.238787	0.180691	0.188770	0.000000	0.188770	0.238787	0.180691	0.002903	0.000000	0.000000	0.005815
SalEn.54375_1-115_NEs	0.166827	0.184853	0.234335	0.176816	0.184853	0.005815	0.184853	0.234335	0.176816	0.002903	0.005815	0.005815	0.000000