SalEn.3_2448_1-666_NEs	0.000000	0.431167	0.579743	0.595861	0.000000	0.578528	0.433604	0.435363	0.010625	0.000000	0.438298	0.433604	0.024081
CitRo.1_24231_1-669_NEs	0.431167	0.000000	0.547683	0.590165	0.431167	0.546984	0.448070	0.438624	0.425631	0.431167	0.452490	0.448070	0.425067
KlePn.2_34671_1-667_NEs	0.579743	0.547683	0.000000	0.614709	0.579743	0.005650	0.602815	0.591507	0.573462	0.579743	0.592313	0.602815	0.577098
EntCo.1_37990_1-648_NEs	0.595861	0.590165	0.614709	0.000000	0.595861	0.612663	0.599469	0.581562	0.595333	0.595861	0.594266	0.599469	0.603614
SalEn.4_25031_1-666_NEs	0.000000	0.431167	0.579743	0.595861	0.000000	0.578528	0.433604	0.435363	0.010625	0.000000	0.438298	0.433604	0.024081
KlePn.1_03771_1-668_NEs	0.578528	0.546984	0.005650	0.612663	0.578528	0.000000	0.604344	0.593024	0.572257	0.578528	0.593827	0.604344	0.575886
EscCo.2_2579_1-671_NEs	0.433604	0.448070	0.602815	0.599469	0.433604	0.604344	0.000000	0.029953	0.427224	0.433604	0.035007	0.000000	0.437582
EscCo.1_02754_1-671_NEs	0.435363	0.438624	0.591507	0.581562	0.435363	0.593024	0.029953	0.000000	0.428956	0.435363	0.032460	0.029953	0.434193
SalEn.12464_1-666_NEs	0.010625	0.425631	0.573462	0.595333	0.010625	0.572257	0.427224	0.428956	0.000000	0.010625	0.433633	0.427224	0.025619
SalEn.2_MW25031_1-666_NEs	0.000000	0.431167	0.579743	0.595861	0.000000	0.578528	0.433604	0.435363	0.010625	0.000000	0.438298	0.433604	0.024081
EscCo.3_01255_1-671_NEs	0.438298	0.452490	0.592313	0.594266	0.438298	0.593827	0.035007	0.032460	0.433633	0.438298	0.000000	0.035007	0.438902
EscCo.42474_1-671_BeL	0.433604	0.448070	0.602815	0.599469	0.433604	0.604344	0.000000	0.029953	0.427224	0.433604	0.035007	0.000000	0.437582
SalEn.50374_1-665_NEs	0.024081	0.425067	0.577098	0.603614	0.024081	0.575886	0.437582	0.434193	0.025619	0.024081	0.438902	0.437582	0.000000