SalEn.2_MW29431_1-366_NEs	0.000000	0.204027	0.216630	0.007310	0.008232	0.000000	0.188286	0.000910	0.201558	0.201558	0.202708	0.214623	0.218214
EscCo.4_00969_1-366_NEs	0.204027	0.000000	0.219587	0.200520	0.207719	0.204027	0.216073	0.202875	0.020252	0.020252	0.021181	0.220465	0.219168
EntCo.1_30440_1-366_NEs	0.216630	0.219587	0.000000	0.216687	0.215243	0.216630	0.209883	0.215454	0.229837	0.229837	0.231033	0.181647	0.182772
SalEn.12824_1-366_NEs	0.007310	0.200520	0.216687	0.000000	0.008233	0.007310	0.187126	0.006394	0.198062	0.198062	0.199208	0.215863	0.219459
SalEn.52888_1-366_NEs	0.008232	0.207719	0.215243	0.008233	0.000000	0.008232	0.183769	0.007314	0.205237	0.205237	0.206391	0.215650	0.219242
SalEn.4_29431_1-366_NEs	0.000000	0.204027	0.216630	0.007310	0.008232	0.000000	0.188286	0.000910	0.201558	0.201558	0.202708	0.214623	0.218214
CitRo.1_28511_1-366_NEs	0.188286	0.216073	0.209883	0.187126	0.183769	0.188286	0.000000	0.187147	0.208802	0.208802	0.209967	0.194574	0.195718
SalEn.3_2960_1-366_NEs	0.000910	0.202875	0.215454	0.006394	0.007314	0.000910	0.187147	0.000000	0.200409	0.200409	0.201558	0.213441	0.217029
EscCo.52806_1-366	0.201558	0.020252	0.229837	0.198062	0.205237	0.201558	0.208802	0.200409	0.000000	0.000000	0.000909	0.214958	0.213666
EscCo.3_2996_1-366_NEs	0.201558	0.020252	0.229837	0.198062	0.205237	0.201558	0.208802	0.200409	0.000000	0.000000	0.000909	0.214958	0.213666
EscCo.1_03139_1-366_NEs	0.202708	0.021181	0.231033	0.199208	0.206391	0.202708	0.209967	0.201558	0.000909	0.000909	0.000000	0.216142	0.214849
KlePn.2_38041_1-366_NEs	0.214623	0.220465	0.181647	0.215863	0.215650	0.214623	0.194574	0.213441	0.214958	0.214958	0.216142	0.000000	0.004591
KlePn.1_01500_1-366_NEs	0.218214	0.219168	0.182772	0.219459	0.219242	0.218214	0.195718	0.217029	0.213666	0.213666	0.214849	0.004591	0.000000