KlePn.2_14701_1-67_NEs	0.000000	0.793759	0.799945	0.812509	0.010092	0.793759	0.120731	0.781414	0.132579	0.126729	0.799945	0.787453
EscCo.3_03076_1-66_NEs	0.793759	0.000000	0.010159	0.025631	0.825107	0.000000	0.759222	0.005053	0.767564	0.754993	0.010159	0.015293
EscCo.1_02598_1-66_NEs	0.799945	0.010159	0.000000	0.025713	0.831673	0.010159	0.764811	0.005069	0.773325	0.760605	0.000000	0.015341
EscCo.2_1995_1-66_NEs	0.812509	0.025631	0.025713	0.000000	0.844421	0.025631	0.776755	0.020461	0.785485	0.772678	0.025713	0.020387
KlePn.1_03339_1-68_NEs	0.010092	0.825107	0.831673	0.844421	0.000000	0.825107	0.115352	0.812585	0.133048	0.127176	0.831673	0.818997
EscCo.3_05018_1-66_NEs	0.793759	0.000000	0.010159	0.025631	0.825107	0.000000	0.759222	0.005053	0.767564	0.754993	0.010159	0.015293
SalEn.53422_1-67_NEs	0.120731	0.759222	0.764811	0.776755	0.115352	0.759222	0.000000	0.747473	0.086829	0.081197	0.764811	0.752933
EscCo.1_02913_1-66_NEs	0.781414	0.005053	0.005069	0.020461	0.812585	0.005053	0.747473	0.000000	0.755608	0.743121	0.005069	0.010173
SalEn.3_2688_1-67_NEs	0.132579	0.767564	0.773325	0.785485	0.133048	0.767564	0.086829	0.755608	0.000000	0.005008	0.773325	0.761233
SalEn.54316_1-67_NEs	0.126729	0.754993	0.760605	0.772678	0.127176	0.754993	0.081197	0.743121	0.005008	0.000000	0.760605	0.748602
EscCo.1_02119_1-66_NEs	0.799945	0.010159	0.000000	0.025713	0.831673	0.010159	0.764811	0.005069	0.773325	0.760605	0.000000	0.015341
CitRo.1_36721_1-66_NEs	0.787453	0.015293	0.015341	0.020387	0.818997	0.015293	0.752933	0.010173	0.761233	0.748602	0.015341	0.000000