SalEn.2_MW39641_1-928_Ess	0.000000	0.000000	0.000000	0.221319	0.220988	0.199479	0.220573	0.007945	0.219210	0.248479	0.005047	0.246415	0.221537
SalEn.3_3947_1-928_Ess	0.000000	0.000000	0.000000	0.221319	0.220988	0.199479	0.220573	0.007945	0.219210	0.248479	0.005047	0.246415	0.221537
SalEn.4_39641_1-928_Ess	0.000000	0.000000	0.000000	0.221319	0.220988	0.199479	0.220573	0.007945	0.219210	0.248479	0.005047	0.246415	0.221537
EscCo.2_34760_1-928_Ess	0.221319	0.221319	0.221319	0.000000	0.016333	0.191763	0.006847	0.220317	0.007931	0.231243	0.218229	0.228769	0.006486
EscCo.4_04638_1-928_NEs	0.220988	0.220988	0.220988	0.016333	0.000000	0.189302	0.015226	0.219518	0.015597	0.229108	0.217903	0.226637	0.015221
CitRo.1_38971_1-928_NEs	0.199479	0.199479	0.199479	0.191763	0.189302	0.000000	0.189353	0.197595	0.187482	0.217215	0.198926	0.216205	0.188242
EscCo.53863_1-928	0.220573	0.220573	0.220573	0.006847	0.015226	0.189353	0.000000	0.219103	0.004676	0.230130	0.218573	0.227661	0.006844
SalEn.53621_1-928_Ess	0.007945	0.007945	0.007945	0.220317	0.219518	0.197595	0.219103	0.000000	0.217742	0.249927	0.007946	0.247860	0.220066
EscCo.1_04313_1-928_Ess	0.219210	0.219210	0.219210	0.007931	0.015597	0.187482	0.004676	0.217742	0.000000	0.228148	0.217213	0.225684	0.006120
KlePn.2_48041_1-930_NEs	0.248479	0.248479	0.248479	0.231243	0.229108	0.217215	0.230130	0.249927	0.228148	0.000000	0.247372	0.002883	0.229177
SalEn.13788_1-928_Ess	0.005047	0.005047	0.005047	0.218229	0.217903	0.198926	0.218573	0.007946	0.217213	0.247372	0.000000	0.245311	0.219535
KlePn.1_00414_1-930_Ess	0.246415	0.246415	0.246415	0.228769	0.226637	0.216205	0.227661	0.247860	0.225684	0.002883	0.245311	0.000000	0.226710
EscCo.3_4133_1-928_Ess	0.221537	0.221537	0.221537	0.006486	0.015221	0.188242	0.006844	0.220066	0.006120	0.229177	0.219535	0.226710	0.000000