SalEn.4_34611_1-200_NEs	0.000000	0.255324	0.257703	1.541273	0.000000	0.025417	0.285009	0.392340	0.252470	0.013479	0.395256	0.257690	0.000000
EscCo.1_03783_1-200_NEs	0.255324	0.000000	0.011750	1.424026	0.255324	0.243527	0.053546	0.386708	0.269998	0.240885	0.384143	0.013411	0.255324
EscCo.53361_1-200	0.257703	0.011750	0.000000	1.402644	0.257703	0.245873	0.051769	0.397862	0.280454	0.243221	0.395275	0.006696	0.257703
KlePn.2_37251_7-194_NEs	1.541273	1.424026	1.402644	0.000000	1.541273	1.522467	1.397698	1.741911	1.532942	1.507992	1.718133	1.413031	1.541273
SalEn.3_3437_1-200_BeL	0.000000	0.255324	0.257703	1.541273	0.000000	0.025417	0.285009	0.392340	0.252470	0.013479	0.395256	0.257690	0.000000
SalEn.13297_1-200_NEs	0.025417	0.243527	0.245873	1.522467	0.025417	0.000000	0.277536	0.390409	0.236536	0.021989	0.393326	0.245861	0.025417
EscCo.4_00333_1-200_NEs	0.285009	0.053546	0.051769	1.397698	0.285009	0.277536	0.000000	0.398033	0.298955	0.274742	0.395445	0.055324	0.285009
KlePn.1_00839_1-200_NEs	0.392340	0.386708	0.397862	1.741911	0.392340	0.390409	0.398033	0.000000	0.377009	0.384138	0.010097	0.397836	0.392340
CitRo.1_44481_1-200_NEs	0.252470	0.269998	0.280454	1.532942	0.252470	0.236536	0.298955	0.377009	0.000000	0.245427	0.388360	0.277216	0.252470
SalEn.54035_1-200_NEs	0.013479	0.240885	0.243221	1.507992	0.013479	0.021989	0.274742	0.384138	0.245427	0.000000	0.387030	0.243209	0.013479
KlePn.2_43841_1-200_BeL	0.395256	0.384143	0.395275	1.718133	0.395256	0.393326	0.395445	0.010097	0.388360	0.387030	0.000000	0.395250	0.395256
EscCo.3_3612_1-200_NEs	0.257690	0.013411	0.006696	1.413031	0.257690	0.245861	0.055324	0.397836	0.277216	0.243209	0.395250	0.000000	0.257690
SalEn.2_MW34611_1-200_BeL	0.000000	0.255324	0.257703	1.541273	0.000000	0.025417	0.285009	0.392340	0.252470	0.013479	0.395256	0.257690	0.000000