SalEn.2_MW41261_4-466_NEs	0.000000	0.007969	0.010885	0.510849	0.512191	0.000000	0.420232	0.416854	0.000000	0.418561	0.381714	0.409619	0.415884
SalEn.13959_4-465_NEs	0.007969	0.000000	0.010149	0.517476	0.518830	0.007969	0.421466	0.418073	0.007969	0.419787	0.385853	0.410814	0.417104
SalEn.53458_4-465_NEs	0.010885	0.010149	0.000000	0.516138	0.517491	0.010885	0.418331	0.412532	0.010885	0.414231	0.383482	0.405315	0.411550
KlePn.1_01856_4-463_NEs	0.510849	0.517476	0.516138	0.000000	0.002195	0.509365	0.528146	0.509963	0.509365	0.511194	0.499051	0.509984	0.509915
KlePn.2_50001_4-463_NEs	0.512191	0.518830	0.517491	0.002195	0.000000	0.510708	0.529546	0.512860	0.510708	0.514094	0.501739	0.512890	0.512821
SalEn.3_4112_4-465_NEs	0.000000	0.007969	0.010885	0.509365	0.510708	0.000000	0.418755	0.415379	0.000000	0.417085	0.381473	0.408139	0.414403
EscCo.54003_4-465	0.420232	0.421466	0.418331	0.528146	0.529546	0.418755	0.000000	0.148413	0.418755	0.163201	0.400813	0.161524	0.165273
EscCo.1_04469_4-458_NEs	0.416854	0.418073	0.412532	0.509963	0.512860	0.415379	0.148413	0.000000	0.415379	0.016984	0.400585	0.016998	0.022263
SalEn.4_41261_4-465_NEs	0.000000	0.007969	0.010885	0.509365	0.510708	0.000000	0.418755	0.415379	0.000000	0.417085	0.381473	0.408139	0.414403
EscCo.3_4262A_4-458_NEs	0.418561	0.419787	0.414231	0.511194	0.514094	0.417085	0.163201	0.016984	0.417085	0.000000	0.401581	0.028275	0.021508
CitRo.1_37491_1-467_NEs	0.381714	0.385853	0.383482	0.499051	0.501739	0.381473	0.400813	0.400585	0.381473	0.401581	0.000000	0.392931	0.395984
EscCo.2_36280_4-458_NEs	0.409619	0.410814	0.405315	0.509984	0.512890	0.408139	0.161524	0.016998	0.408139	0.028275	0.392931	0.000000	0.027577
EscCo.4_04491_4-458_NEs	0.415884	0.417104	0.411550	0.509915	0.512821	0.414403	0.165273	0.022263	0.414403	0.021508	0.395984	0.027577	0.000000