EntCo.1_35000_1-333_NEs	0.000000	0.321009	0.321009	0.253889	0.284404	0.319471	0.252717	0.283854	0.317386	0.321009	0.288280	0.284993	0.282988
SalEn.3_3350_1-334_NEs	0.321009	0.000000	0.000000	0.349265	0.252858	0.006992	0.340653	0.256411	0.008005	0.000000	0.269029	0.254795	0.249198
SalEn.4_33751_1-334_NEs	0.321009	0.000000	0.000000	0.349265	0.252858	0.006992	0.340653	0.256411	0.008005	0.000000	0.269029	0.254795	0.249198
KlePn.2_43021_1-333_NEs	0.253889	0.349265	0.349265	0.000000	0.278817	0.344520	0.014268	0.285871	0.342304	0.349265	0.284586	0.287540	0.286017
CitRo.1_45621_1-334_NEs	0.284404	0.252858	0.252858	0.278817	0.000000	0.256999	0.277194	0.272019	0.251417	0.252858	0.286370	0.273138	0.269855
SalEn.13211_1-334_NEs	0.319471	0.006992	0.006992	0.344520	0.256999	0.000000	0.335958	0.259144	0.013042	0.006992	0.268984	0.257521	0.249156
KlePn.1_00945_1-333_NEs	0.252717	0.340653	0.340653	0.014268	0.277194	0.335958	0.000000	0.287591	0.333781	0.340653	0.289207	0.289265	0.290645
EscCo.1_02205_1-334_NEs	0.283854	0.256411	0.256411	0.285871	0.272019	0.259144	0.287591	0.000000	0.259107	0.256411	0.015094	0.017153	0.020184
SalEn.53292_1-334_NEs	0.317386	0.008005	0.008005	0.342304	0.251417	0.013042	0.333781	0.259107	0.000000	0.008005	0.271756	0.260260	0.254632
SalEn.2_MW33751_1-334_NEs	0.321009	0.000000	0.000000	0.349265	0.252858	0.006992	0.340653	0.256411	0.008005	0.000000	0.269029	0.254795	0.249198
EscCo.51971_1-334	0.288280	0.269029	0.269029	0.284586	0.286370	0.268984	0.289207	0.015094	0.271756	0.269029	0.000000	0.022238	0.023255
EscCo.3_2071_1-334_NEs	0.284993	0.254795	0.254795	0.287540	0.273138	0.257521	0.289265	0.017153	0.260260	0.254795	0.022238	0.000000	0.011037
EscCo.4_01855_1-334_NEs	0.282988	0.249198	0.249198	0.286017	0.269855	0.249156	0.290645	0.020184	0.254632	0.249198	0.023255	0.011037	0.000000