KlePn.2_04711_2-554_NEs	0.000000	0.131000	1.041584	0.001819	1.007414	0.130716	0.129459	0.138661	1.004163	1.041584	0.125794	1.017685	0.137676	1.004163	1.040568	0.980428	0.139070	0.121482	0.135241	0.999688	0.137944	1.002416	1.041584	1.004163
SalEn.2_MW45241_5-555_NEs	0.131000	0.000000	1.062883	0.131506	1.077015	0.000000	0.000607	0.122783	1.078528	1.062883	0.004869	1.082085	0.121631	1.078528	1.066551	0.989844	0.119959	0.012228	0.119528	1.065017	0.117030	1.076232	1.062883	1.078528
EscCo.3_3603_1-633_NEs	1.041584	1.062883	0.000000	1.047577	0.195959	1.051300	1.057731	1.056979	0.176632	0.000000	1.061700	0.198026	1.048689	0.176632	0.018613	0.210514	1.062184	1.058578	1.057992	0.178592	1.053496	0.177200	0.002631	0.176632
KlePn.1_02324_3-555_NEs	0.001819	0.131506	1.047577	0.000000	1.015467	0.131508	0.130507	0.140596	1.007186	1.047577	0.126828	1.025855	0.139460	1.007186	1.046564	0.988177	0.140859	0.122501	0.137176	1.002681	0.139879	1.005424	1.047577	1.007186
KlePn.1_00848_1-633_NEs	1.007414	1.077015	0.195959	1.015467	0.000000	1.065029	1.071609	1.091640	0.196136	0.195959	1.068588	0.004249	1.082817	0.196136	0.196332	0.202058	1.086092	1.068521	1.077761	0.195968	1.087397	0.198776	0.197358	0.196136
SalEn.4_45241_4-554_NEs	0.130716	0.000000	1.051300	0.131508	1.065029	0.000000	0.000606	0.122069	1.066504	1.051300	0.004859	1.070040	0.121371	1.066504	1.057207	0.979074	0.119703	0.012204	0.118815	1.053181	0.116322	1.064262	1.051300	1.066504
SalEn.3_4508_2-554_NEs	0.129459	0.000607	1.057731	0.130507	1.071609	0.000606	0.000000	0.121103	1.073097	1.057731	0.004235	1.076626	0.120169	1.073097	1.063651	0.985417	0.118513	0.011546	0.117857	1.059741	0.115374	1.070837	1.057731	1.073097
EscCo.1_04860_3-555_NEs	0.138661	0.122783	1.056979	0.140596	1.091640	0.122069	0.121103	0.000000	1.078987	1.056979	0.120332	1.097038	0.000601	1.078987	1.038908	1.029187	0.018844	0.121096	0.028108	1.076762	0.015741	1.087142	1.051926	1.078987
SalEn.4_34511_1-634_BeL	1.004163	1.078528	0.176632	1.007186	0.196136	1.066504	1.073097	1.078987	0.000000	0.176632	1.074853	0.198891	1.070257	0.000000	0.174655	0.202661	1.086989	1.072444	1.065897	0.009000	1.080612	0.018107	0.177981	0.000000
EscCo.53352_1-633	1.041584	1.062883	0.000000	1.047577	0.195959	1.051300	1.057731	1.056979	0.176632	0.000000	1.061700	0.198026	1.048689	0.176632	0.018613	0.210514	1.062184	1.058578	1.057992	0.178592	1.053496	0.177200	0.002631	0.176632
SalEn.14337_2-554_NEs	0.125794	0.004869	1.061700	0.126828	1.068588	0.004859	0.004235	0.120332	1.074853	1.061700	0.000000	1.073582	0.119401	1.074853	1.067649	0.989100	0.117748	0.009707	0.119915	1.061454	0.114611	1.072583	1.061700	1.074853
KlePn.2_43751_1-633_BeL	1.017685	1.082085	0.198026	1.025855	0.004249	1.070040	1.076626	1.097038	0.198891	0.198026	1.073582	0.000000	1.088165	0.198891	0.198397	0.201589	1.091461	1.073515	1.083112	0.198720	1.092776	0.201537	0.199428	0.198891
EscCo.3_4746_2-554_NEs	0.137676	0.121631	1.048689	0.139460	1.082817	0.121371	0.120169	0.000601	1.070257	1.048689	0.119401	1.088165	0.000000	1.070257	1.035752	1.020999	0.018198	0.120162	0.027542	1.068070	0.015160	1.078360	1.043679	1.070257
SalEn.2_MW34511_1-634_BeL	1.004163	1.078528	0.176632	1.007186	0.196136	1.066504	1.073097	1.078987	0.000000	0.176632	1.074853	0.198891	1.070257	0.000000	0.174655	0.202661	1.086989	1.072444	1.065897	0.009000	1.080612	0.018107	0.177981	0.000000
EscCo.4_00342_1-633_NEs	1.040568	1.066551	0.018613	1.046564	0.196332	1.057207	1.063651	1.038908	0.174655	0.018613	1.067649	0.198397	1.035752	0.174655	0.000000	0.208052	1.059137	1.059444	1.054963	0.176612	1.050485	0.175224	0.017003	0.174655
EntCo.1_25530_1-633_NEs	0.980428	0.989844	0.210514	0.988177	0.202058	0.979074	0.985417	1.029187	0.202661	0.210514	0.989100	0.201589	1.020999	0.202661	0.208052	0.000000	1.021666	0.986276	1.016667	0.203467	1.018261	0.200608	0.209166	0.202661
EscCo.54391_2-554	0.139070	0.119959	1.062184	0.140859	1.086092	0.119703	0.118513	0.018844	1.086989	1.062184	0.117748	1.091461	0.018198	1.086989	1.059137	1.021666	0.000000	0.119912	0.021365	1.084740	0.007850	1.090006	1.057125	1.086989
SalEn.54620_2-554_NEs	0.121482	0.012228	1.058578	0.122501	1.068521	0.012204	0.011546	0.121096	1.072444	1.058578	0.009707	1.073515	0.120162	1.072444	1.059444	0.986276	0.119912	0.000000	0.119264	1.059102	0.116773	1.067209	1.058578	1.072444
EscCo.4_04003_3-555_NEs	0.135241	0.119528	1.057992	0.137176	1.077761	0.118815	0.117857	0.028108	1.065897	1.057992	0.119915	1.083112	0.027542	1.065897	1.054963	1.016667	0.021365	0.119264	0.000000	1.063735	0.016399	1.063721	1.057992	1.065897
SalEn.13287_1-634_NEs	0.999688	1.065017	0.178592	1.002681	0.195968	1.053181	1.059741	1.076762	0.009000	0.178592	1.061454	0.198720	1.068070	0.009000	0.176612	0.203467	1.084740	1.059102	1.063735	0.000000	1.078382	0.017568	0.179944	0.009000
EscCo.2_40400_3-555_NEs	0.137944	0.117030	1.053496	0.139879	1.087397	0.116322	0.115374	0.015741	1.080612	1.053496	0.114611	1.092776	0.015160	1.080612	1.050485	1.018261	0.007850	0.116773	0.016399	1.078382	0.000000	1.083636	1.048456	1.080612
SalEn.54046_1-634_NEs	1.002416	1.076232	0.177200	1.005424	0.198776	1.064262	1.070837	1.087142	0.018107	0.177200	1.072583	0.201537	1.078360	0.018107	0.175224	0.200608	1.090006	1.067209	1.063721	0.017568	1.083636	0.000000	0.178550	0.018107
EscCo.1_03774_1-633_BeL	1.041584	1.062883	0.002631	1.047577	0.197358	1.051300	1.057731	1.051926	0.177981	0.002631	1.061700	0.199428	1.043679	0.177981	0.017003	0.209166	1.057125	1.058578	1.057992	0.179944	1.048456	0.178550	0.000000	0.177981
SalEn.3_3426_1-634_BeL	1.004163	1.078528	0.176632	1.007186	0.196136	1.066504	1.073097	1.078987	0.000000	0.176632	1.074853	0.198891	1.070257	0.000000	0.174655	0.202661	1.086989	1.072444	1.065897	0.009000	1.080612	0.018107	0.177981	0.000000