SalEn.3_3331_1-312_NEs	0.000000	0.173229	0.000000	0.000000	0.159582	0.008588	0.162302	0.196632	0.193868	0.143197	0.157076	0.159582	0.007511
EntCo.1_34800_1-312_NEs	0.173229	0.000000	0.173229	0.173229	0.153157	0.177279	0.157169	0.194413	0.197186	0.154551	0.157159	0.154472	0.170629
SalEn.2_MW33571_1-312_NEs	0.000000	0.173229	0.000000	0.000000	0.159582	0.008588	0.162302	0.196632	0.193868	0.143197	0.157076	0.159582	0.007511
SalEn.4_33571_1-312_NEs	0.000000	0.173229	0.000000	0.000000	0.159582	0.008588	0.162302	0.196632	0.193868	0.143197	0.157076	0.159582	0.007511
EscCo.3_3497_1-312_NEs	0.159582	0.153157	0.159582	0.159582	0.000000	0.164856	0.013973	0.200449	0.200449	0.130850	0.009652	0.001067	0.162271
SalEn.53274_1-312_NEs	0.008588	0.177279	0.008588	0.008588	0.164856	0.000000	0.167595	0.196353	0.193595	0.145584	0.162339	0.164856	0.007502
EscCo.4_00463_1-312_NEs	0.162302	0.157169	0.162302	0.162302	0.013973	0.167595	0.000000	0.196437	0.196437	0.138536	0.012900	0.012892	0.165001
KlePn.1_00962_1-312_NEs	0.196632	0.194413	0.196632	0.196632	0.200449	0.196353	0.196437	0.000000	0.002146	0.187140	0.201967	0.199084	0.195035
KlePn.2_42851_1-312_NEs	0.193868	0.197186	0.193868	0.193868	0.200449	0.193595	0.196437	0.002146	0.000000	0.188523	0.201967	0.199084	0.192279
CitRo.1_45871_1-312_NEs	0.143197	0.154551	0.143197	0.143197	0.130850	0.145584	0.138536	0.187140	0.188523	0.000000	0.132190	0.130850	0.141762
EscCo.1_03673_1-312_NEs	0.157076	0.157159	0.157076	0.157076	0.009652	0.162339	0.012900	0.201967	0.201967	0.132190	0.000000	0.008575	0.159759
EscCo.53236_1-312	0.159582	0.154472	0.159582	0.159582	0.001067	0.164856	0.012892	0.199084	0.199084	0.130850	0.008575	0.000000	0.162271
SalEn.13192_1-312_NEs	0.007511	0.170629	0.007511	0.007511	0.162271	0.007502	0.165001	0.195035	0.192279	0.141762	0.159759	0.162271	0.000000