SalEn.2_MW37461_72-955_BeL	0.000000	1.509830	1.535981	1.539223	0.650694	0.000000	0.004535	0.000000	1.535981	1.557199	1.530849	1.971325
CitRo.1_11971_25-960_NEs	1.509830	0.000000	0.627260	0.124638	1.542938	1.509830	1.504882	1.509830	0.626181	0.121409	0.628667	1.870645
EscCo.3_1306_32-955_NEs	1.535981	0.627260	0.000000	0.607355	1.447555	1.535981	1.533271	1.535981	0.000360	0.625957	0.003608	1.739514
CitRo.1_16841_15-945_NEs	1.539223	0.124638	0.607355	0.000000	1.616599	1.539223	1.536207	1.539223	0.606317	0.110173	0.607121	1.761648
CitRo.1_38761_58-920_NEs	0.650694	1.542938	1.447555	1.616599	0.000000	0.650694	0.652196	0.650694	1.451911	1.544315	1.469616	1.916730
SalEn.3_3723_72-955_NEs	0.000000	1.509830	1.535981	1.539223	0.650694	0.000000	0.004535	0.000000	1.535981	1.557199	1.530849	1.971325
SalEn.13580_72-955_NEs	0.004535	1.504882	1.533271	1.536207	0.652196	0.004535	0.000000	0.004535	1.533271	1.556357	1.528166	1.975896
SalEn.4_37461_72-955_BeL	0.000000	1.509830	1.535981	1.539223	0.650694	0.000000	0.004535	0.000000	1.535981	1.557199	1.530849	1.971325
EscCo.51202_32-955	1.535981	0.626181	0.000360	0.606317	1.451911	1.535981	1.533271	1.535981	0.000000	0.624890	0.003246	1.736374
CitRo.1_11911_8-945_NEs	1.557199	0.121409	0.625957	0.110173	1.544315	1.557199	1.556357	1.557199	0.624890	0.000000	0.625735	1.862620
EscCo.1_01379_32-955_NEs	1.530849	0.628667	0.003608	0.607121	1.469616	1.530849	1.528166	1.530849	0.003246	0.625735	0.000000	1.749754
CitRo.1_03611_60-937_BeL	1.971325	1.870645	1.739514	1.761648	1.916730	1.971325	1.975896	1.971325	1.736374	1.862620	1.749754	0.000000