KlePn.2_09041_1-286_NEs	0.000000	0.003522	0.232087	0.284766	0.230525	0.278396	0.238857	0.225356	0.278123	0.278123	0.231864	0.278123	0.225847	0.227208
KlePn.1_02767_1-286_NEs	0.003522	0.000000	0.237022	0.286710	0.235451	0.280324	0.243905	0.230243	0.280050	0.280050	0.236793	0.280050	0.230747	0.226995
EscCo.2_45670_7-292_Ess	0.232087	0.237022	0.000000	0.229347	0.008182	0.231199	0.262295	0.017670	0.232107	0.232107	0.007023	0.232107	0.010550	0.200224
SalEn.52395_1-286_NEs	0.284766	0.286710	0.229347	0.000000	0.229340	0.008202	0.288654	0.227721	0.009372	0.009372	0.229174	0.009372	0.224707	0.202815
EscCo.1_00484_1-286_NEs	0.230525	0.235451	0.008182	0.229340	0.000000	0.231192	0.262277	0.018860	0.232101	0.232101	0.010556	0.232101	0.007020	0.198688
SalEn.10446_1-286_NEs	0.278396	0.280324	0.231199	0.008202	0.231192	0.000000	0.288427	0.229568	0.010560	0.010560	0.231025	0.010560	0.226546	0.201534
EntCo.1_22900_1-286_NEs	0.238857	0.243905	0.262295	0.288654	0.262277	0.288427	0.000000	0.262248	0.292115	0.292115	0.266929	0.292115	0.263947	0.251866
EscCo.4_03526_1-286_NEs	0.225356	0.230243	0.017670	0.227721	0.018860	0.229568	0.262248	0.000000	0.227344	0.227344	0.017657	0.227344	0.016484	0.190770
SalEn.4_05351_1-286_NEs	0.278123	0.280050	0.232107	0.009372	0.232101	0.010560	0.292115	0.227344	0.000000	0.000000	0.231933	0.000000	0.227463	0.199819
SalEn.3_0458_1-286_NEs	0.278123	0.280050	0.232107	0.009372	0.232101	0.010560	0.292115	0.227344	0.000000	0.000000	0.231933	0.000000	0.227463	0.199819
EscCo.50452_1-286	0.231864	0.236793	0.007023	0.229174	0.010556	0.231025	0.266929	0.017657	0.231933	0.231933	0.000000	0.231933	0.010557	0.203078
SalEn.2_MW05351_1-286_NEs	0.278123	0.280050	0.232107	0.009372	0.232101	0.010560	0.292115	0.227344	0.000000	0.000000	0.231933	0.000000	0.227463	0.199819
EscCo.3_0505_1-286_NEs	0.225847	0.230747	0.010550	0.224707	0.007020	0.226546	0.263947	0.016484	0.227463	0.227463	0.010557	0.227463	0.000000	0.195704
CitRo.1_05081_1-286_NEs	0.227208	0.226995	0.200224	0.202815	0.198688	0.201534	0.251866	0.190770	0.199819	0.199819	0.203078	0.199819	0.195704	0.000000