CitRo.1_46221_1-188_NEs	0.000000	0.178164	0.176128	0.295997	0.195329	0.298626	0.176128	0.202129	0.197589	0.178549	0.175940	0.256943	0.200089
SalEn.13149_1-188_NEs	0.178164	0.000000	0.010718	0.301468	0.170692	0.304113	0.010718	0.175046	0.170732	0.012528	0.005337	0.229338	0.173105
SalEn.2_MW33151_1-188_NEs	0.176128	0.010718	0.000000	0.303542	0.173053	0.306187	0.000000	0.177421	0.173093	0.001777	0.005343	0.224846	0.175477
KlePn.1_00990_1-188_NEs	0.295997	0.301468	0.303542	0.000000	0.304602	0.001779	0.303542	0.301962	0.307237	0.306572	0.301468	0.297718	0.305086
EscCo.3_3463_1-188_NEs	0.195329	0.170692	0.173053	0.304602	0.000000	0.307237	0.173053	0.005318	0.003543	0.175422	0.172872	0.239684	0.007106
KlePn.2_42581_1-188_NEs	0.298626	0.304113	0.306187	0.001779	0.307237	0.000000	0.306187	0.304589	0.309878	0.309228	0.304113	0.300366	0.307726
SalEn.4_33151_1-188_NEs	0.176128	0.010718	0.000000	0.303542	0.173053	0.306187	0.000000	0.177421	0.173093	0.001777	0.005343	0.224846	0.175477
EscCo.53198_1-188	0.202129	0.175046	0.177421	0.301962	0.005318	0.304589	0.177421	0.000000	0.008883	0.179806	0.177236	0.239675	0.012472
EscCo.1_03640_1-188_NEs	0.197589	0.170732	0.173093	0.307237	0.003543	0.309878	0.173093	0.008883	0.000000	0.175463	0.172913	0.239746	0.007108
SalEn.3_3288_1-188_NEs	0.178549	0.012528	0.001777	0.306572	0.175422	0.309228	0.001777	0.179806	0.175463	0.000000	0.007138	0.227477	0.177858
SalEn.53233_1-188_NEs	0.175940	0.005337	0.005343	0.301468	0.172872	0.304113	0.005343	0.177236	0.172913	0.007138	0.000000	0.222227	0.175293
EntCo.1_34350_6-193_NEs	0.256943	0.229338	0.224846	0.297718	0.239684	0.300366	0.224846	0.239675	0.239746	0.227477	0.222227	0.000000	0.240103
EscCo.4_00494_1-188_NEs	0.200089	0.173105	0.175477	0.305086	0.007106	0.307726	0.175477	0.012472	0.007108	0.177858	0.175293	0.240103	0.000000