EscCo.3_3465_1-185_Ess	0.000000	0.162468	0.007216	0.174109	0.001799	0.003606	0.176344	0.252312	0.224068	0.249853	0.174109	0.190634	0.174109
CitRo.1_46201_1-184_Ess	0.162468	0.000000	0.162379	0.138141	0.164728	0.162696	0.135914	0.201033	0.187360	0.201033	0.138141	0.146656	0.138141
EscCo.4_00492_1-185_Ess	0.007216	0.162379	0.000000	0.171784	0.009029	0.007224	0.174013	0.254776	0.223937	0.252312	0.171784	0.188090	0.171784
SalEn.2_MW33171_1-184_Ess	0.174109	0.138141	0.171784	0.000000	0.176402	0.174356	0.001814	0.197458	0.182520	0.197458	0.000000	0.007791	0.000000
EscCo.1_03642_1-185_Ess	0.001799	0.164728	0.009029	0.176402	0.000000	0.005415	0.178642	0.254868	0.226495	0.252403	0.176402	0.193139	0.176402
EscCo.53200_1-185	0.003606	0.162696	0.007224	0.174356	0.005415	0.000000	0.176594	0.252705	0.221414	0.250241	0.174356	0.190929	0.174356
SalEn.13151_1-184_Ess	0.176344	0.135914	0.174013	0.001814	0.178642	0.176594	0.000000	0.199796	0.184790	0.199796	0.001814	0.005836	0.001814
KlePn.2_42601_1-181_Ess	0.252312	0.201033	0.254776	0.197458	0.254868	0.252705	0.199796	0.000000	0.222779	0.001848	0.197458	0.208227	0.197458
EntCo.1_34370_1-184_Ess	0.224068	0.187360	0.223937	0.182520	0.226495	0.221414	0.184790	0.222779	0.000000	0.222779	0.182520	0.194308	0.182520
KlePn.1_00988_1-181_Ess	0.249853	0.201033	0.252312	0.197458	0.252403	0.250241	0.199796	0.001848	0.222779	0.000000	0.197458	0.208227	0.197458
SalEn.4_33171_1-184_Ess	0.174109	0.138141	0.171784	0.000000	0.176402	0.174356	0.001814	0.197458	0.182520	0.197458	0.000000	0.007791	0.000000
SalEn.53235_1-172_Ess	0.190634	0.146656	0.188090	0.007791	0.193139	0.190929	0.005836	0.208227	0.194308	0.208227	0.007791	0.000000	0.007791
SalEn.3_3290_1-184_Ess	0.174109	0.138141	0.171784	0.000000	0.176402	0.174356	0.001814	0.197458	0.182520	0.197458	0.000000	0.007791	0.000000