EntCo.1_07720_1-117_NEs	0.000000	0.245364	0.266585	0.266585	0.257065	0.266585	0.249260	0.297202	0.266585	0.275208	0.263000	0.297202	0.249824
EscCo.1_01401_1-117_NEs	0.245364	0.000000	0.245176	0.241185	0.017255	0.241185	0.011472	0.310013	0.241185	0.245742	0.258878	0.305841	0.005708
SalEn.11270_1-117_NEs	0.266585	0.245176	0.000000	0.002845	0.240071	0.002845	0.237338	0.291817	0.002845	0.005707	0.242097	0.287733	0.245742
SalEn.4_17611_1-117_NEs	0.266585	0.241185	0.002845	0.000000	0.236120	0.000000	0.233380	0.295898	0.000000	0.008573	0.242097	0.291799	0.241740
EscCo.3_02621_1-117_NEs	0.257065	0.017255	0.240071	0.236120	0.000000	0.236120	0.011468	0.308325	0.236120	0.240620	0.266819	0.304181	0.017287
SalEn.3_1697_1-117_NEs	0.266585	0.241185	0.002845	0.000000	0.236120	0.000000	0.233380	0.295898	0.000000	0.008573	0.242097	0.291799	0.241740
EscCo.41219_1-117	0.249260	0.011472	0.237338	0.233380	0.011468	0.233380	0.000000	0.314199	0.233380	0.237883	0.258893	0.310013	0.005710
KlePn.2_28191_1-117_NEs	0.297202	0.310013	0.291817	0.295898	0.308325	0.295898	0.314199	0.000000	0.295898	0.296615	0.230066	0.002883	0.314956
SalEn.2_MW17611_1-117_NEs	0.266585	0.241185	0.002845	0.000000	0.236120	0.000000	0.233380	0.295898	0.000000	0.008573	0.242097	0.291799	0.241740
SalEn.51678_1-117_NEs	0.275208	0.245742	0.005707	0.008573	0.240620	0.008573	0.237883	0.296615	0.008573	0.000000	0.246479	0.292504	0.246311
CitRo.1_17931_1-117_NEs	0.263000	0.258878	0.242097	0.242097	0.266819	0.242097	0.258893	0.230066	0.242097	0.246479	0.000000	0.230066	0.259487
KlePn.1_04443_1-117_NEs	0.297202	0.305841	0.287733	0.291799	0.304181	0.291799	0.310013	0.002883	0.291799	0.292504	0.230066	0.000000	0.310756
EscCo.2_1326_1-117_NEs	0.249824	0.005708	0.245742	0.241740	0.017287	0.241740	0.005710	0.314956	0.241740	0.246311	0.259487	0.310756	0.000000