EntCo.1_01540_1-400_BeL	0.000000	0.229189	1.482779	0.213456	1.513877	0.229204	1.482779	0.245648	1.365440	0.214562	0.228975	1.358643	1.496096	0.228975	1.487138
EscCo.1_03992_1-403_NEs	0.229189	0.000000	1.370276	0.265574	1.391058	0.224633	1.370276	0.069759	1.321259	0.265581	0.023643	1.311732	1.382638	0.023643	1.379163
SalEn.4_25901_1-398_NEs	1.482779	1.370276	0.000000	1.421079	0.018638	1.361355	0.000000	1.441474	1.801720	1.425487	1.362253	1.809020	0.005873	1.362253	0.000000
KlePn.1_00676_1-401_NEs	0.213456	0.265574	1.421079	0.000000	1.425317	0.215027	1.421079	0.279435	1.220793	0.003328	0.267705	1.228375	1.412785	0.267705	1.434544
SalEn.12554_1-398_BeL	1.513877	1.391058	0.018638	1.425317	0.000000	1.373303	0.018638	1.462835	1.813590	1.429728	1.383001	1.820991	0.016076	1.383001	0.018638
CitRo.1_42601_1-400_NEs	0.229204	0.224633	1.361355	0.215027	1.373303	0.000000	1.361355	0.221081	1.267729	0.215027	0.222098	1.275085	1.369267	0.222098	1.373866
SalEn.3_2536_1-398_NEs	1.482779	1.370276	0.000000	1.421079	0.018638	1.361355	0.000000	1.441474	1.801720	1.425487	1.362253	1.809020	0.005873	1.362253	0.000000
EscCo.4_00136_1-403_NEs	0.245648	0.069759	1.441474	0.279435	1.462835	0.221081	1.441474	0.000000	1.380716	0.279443	0.079253	1.363081	1.454179	0.079253	1.450686
KlePn.2_23251_9-432_NEs	1.365440	1.321259	1.801720	1.220793	1.813590	1.267729	1.801720	1.380716	0.000000	1.220313	1.339229	0.012712	1.801894	1.339229	1.801720
KlePn.2_45411_1-401_NEs	0.214562	0.265581	1.425487	0.003328	1.429728	0.215027	1.425487	0.279443	1.220313	0.000000	0.267712	1.235326	1.417188	0.267712	1.438986
EscCo.3_3791_1-402_NEs	0.228975	0.023643	1.362253	0.267705	1.383001	0.222098	1.362253	0.079253	1.339229	0.267712	0.000000	1.329371	1.374596	0.000000	1.371118
KlePn.1_04916_9-433_NEs	1.358643	1.311732	1.809020	1.228375	1.820991	1.275085	1.809020	1.363081	0.012712	1.235326	1.329371	0.000000	1.809194	1.329371	1.809020
SalEn.50283_1-398_BeL	1.496096	1.382638	0.005873	1.412785	0.016076	1.369267	0.005873	1.454179	1.801894	1.417188	1.374596	1.809194	0.000000	1.374596	0.005873
EscCo.53547_1-402	0.228975	0.023643	1.362253	0.267705	1.383001	0.222098	1.362253	0.079253	1.339229	0.267712	0.000000	1.329371	1.374596	0.000000	1.371118
SalEn.2_MW25901_1-399_BeL	1.487138	1.379163	0.000000	1.434544	0.018638	1.373866	0.000000	1.450686	1.801720	1.438986	1.371118	1.809020	0.005873	1.371118	0.000000