SalEn.2_MW05831_4-363_NEs	0.000000	0.409761	0.003702	0.334291	0.331009	0.311528	0.000000	0.009283	0.000000	0.392884	0.331696	0.406550	0.331696
KlePn.1_02827_1-358_NEs	0.409761	0.000000	0.407982	0.419960	0.415627	0.350971	0.409761	0.409514	0.409761	0.371809	0.423087	0.002824	0.423087
SalEn.10494_4-363_NEs	0.003702	0.407982	0.000000	0.331244	0.327977	0.309979	0.003702	0.007424	0.003702	0.392650	0.328656	0.404778	0.328656
EscCo.1_00529_4-363_NEs	0.334291	0.419960	0.331244	0.000000	0.030110	0.331913	0.334291	0.332621	0.334291	0.387087	0.012089	0.419816	0.012089
EscCo.3_03473_4-363_NEs	0.331009	0.415627	0.327977	0.030110	0.000000	0.332895	0.331009	0.332198	0.331009	0.390403	0.029180	0.415485	0.029180
CitRo.1_05531_1-356_NEs	0.311528	0.350971	0.309979	0.331913	0.332895	0.000000	0.311528	0.311263	0.311528	0.324011	0.333127	0.355438	0.333127
SalEn.3_0506_4-363_NEs	0.000000	0.409761	0.003702	0.334291	0.331009	0.311528	0.000000	0.009283	0.000000	0.392884	0.331696	0.406550	0.331696
SalEn.52347_4-363_NEs	0.009283	0.409514	0.007424	0.332621	0.332198	0.311263	0.009283	0.000000	0.009283	0.397947	0.332888	0.406306	0.332888
SalEn.4_05831_4-363_NEs	0.000000	0.409761	0.003702	0.334291	0.331009	0.311528	0.000000	0.009283	0.000000	0.392884	0.331696	0.406550	0.331696
EntCo.1_22290_1-356_NEs	0.392884	0.371809	0.392650	0.387087	0.390403	0.324011	0.392884	0.397947	0.392884	0.000000	0.384449	0.370326	0.384449
EscCo.40503_4-363	0.331696	0.423087	0.328656	0.012089	0.029180	0.333127	0.331696	0.332888	0.331696	0.384449	0.000000	0.422941	0.000000
KlePn.2_09651_1-358_NEs	0.406550	0.002824	0.404778	0.419816	0.415485	0.355438	0.406550	0.406306	0.406550	0.370326	0.422941	0.000000	0.422941
EscCo.2_0556_4-363_NEs	0.331696	0.423087	0.328656	0.012089	0.029180	0.333127	0.331696	0.332888	0.331696	0.384449	0.000000	0.422941	0.000000