SalEn.2_MW06101_1-288_Ess	0.000000	0.204559	0.177122	0.019875	0.204559	0.186120	0.173535	0.004634	0.000000	0.001155	0.222762	0.186120	0.186120
KlePn.1_02835_1-288_Ess	0.204559	0.000000	0.202210	0.195620	0.002332	0.199175	0.168474	0.201350	0.204559	0.206044	0.146018	0.199175	0.199175
EscCo.3_03446_1-288_Ess	0.177122	0.202210	0.000000	0.182994	0.199186	0.023417	0.175552	0.176962	0.177122	0.178553	0.193637	0.023417	0.023417
SalEn.52321_1-288_Ess	0.019875	0.195620	0.182994	0.000000	0.195620	0.178817	0.168940	0.019893	0.019875	0.021055	0.224338	0.178817	0.178817
KlePn.2_09731_1-288_NEs	0.204559	0.002332	0.199186	0.195620	0.000000	0.196161	0.165546	0.201350	0.204559	0.206044	0.146018	0.196161	0.196161
EscCo.1_00555_1-288_Ess	0.186120	0.199175	0.023417	0.178817	0.196161	0.000000	0.175766	0.183019	0.186120	0.187565	0.189398	0.000000	0.000000
CitRo.1_05611_1-288_Ess	0.173535	0.168474	0.175552	0.168940	0.165546	0.175766	0.000000	0.170475	0.173535	0.174968	0.185739	0.175766	0.175766
SalEn.10523_1-288_Ess	0.004634	0.201350	0.176962	0.019893	0.201350	0.183019	0.170475	0.000000	0.004634	0.005795	0.219456	0.183019	0.183019
SalEn.4_06101_1-288_Ess	0.000000	0.204559	0.177122	0.019875	0.204559	0.186120	0.173535	0.004634	0.000000	0.001155	0.222762	0.186120	0.186120
SalEn.3_0535_1-288_Ess	0.001155	0.206044	0.178553	0.021055	0.206044	0.187565	0.174968	0.005795	0.001155	0.000000	0.224281	0.187565	0.187565
EntCo.1_22180_1-288_Ess	0.222762	0.146018	0.193637	0.224338	0.146018	0.189398	0.185739	0.219456	0.222762	0.224281	0.000000	0.189398	0.189398
EscCo.40529_1-288	0.186120	0.199175	0.023417	0.178817	0.196161	0.000000	0.175766	0.183019	0.186120	0.187565	0.189398	0.000000	0.000000
EscCo.2_0581_1-288_Ess	0.186120	0.199175	0.023417	0.178817	0.196161	0.000000	0.175766	0.183019	0.186120	0.187565	0.189398	0.000000	0.000000