KlePn.1_04239_1-62_NEs	0.000000	0.334150	0.306671	0.315891	0.296241	0.306671	0.334150	0.000000	0.334150	0.315046	0.334150	0.334150	0.306671
SalEn.3_1912_1-62_NEs	0.334150	0.000000	0.130419	0.129894	0.170576	0.130419	0.000000	0.334150	0.005396	0.141343	0.000000	0.000000	0.130419
EscCo.1_02187_1-62_BeL	0.306671	0.130419	0.000000	0.005412	0.191021	0.000000	0.130419	0.306671	0.136859	0.097713	0.130419	0.130419	0.000000
EscCo.4_01872_1-62_NEs	0.315891	0.129894	0.005412	0.000000	0.198509	0.005412	0.129894	0.315891	0.136306	0.104098	0.129894	0.129894	0.005412
EntCo.1_42130_1-62_NEs	0.296241	0.170576	0.191021	0.198509	0.000000	0.191021	0.170576	0.296241	0.177355	0.143339	0.170576	0.170576	0.191021
EscCo.3_2055_1-62_NEs	0.306671	0.130419	0.000000	0.005412	0.191021	0.000000	0.130419	0.306671	0.136859	0.097713	0.130419	0.130419	0.000000
SalEn.4_19631_1-63_NEs	0.334150	0.000000	0.130419	0.129894	0.170576	0.130419	0.000000	0.334150	0.005396	0.145711	0.000000	0.000000	0.130419
KlePn.2_30051_1-62_BeL	0.000000	0.334150	0.306671	0.315891	0.296241	0.306671	0.334150	0.000000	0.334150	0.315046	0.334150	0.334150	0.306671
SalEn.11026_1-62_NEs	0.334150	0.005396	0.136859	0.136306	0.177355	0.136859	0.005396	0.334150	0.000000	0.147779	0.005396	0.005396	0.136859
CitRo.1_20321_1-74_NEs	0.315046	0.141343	0.097713	0.104098	0.143339	0.097713	0.145711	0.315046	0.147779	0.000000	0.145711	0.145711	0.097713
SalEn.50894_1-63_NEs	0.334150	0.000000	0.130419	0.129894	0.170576	0.130419	0.000000	0.334150	0.005396	0.145711	0.000000	0.000000	0.130419
SalEn.2_MW19631_1-63_NEs	0.334150	0.000000	0.130419	0.129894	0.170576	0.130419	0.000000	0.334150	0.005396	0.145711	0.000000	0.000000	0.130419
EscCo.51952_1-62	0.306671	0.130419	0.000000	0.005412	0.191021	0.000000	0.130419	0.306671	0.136859	0.097713	0.130419	0.130419	0.000000