SalEn.50888_1-306_NEs	0.000000	0.017638	0.422051	0.289332	0.301567	0.017638	0.305682	0.414693	0.305485	0.312160	0.017654	0.017638	0.336736
SalEn.4_19691_1-306_NEs	0.017638	0.000000	0.418728	0.291273	0.302125	0.000000	0.306250	0.415276	0.302729	0.312743	0.013225	0.000000	0.332128
KlePn.2_30091_1-303_NEs	0.422051	0.418728	0.000000	0.350669	0.409542	0.418728	0.425177	0.007780	0.411417	0.421909	0.417276	0.418728	0.358006
CitRo.1_20381_1-306_NEs	0.289332	0.291273	0.350669	0.000000	0.268612	0.291273	0.276109	0.351726	0.271664	0.280074	0.291679	0.291273	0.296834
EscCo.3_2061_1-306_NEs	0.301567	0.302125	0.409542	0.268612	0.000000	0.302125	0.017595	0.401125	0.008725	0.022032	0.292746	0.302125	0.288070
SalEn.3_1918_1-306_NEs	0.017638	0.000000	0.418728	0.291273	0.302125	0.000000	0.306250	0.415276	0.302729	0.312743	0.013225	0.000000	0.332128
EscCo.1_02194_1-306_NEs	0.305682	0.306250	0.425177	0.276109	0.017595	0.306250	0.000000	0.416566	0.017585	0.013101	0.298482	0.306250	0.298689
KlePn.1_04234_1-304_NEs	0.414693	0.415276	0.007780	0.351726	0.401125	0.415276	0.416566	0.000000	0.402983	0.413355	0.411899	0.415276	0.353613
EscCo.4_01865_1-306_NEs	0.305485	0.302729	0.411417	0.271664	0.008725	0.302729	0.017585	0.402983	0.000000	0.019760	0.296626	0.302729	0.284893
EscCo.51959_1-306	0.312160	0.312743	0.421909	0.280074	0.022032	0.312743	0.013101	0.413355	0.019760	0.000000	0.304941	0.312743	0.299424
SalEn.11020_1-306_NEs	0.017654	0.013225	0.417276	0.291679	0.292746	0.013225	0.298482	0.411899	0.296626	0.304941	0.000000	0.013225	0.325820
SalEn.2_MW19691_1-306_NEs	0.017638	0.000000	0.418728	0.291273	0.302125	0.000000	0.306250	0.415276	0.302729	0.312743	0.013225	0.000000	0.332128
EntCo.1_42060_1-304_NEs	0.336736	0.332128	0.358006	0.296834	0.288070	0.332128	0.298689	0.353613	0.284893	0.299424	0.325820	0.332128	0.000000