SalEn.3_3672_46-314_NEs	0.000000	0.000000	0.292277	0.017517	0.302979	0.292633	0.292277	0.009971	0.000000	0.296302	0.251125	0.303107
SalEn.4_36941_46-314_NEs	0.000000	0.000000	0.292277	0.017517	0.302979	0.292633	0.292277	0.009971	0.000000	0.296302	0.251125	0.303107
EscCo.43614_46-313_BeL	0.292277	0.292277	0.000000	0.283027	0.297721	0.018754	0.000000	0.288835	0.292277	0.032908	0.280816	0.305811
SalEn.53813_46-314_NEs	0.017517	0.017517	0.283027	0.000000	0.302446	0.283369	0.283027	0.017522	0.017517	0.287001	0.257570	0.302578
KlePn.1_00620_46-315_NEs	0.302979	0.302979	0.297721	0.302446	0.000000	0.298052	0.297721	0.295561	0.302979	0.294203	0.248397	0.011302
EscCo.1_04063_46-313_NEs	0.292633	0.292633	0.018754	0.283369	0.298052	0.000000	0.018754	0.289185	0.292633	0.029025	0.280509	0.306151
EscCo.2_3857_46-313_NEs	0.292277	0.292277	0.000000	0.283027	0.297721	0.018754	0.000000	0.288835	0.292277	0.032908	0.280816	0.305811
SalEn.13528_46-314_NEs	0.009971	0.009971	0.288835	0.017522	0.295561	0.289185	0.288835	0.000000	0.009971	0.292844	0.251230	0.295762
SalEn.2_MW36941_46-314_NEs	0.000000	0.000000	0.292277	0.017517	0.302979	0.292633	0.292277	0.009971	0.000000	0.296302	0.251125	0.303107
EscCo.3_00069_46-313_NEs	0.296302	0.296302	0.032908	0.287001	0.294203	0.029025	0.032908	0.292844	0.296302	0.000000	0.281073	0.302302
CitRo.1_42021_1-270_NEs	0.251125	0.251125	0.280816	0.257570	0.248397	0.280509	0.280816	0.251230	0.251125	0.281073	0.000000	0.247070
KlePn.2_46001_46-318_NEs	0.303107	0.303107	0.305811	0.302578	0.011302	0.306151	0.305811	0.295762	0.303107	0.302302	0.247070	0.000000