EscCo.52300_1-184	0.000000	0.299401	0.297366	0.329393	0.400885	0.003637	0.292657	0.297366	0.297366	0.393939	0.000000	0.003638	0.288496
SalEn.50517_1-183_NEs	0.299401	0.000000	0.007325	0.346469	0.353635	0.304526	0.012874	0.007325	0.007325	0.350085	0.299401	0.304582	0.320992
SalEn.2_MW23691_1-183_NEs	0.297366	0.007325	0.000000	0.347128	0.351357	0.302492	0.009168	0.000000	0.000000	0.347813	0.297366	0.302547	0.318905
EntCo.1_39080_1-183_NEs	0.329393	0.346469	0.347128	0.000000	0.331473	0.334832	0.343637	0.347128	0.347128	0.331977	0.329393	0.334897	0.357569
KlePn.2_33001_1-183_NEs	0.400885	0.353635	0.351357	0.331473	0.000000	0.406775	0.347863	0.351357	0.351357	0.005511	0.400885	0.406861	0.363324
EscCo.1_02547_1-183_NEs	0.003637	0.304526	0.302492	0.334832	0.406775	0.000000	0.297771	0.302492	0.302492	0.399783	0.003637	0.003636	0.295514
SalEn.12329_1-183_NEs	0.292657	0.012874	0.009168	0.343637	0.347863	0.297771	0.000000	0.009168	0.009168	0.348403	0.292657	0.297825	0.321168
SalEn.3_2316_1-183_NEs	0.297366	0.007325	0.000000	0.347128	0.351357	0.302492	0.009168	0.000000	0.000000	0.347813	0.297366	0.302547	0.318905
SalEn.4_23691_1-183_NEs	0.297366	0.007325	0.000000	0.347128	0.351357	0.302492	0.009168	0.000000	0.000000	0.347813	0.297366	0.302547	0.318905
KlePn.1_03889_1-183_NEs	0.393939	0.350085	0.347813	0.331977	0.005511	0.399783	0.348403	0.347813	0.347813	0.000000	0.393939	0.399867	0.363823
EscCo.3_2435_1-184_NEs	0.000000	0.299401	0.297366	0.329393	0.400885	0.003637	0.292657	0.297366	0.297366	0.393939	0.000000	0.003638	0.288496
EscCo.4_01410_1-183_NEs	0.003638	0.304582	0.302547	0.334897	0.406861	0.003636	0.297825	0.302547	0.302547	0.399867	0.003638	0.000000	0.295568
CitRo.1_27081_1-184_NEs	0.288496	0.320992	0.318905	0.357569	0.363324	0.295514	0.321168	0.318905	0.318905	0.363823	0.288496	0.295568	0.000000