SalEn.4_07931_1-933_NEs	0.000000	0.147152	0.130919	0.000000	0.142617	0.143527	0.142259	0.145820	0.010066	0.141827	0.007539	0.000000	0.140532	0.816211
KlePn.1_03175_1-935_NEs	0.147152	0.000000	0.130851	0.147152	0.147292	0.129824	0.143896	0.003584	0.145965	0.144247	0.146802	0.147152	0.142151	0.829449
CitRo.1_07231_1-935_NEs	0.130919	0.130851	0.000000	0.130919	0.131549	0.123551	0.126766	0.130826	0.125763	0.131892	0.130092	0.130919	0.127586	0.836885
SalEn.3_0718_1-933_NEs	0.000000	0.147152	0.130919	0.000000	0.142617	0.143527	0.142259	0.145820	0.010066	0.141827	0.007539	0.000000	0.140532	0.816211
EscCo.4_03270_1-933_NEs	0.142617	0.147292	0.131549	0.142617	0.000000	0.143790	0.017703	0.146386	0.139667	0.016602	0.139219	0.142617	0.016244	0.823486
EntCo.1_20130_1-935_Ess	0.143527	0.129824	0.123551	0.143527	0.143790	0.000000	0.139483	0.127689	0.141772	0.141120	0.142753	0.143527	0.140742	0.816453
EscCo.1_00724_1-933_NEs	0.142259	0.143896	0.126766	0.142259	0.017703	0.139483	0.000000	0.142566	0.140163	0.006813	0.138860	0.142259	0.007173	0.822356
KlePn.2_13051_1-935_NEs	0.145820	0.003584	0.130826	0.145820	0.146386	0.127689	0.142566	0.000000	0.144633	0.142918	0.145469	0.145820	0.140824	0.829586
SalEn.52140_1-933_Ess	0.010066	0.145965	0.125763	0.010066	0.139667	0.141772	0.140163	0.144633	0.000000	0.139731	0.009707	0.010066	0.138439	0.816008
EscCo.3_0736_1-933_Ess	0.141827	0.144247	0.131892	0.141827	0.016602	0.141120	0.006813	0.142918	0.139731	0.000000	0.139283	0.141827	0.009701	0.821124
SalEn.10686_1-933_NEs	0.007539	0.146802	0.130092	0.007539	0.139219	0.142753	0.138860	0.145469	0.009707	0.139283	0.000000	0.007539	0.137140	0.815253
SalEn.2_MW07931_1-933_NEs	0.000000	0.147152	0.130919	0.000000	0.142617	0.143527	0.142259	0.145820	0.010066	0.141827	0.007539	0.000000	0.140532	0.816211
EscCo.50726_1-933	0.140532	0.142151	0.127586	0.140532	0.016244	0.140742	0.007173	0.140824	0.138439	0.009701	0.137140	0.140532	0.000000	0.821027
EscCo.4_04426_4-911_NEs	0.816211	0.829449	0.836885	0.816211	0.823486	0.816453	0.822356	0.829586	0.816008	0.821124	0.815253	0.816211	0.821027	0.000000