EscCo.1_04586_1-742_NEs	0.000000	0.927700	1.678068	0.901094	2.059509	0.014520	0.022333	0.009495	0.919096	1.662233	0.908963	1.812271	0.492611	0.008131
EscCo.1_03362_1-539_NEs	0.927700	0.000000	1.652681	0.075425	1.602891	0.930023	0.944966	0.939785	0.071800	1.649270	0.081182	1.615725	0.889480	0.931753
EscCo.1_03362_556-798_NEs	1.678068	1.652681	0.000000	1.627511	0.172348	1.687630	1.706954	1.704027	1.669890	0.103219	1.544156	0.105411	1.758676	1.688342
EscCo.4_01728_1-533_NEs	0.901094	0.075425	1.627511	0.000000	1.532969	0.902126	0.909924	0.912925	0.041946	1.613301	0.099934	1.582793	0.865475	0.899979
EscCo.4_01728_555-719_NEs	2.059509	1.602891	0.172348	1.532969	0.000000	2.111753	1.984108	2.117324	1.610777	0.205754	1.558824	0.147742	1.919942	2.016888
EscCo.2_37690_1-742_NEs	0.014520	0.930023	1.687630	0.902126	2.111753	0.000000	0.023282	0.011315	0.920169	1.671315	0.906123	1.805513	0.488651	0.013598
EscCo.4_04355_1-742_BeL	0.022333	0.944966	1.706954	0.909924	1.984108	0.023282	0.000000	0.023724	0.920022	1.672826	0.926190	1.808737	0.495411	0.019558
EscCo.54109_1-742	0.009495	0.939785	1.704027	0.912925	2.117324	0.011315	0.023724	0.000000	0.931177	1.687303	0.918974	1.821452	0.492431	0.009490
EscCo.1_00293_1-533_NEs	0.919096	0.071800	1.669890	0.041946	1.610777	0.920169	0.920022	0.931177	0.000000	1.647322	0.097499	1.611205	0.860775	0.917979
EscCo.1_00293_555-795_NEs	1.662233	1.649270	0.103219	1.613301	0.205754	1.671315	1.672826	1.687303	1.647322	0.000000	1.471524	0.077996	1.687898	1.672002
EscCo.2_53810_2-534_NEs	0.908963	0.081182	1.544156	0.099934	1.558824	0.906123	0.926190	0.918974	0.097499	1.471524	0.000000	1.463004	0.866215	0.911913
EscCo.2_53810_557-796_Ess	1.812271	1.615725	0.105411	1.582793	0.147742	1.805513	1.808737	1.821452	1.611205	0.077996	1.463004	0.000000	1.710221	1.806258
EntCo.1_05420_1-784_NEs	0.492611	0.889480	1.758676	0.865475	1.919942	0.488651	0.495411	0.492431	0.860775	1.687898	0.866215	1.710221	0.000000	0.492089
EscCo.3_4417_1-742_NEs	0.008131	0.931753	1.688342	0.899979	2.016888	0.013598	0.019558	0.009490	0.917979	1.672002	0.911913	1.806258	0.492089	0.000000