SalEn.50517_1-183_NEs	0.000000	0.304582	0.007325	0.346469	0.007325	0.299401	0.007325	0.350085	0.353635	0.304526	0.320992	0.299401	0.012874
EscCo.3_01410_1-183_NEs	0.304582	0.000000	0.302547	0.334897	0.302547	0.003638	0.302547	0.399867	0.406861	0.003636	0.295568	0.003638	0.297825
SalEn.3_2316_1-183_NEs	0.007325	0.302547	0.000000	0.347128	0.000000	0.297366	0.000000	0.347813	0.351357	0.302492	0.318905	0.297366	0.009168
EntCo.1_39080_1-183_NEs	0.346469	0.334897	0.347128	0.000000	0.347128	0.329393	0.347128	0.331977	0.331473	0.334832	0.357569	0.329393	0.343637
SalEn.2_MW23691_1-183_NEs	0.007325	0.302547	0.000000	0.347128	0.000000	0.297366	0.000000	0.347813	0.351357	0.302492	0.318905	0.297366	0.009168
EscCo.2_2435_1-184_NEs	0.299401	0.003638	0.297366	0.329393	0.297366	0.000000	0.297366	0.393939	0.400885	0.003637	0.288496	0.000000	0.292657
SalEn.4_23691_1-183_NEs	0.007325	0.302547	0.000000	0.347128	0.000000	0.297366	0.000000	0.347813	0.351357	0.302492	0.318905	0.297366	0.009168
KlePn.1_03889_1-183_NEs	0.350085	0.399867	0.347813	0.331977	0.347813	0.393939	0.347813	0.000000	0.005511	0.399783	0.363823	0.393939	0.348403
KlePn.2_33001_1-183_NEs	0.353635	0.406861	0.351357	0.331473	0.351357	0.400885	0.351357	0.005511	0.000000	0.406775	0.363324	0.400885	0.347863
EscCo.1_02547_1-183_NEs	0.304526	0.003636	0.302492	0.334832	0.302492	0.003637	0.302492	0.399783	0.406775	0.000000	0.295514	0.003637	0.297771
CitRo.1_27081_1-184_NEs	0.320992	0.295568	0.318905	0.357569	0.318905	0.288496	0.318905	0.363823	0.363324	0.295514	0.000000	0.288496	0.321168
EscCo.42300_1-184_BeL	0.299401	0.003638	0.297366	0.329393	0.297366	0.000000	0.297366	0.393939	0.400885	0.003637	0.288496	0.000000	0.292657
SalEn.12329_1-183_NEs	0.012874	0.297825	0.009168	0.343637	0.009168	0.292657	0.009168	0.348403	0.347863	0.297771	0.321168	0.292657	0.000000