SalEn.3_0732_1-262_NEs	0.000000	0.186000	0.216453	0.005108	0.167679	0.187665	0.216453	0.189078	0.000000	0.000000	0.185844	0.008957	0.187665
EscCo.4_03252_1-263_NEs	0.186000	0.000000	0.212825	0.185800	0.167935	0.012769	0.212825	0.010193	0.185691	0.186000	0.010192	0.185781	0.012769
KlePn.2_13191_1-263_NEs	0.216453	0.212825	0.000000	0.214521	0.199324	0.209048	0.000000	0.212664	0.210632	0.216453	0.212641	0.211084	0.209048
SalEn.10700_1-262_NEs	0.005108	0.185800	0.214521	0.000000	0.164345	0.187463	0.214521	0.188873	0.002890	0.005108	0.185644	0.008949	0.187463
CitRo.1_07361_1-263_NEs	0.167679	0.167935	0.199324	0.164345	0.000000	0.169897	0.199324	0.171312	0.163713	0.167679	0.164946	0.164328	0.169897
EscCo.1_00741_1-263_NEs	0.187665	0.012769	0.209048	0.187463	0.169897	0.000000	0.209048	0.005083	0.185756	0.187665	0.007635	0.187443	0.000000
KlePn.1_03189_1-263_NEs	0.216453	0.212825	0.000000	0.214521	0.199324	0.209048	0.000000	0.212664	0.210632	0.216453	0.212641	0.211084	0.209048
EscCo.50742_1-263	0.189078	0.010193	0.212664	0.188873	0.171312	0.005083	0.212664	0.000000	0.187352	0.189078	0.005079	0.188854	0.005083
SalEn.2_MW08071_1-231_NEs	0.000000	0.185691	0.210632	0.002890	0.163713	0.185756	0.210632	0.187352	0.000000	0.000000	0.183704	0.007241	0.185756
SalEn.4_08071_1-262_NEs	0.000000	0.186000	0.216453	0.005108	0.167679	0.187665	0.216453	0.189078	0.000000	0.000000	0.185844	0.008957	0.187665
EscCo.2_48490_1-263_NEs	0.185844	0.010192	0.212641	0.185644	0.164946	0.007635	0.212641	0.005079	0.183704	0.185844	0.000000	0.188835	0.007635
SalEn.52126_1-262_NEs	0.008957	0.185781	0.211084	0.008949	0.164328	0.187443	0.211084	0.188854	0.007241	0.008957	0.188835	0.000000	0.187443
EscCo.3_0753_1-263_NEs	0.187665	0.012769	0.209048	0.187463	0.169897	0.000000	0.209048	0.005083	0.185756	0.187665	0.007635	0.187443	0.000000