EscCo.4_04285_1-153_Ess	0.000000	0.208303	0.204646	0.185324	0.186739	0.004366	0.188677	0.190125	0.228931	0.004367	0.190125	0.006554	0.228931
EntCo.1_42670_1-153_Ess	0.208303	0.000000	0.250390	0.211924	0.213577	0.214019	0.221246	0.222985	0.211257	0.211185	0.222985	0.216808	0.211257
CitRo.1_32281_1-157_Ess	0.204646	0.250390	0.000000	0.190104	0.191575	0.210245	0.193523	0.195028	0.256491	0.204648	0.195028	0.210195	0.256491
SalEn.54408_1-153_Ess	0.185324	0.211924	0.190104	0.000000	0.000000	0.185278	0.006574	0.006618	0.271576	0.182562	0.006618	0.193517	0.271576
SalEn.14124_1-152_Ess	0.186739	0.213577	0.191575	0.000000	0.000000	0.186693	0.006618	0.006618	0.273813	0.183955	0.006618	0.195000	0.273813
EscCo.1_04647_1-153_Ess	0.004366	0.214019	0.210245	0.185278	0.186693	0.000000	0.188631	0.190078	0.234769	0.008753	0.190078	0.006553	0.234769
SalEn.3_4291_1-153_Ess	0.188677	0.221246	0.193523	0.006574	0.006618	0.188631	0.000000	0.000000	0.281912	0.185898	0.000000	0.196921	0.281912
SalEn.4_43021_1-152_Ess	0.190125	0.222985	0.195028	0.006618	0.006618	0.190078	0.000000	0.000000	0.284255	0.187323	0.000000	0.198438	0.284255
KlePn.2_01761_1-153_Ess	0.228931	0.211257	0.256491	0.271576	0.273813	0.234769	0.281912	0.284255	0.000000	0.225996	0.284255	0.234711	0.000000
EscCo.54168_1-153	0.004367	0.211185	0.204648	0.182562	0.183955	0.008753	0.185898	0.187323	0.225996	0.000000	0.187323	0.010950	0.225996
SalEn.2_MW43021_1-152_Ess	0.190125	0.222985	0.195028	0.006618	0.006618	0.190078	0.000000	0.000000	0.284255	0.187323	0.000000	0.198438	0.284255
EscCo.3_4514_1-153_Ess	0.006554	0.216808	0.210195	0.193517	0.195000	0.006553	0.196921	0.198438	0.234711	0.010950	0.198438	0.000000	0.234711
KlePn.1_02044_1-153_Ess	0.228931	0.211257	0.256491	0.271576	0.273813	0.234769	0.281912	0.284255	0.000000	0.225996	0.284255	0.234711	0.000000