SalEn.50197_1-813_NEs	0.000000	0.019150	0.315976	0.019150	0.358020	0.019150	0.315070	0.014101	0.358706	0.281849	0.315205	0.318716	0.313998
SalEn.2_MW01951_1-824_NEs	0.019150	0.000000	0.309218	0.000000	0.357334	0.000000	0.309431	0.008540	0.356666	0.280183	0.309563	0.316498	0.308365
EscCo.2_42010_1-824_NEs	0.315976	0.309218	0.000000	0.309218	0.362259	0.309218	0.034678	0.313699	0.355992	0.289589	0.034689	0.046435	0.035120
SalEn.4_01951_1-824_NEs	0.019150	0.000000	0.309218	0.000000	0.357334	0.000000	0.309431	0.008540	0.356666	0.280183	0.309563	0.316498	0.308365
KlePn.1_02489_1-809_NEs	0.358020	0.357334	0.362259	0.357334	0.000000	0.357334	0.356183	0.358987	0.004645	0.331199	0.356346	0.361240	0.356161
SalEn.3_0190_1-824_NEs	0.019150	0.000000	0.309218	0.000000	0.357334	0.000000	0.309431	0.008540	0.356666	0.280183	0.309563	0.316498	0.308365
EscCo.3_0144_1-809_NEs	0.315070	0.309431	0.034678	0.309431	0.356183	0.309431	0.000000	0.315234	0.351935	0.283442	0.000817	0.045946	0.005326
SalEn.10194_1-824_NEs	0.014101	0.008540	0.313699	0.008540	0.358987	0.008540	0.315234	0.000000	0.359673	0.279884	0.315369	0.319276	0.314164
KlePn.2_06381_1-809_NEs	0.358706	0.356666	0.355992	0.356666	0.004645	0.356666	0.351935	0.359673	0.000000	0.330602	0.352095	0.355618	0.351913
CitRo.1_01521_1-824_NEs	0.281849	0.280183	0.289589	0.280183	0.331199	0.280183	0.283442	0.279884	0.330602	0.000000	0.283560	0.289815	0.281824
EscCo.50148_1-809	0.315205	0.309563	0.034689	0.309563	0.356346	0.309563	0.000817	0.315369	0.352095	0.283560	0.000000	0.045960	0.005327
EscCo.4_03832_1-809_NEs	0.318716	0.316498	0.046435	0.316498	0.361240	0.316498	0.045946	0.319276	0.355618	0.289815	0.045960	0.000000	0.044651
EscCo.1_00158_1-809_NEs	0.313998	0.308365	0.035120	0.308365	0.356161	0.308365	0.005326	0.314164	0.351913	0.281824	0.005327	0.044651	0.000000