KlePn.2_22101_1-291_NEs	0.000000	1.885543	1.973430	0.364692	1.434136	0.381033	0.367055	0.328210	1.924040	1.869202	1.965658	1.990302	0.003488	0.328210	1.905207	0.373119	1.961096	1.436057	1.997227	1.995874	1.524352	1.933811	1.383924	0.272086	2.003603	1.853226	1.990302	0.367091	0.326425	0.325937	0.944374	0.270180	0.951510	1.905207	1.452263	0.328210	1.388867
EscCo.4_04747_7-320_NEs	1.885543	0.000000	0.159071	1.812353	2.445570	1.770749	1.830741	1.771977	0.072129	1.415195	0.070872	0.157070	1.891985	1.771977	0.059722	1.796527	0.198446	2.377565	0.154463	0.197546	2.311088	0.159174	2.243822	1.916162	0.159321	1.397773	0.157070	1.794365	1.785791	1.752375	1.670275	2.028201	1.640307	0.059722	2.458598	1.771977	2.287669
CitRo.1_39751_1-296_NEs	1.973430	0.159071	0.000000	1.757197	2.328703	1.720333	1.774159	1.802524	0.143054	1.484207	0.144717	0.122606	1.980086	1.802524	0.138540	1.734296	0.190619	2.336356	0.118646	0.190619	2.287124	0.120240	2.190350	1.965652	0.124866	1.471422	0.122606	1.674883	1.816742	1.796538	1.645653	2.080765	1.608304	0.138540	2.378838	1.802524	2.217866
EscCo.51526_1-293	0.364692	1.812353	1.757197	0.000000	1.449236	0.032404	0.001128	0.363055	1.657010	1.893351	1.688227	1.784984	0.365227	0.363055	1.749316	0.033517	1.752871	1.450458	1.795214	1.760714	1.449608	1.760410	1.534794	0.378540	1.778321	1.879321	1.784984	0.029965	0.364945	0.360691	1.189115	0.362611	1.184884	1.749316	1.451163	0.363055	1.548476
EscCo.3_2790_1-292_NEs	1.434136	2.445570	2.328703	1.449236	0.000000	1.475039	1.460555	1.606239	2.304687	2.492239	2.311966	2.193659	1.432861	1.606239	2.360426	1.513410	2.225167	0.031012	2.190756	2.264343	0.058616	2.322186	0.424371	1.449862	2.208946	2.438744	2.193659	1.460386	1.617842	1.592502	1.740096	1.475114	1.741224	2.360426	0.013589	1.606239	0.417616
EscCo.2_5210_1-294_NEs	0.381033	1.770749	1.720333	0.032404	1.475039	0.000000	0.033614	0.362117	1.627869	1.858463	1.658180	1.725012	0.381530	0.362117	1.704121	0.024037	1.731930	1.492983	1.746609	1.739661	1.458121	1.719646	1.547357	0.383541	1.718860	1.852267	1.725012	0.034636	0.364010	0.359750	1.174782	0.377717	1.170616	1.704121	1.481541	0.362117	1.555123
EscCo.3_1596_1-293_NEs	0.367055	1.830741	1.774159	0.001128	1.460555	0.033614	0.000000	0.365403	1.672470	1.912413	1.704294	1.802527	0.367585	0.365403	1.766452	0.034726	1.769533	1.461728	1.812987	1.777485	1.460701	1.777317	1.547133	0.380947	1.795736	1.898433	1.802527	0.031166	0.367300	0.363027	1.198053	0.364946	1.193791	1.766452	1.462457	0.365403	1.560932
SalEn.4_15231_1-290_NEs	0.328210	1.771977	1.802524	0.363055	1.606239	0.362117	0.365403	0.000000	1.743894	1.971460	1.726351	1.959222	0.332832	0.000000	1.780592	0.357964	1.966242	1.615633	2.000359	1.985698	1.603480	1.817443	1.544738	0.309569	1.959211	1.953196	1.959222	0.350105	0.005751	0.011544	1.176881	0.315005	1.177840	1.780592	1.594404	0.000000	1.558969
EscCo.2_33890_1-298_NEs	1.924040	0.072129	0.143054	1.657010	2.304687	1.627869	1.672470	1.743894	0.000000	1.465574	0.028476	0.142166	1.924389	1.743894	0.048794	1.655465	0.204864	2.280631	0.138251	0.205614	2.238016	0.145255	2.335964	1.791554	0.144428	1.440086	0.142166	1.632075	1.757327	1.744561	1.678405	2.041411	1.648524	0.048794	2.319499	1.743894	2.366401
KlePn.1_04980_1-295_NEs	1.869202	1.415195	1.484207	1.893351	2.492239	1.858463	1.912413	1.971460	1.465574	0.000000	1.490634	1.499353	1.876116	1.971460	1.498152	1.882810	1.420037	2.441129	1.454366	1.420037	2.360791	1.549103	2.035004	2.095286	1.499353	0.004636	1.499353	1.880338	1.973258	1.958799	2.022093	1.725845	2.001500	1.498152	2.514551	1.971460	2.039756
EscCo.1_04225_1-298_NEs	1.965658	0.070872	0.144717	1.688227	2.311966	1.658180	1.704294	1.726351	0.028476	1.490634	0.000000	0.152270	1.966009	1.726351	0.061004	1.681110	0.205594	2.287219	0.144168	0.206345	2.273492	0.151302	2.347951	1.829990	0.154534	1.465208	0.152270	1.634049	1.739696	1.727191	1.688302	2.068162	1.657611	0.061004	2.327054	1.726351	2.379127
SalEn.3_3868_1-295_BeL	1.990302	0.157070	0.122606	1.784984	2.193659	1.725012	1.802527	1.959222	0.142166	1.499353	0.152270	0.000000	1.997122	1.959222	0.147260	1.743283	0.182233	2.146716	0.035948	0.182233	2.119435	0.061463	2.066888	1.866144	0.000000	1.480165	0.000000	1.761256	1.973788	1.965961	1.616365	2.138713	1.581468	0.147260	2.225188	1.959222	2.096995
KlePn.1_05038_1-292_NEs	0.003488	1.891985	1.980086	0.365227	1.432861	0.381530	0.367585	0.332832	1.924389	1.876116	1.966009	1.997122	0.000000	0.332832	1.911537	0.373634	1.968330	1.434773	2.004119	2.003163	1.512280	1.934187	1.388589	0.276231	2.010432	1.860217	1.997122	0.369551	0.332808	0.334186	0.962741	0.272859	0.969959	1.911537	1.450961	0.332832	1.394123
SalEn.3_1453_1-290_NEs	0.328210	1.771977	1.802524	0.363055	1.606239	0.362117	0.365403	0.000000	1.743894	1.971460	1.726351	1.959222	0.332832	0.000000	1.780592	0.357964	1.966242	1.615633	2.000359	1.985698	1.603480	1.817443	1.544738	0.309569	1.959211	1.953196	1.959222	0.350105	0.005751	0.011544	1.176881	0.315005	1.177840	1.780592	1.594404	0.000000	1.558969
EscCo.53773_1-297	1.905207	0.059722	0.138540	1.749316	2.360426	1.704121	1.766452	1.780592	0.048794	1.498152	0.061004	0.147260	1.911537	1.780592	0.000000	1.728335	0.202414	2.368756	0.139251	0.203166	2.332231	0.142511	2.210743	1.867832	0.149514	1.479453	0.147260	1.718767	1.794521	1.760734	1.697168	2.018500	1.667600	0.000000	2.387464	1.780592	2.253692
EscCo.1_01690_1-294_NEs	0.373119	1.796527	1.734296	0.033517	1.513410	0.024037	0.034726	0.357964	1.655465	1.882810	1.681110	1.743283	0.373634	0.357964	1.728335	0.000000	1.753461	1.525403	1.779763	1.761309	1.499448	1.722264	1.530604	0.372076	1.736896	1.868815	1.743283	0.035858	0.359846	0.355615	1.179371	0.363641	1.184548	1.728335	1.515210	0.357964	1.531827
KlePn.2_49001_1-296_BeL	1.961096	0.198446	0.190619	1.752871	2.225167	1.731930	1.769533	1.966242	0.204864	1.420037	0.205594	0.182233	1.968330	1.966242	0.202414	1.753461	0.000000	2.150546	0.169236	0.000000	2.144826	0.187318	2.263114	1.880351	0.184520	1.401781	0.182233	1.742805	1.965859	1.942552	1.787701	2.118855	1.746252	0.202414	2.249945	1.966242	2.253999
EscCo.52577_1-292	1.436057	2.377565	2.336356	1.450458	0.031012	1.492983	1.461728	1.615633	2.280631	2.441129	2.287219	2.146716	1.434773	1.615633	2.368756	1.525403	2.150546	0.000000	2.144628	2.187680	0.046258	2.261631	0.434988	1.446273	2.161268	2.389432	2.146716	1.472269	1.627161	1.601911	1.648249	1.484729	1.648623	2.368756	0.026333	1.615633	0.428134
SalEn.13714_1-295_NEs	1.997227	0.154463	0.118646	1.795214	2.190756	1.746609	1.812987	2.000359	0.138251	1.454366	0.144168	0.035948	2.004119	2.000359	0.139251	1.779763	0.169236	2.144628	0.000000	0.169236	2.102655	0.080181	2.056788	1.907259	0.035948	1.448748	0.035948	1.807477	2.014846	1.991804	1.584074	2.159242	1.549123	0.139251	2.221756	2.000359	2.086305
KlePn.1_01742_1-297_NEs	1.995874	0.197546	0.190619	1.760714	2.264343	1.739661	1.777485	1.985698	0.205614	1.420037	0.206345	0.182233	2.003163	1.985698	0.203166	1.761309	0.000000	2.187680	0.169236	0.000000	2.149746	0.187318	2.285188	1.899424	0.184520	1.401781	0.182233	1.750768	1.985314	1.961764	1.805987	2.156483	1.764288	0.203166	2.289831	1.985698	2.276110
EscCo.4_01162_1-293_NEs	1.524352	2.311088	2.287124	1.449608	0.058616	1.458121	1.460701	1.603480	2.238016	2.360791	2.273492	2.119435	1.512280	1.603480	2.332231	1.499448	2.144826	0.046258	2.102655	2.149746	0.000000	2.245673	0.431648	1.456049	2.109834	2.343033	2.119435	1.475534	1.614967	1.615626	1.723376	1.551043	1.724322	2.332231	0.051173	1.603480	0.426718
SalEn.53390_1-295_NEs	1.933811	0.159174	0.120240	1.760410	2.322186	1.719646	1.777317	1.817443	0.145255	1.549103	0.151302	0.061463	1.934187	1.817443	0.142511	1.722264	0.187318	2.261631	0.080181	0.187318	2.245673	0.000000	2.157698	1.831526	0.061463	1.529045	0.061463	1.723106	1.831835	1.823772	1.672855	2.097718	1.636218	0.142511	2.356113	1.817443	2.183933
KlePn.2_07161_1-293_NEs	1.383924	2.243822	2.190350	1.534794	0.424371	1.547357	1.547133	1.544738	2.335964	2.035004	2.347951	2.066888	1.388589	1.544738	2.210743	1.530604	2.263114	0.434988	2.056788	2.285188	0.431648	2.157698	0.000000	1.436029	2.057019	2.024122	2.066888	1.522732	1.544432	1.549830	1.564460	1.351471	1.569605	2.210743	0.424107	1.544738	0.009169
EntCo.1_10700_1-291_NEs	0.272086	1.916162	1.965652	0.378540	1.449862	0.383541	0.380947	0.309569	1.791554	2.095286	1.829990	1.866144	0.276231	0.309569	1.867832	0.372076	1.880351	1.446273	1.907259	1.899424	1.456049	1.831526	1.436029	0.000000	1.872975	2.090206	1.866144	0.376102	0.307746	0.308980	1.033257	0.311912	1.051217	1.867832	1.432998	0.309569	1.452241
SalEn.2_MW38831_1-296_BeL	2.003603	0.159321	0.124866	1.778321	2.208946	1.718860	1.795736	1.959211	0.144428	1.499353	0.154534	0.000000	2.010432	1.959211	0.149514	1.736896	0.184520	2.161268	0.035948	0.184520	2.109834	0.061463	2.057019	1.872975	0.000000	1.480165	0.000000	1.754555	1.973689	1.965910	1.626065	2.153243	1.590989	0.149514	2.240729	1.959211	2.086766
KlePn.2_22671_1-294_NEs	1.853226	1.397773	1.471422	1.879321	2.438744	1.852267	1.898433	1.953196	1.440086	0.004636	1.465208	1.480165	1.860217	1.953196	1.479453	1.868815	1.401781	2.389432	1.448748	1.401781	2.343033	1.529045	2.024122	2.090206	1.480165	0.000000	1.480165	1.866327	1.954990	1.940746	2.025264	1.700206	2.004473	1.479453	2.460091	1.953196	2.028715
SalEn.4_38831_1-295_BeL	1.990302	0.157070	0.122606	1.784984	2.193659	1.725012	1.802527	1.959222	0.142166	1.499353	0.152270	0.000000	1.997122	1.959222	0.147260	1.743283	0.182233	2.146716	0.035948	0.182233	2.119435	0.061463	2.066888	1.866144	0.000000	1.480165	0.000000	1.761256	1.973788	1.965961	1.616365	2.138713	1.581468	0.147260	2.225188	1.959222	2.096995
EscCo.4_02320_1-294_NEs	0.367091	1.794365	1.674883	0.029965	1.460386	0.034636	0.031166	0.350105	1.632075	1.880338	1.634049	1.761256	0.369551	0.350105	1.718767	0.035858	1.742805	1.472269	1.807477	1.750768	1.475534	1.723106	1.522732	0.376102	1.754555	1.866327	1.761256	0.000000	0.355644	0.351442	1.176667	0.371967	1.172449	1.718767	1.473025	0.350105	1.536631
SalEn.11528_1-290_NEs	0.326425	1.785791	1.816742	0.364945	1.617842	0.364010	0.367300	0.005751	1.757327	1.973258	1.739696	1.973788	0.332808	0.005751	1.794521	0.359846	1.965859	1.627161	2.014846	1.985314	1.614967	1.831835	1.544432	0.307746	1.973689	1.954990	1.973788	0.355644	0.000000	0.012708	1.172368	0.313294	1.173322	1.794521	1.606062	0.005751	1.558659
SalEn.51444_1-290_NEs	0.325937	1.752375	1.796538	0.360691	1.592502	0.359750	0.363027	0.011544	1.744561	1.958799	1.727191	1.965961	0.334186	0.011544	1.760734	0.355615	1.942552	1.601911	1.991804	1.961764	1.615626	1.823772	1.549830	0.308980	1.965910	1.940746	1.965961	0.351442	0.012708	0.000000	1.159035	0.324004	1.159972	1.760734	1.580694	0.011544	1.576043
KlePn.1_05019_1-281_NEs	0.944374	1.670275	1.645653	1.189115	1.740096	1.174782	1.198053	1.176881	1.678405	2.022093	1.688302	1.616365	0.962741	1.176881	1.697168	1.179371	1.787701	1.648249	1.584074	1.805987	1.723376	1.672855	1.564460	1.033257	1.626065	2.025264	1.616365	1.176667	1.172368	1.159035	0.000000	0.977707	0.008465	1.697168	1.737337	1.176881	1.586730
CitRo.1_15171_1-293_NEs	0.270180	2.028201	2.080765	0.362611	1.475114	0.377717	0.364946	0.315005	2.041411	1.725845	2.068162	2.138713	0.272859	0.315005	2.018500	0.363641	2.118855	1.484729	2.159242	2.156483	1.551043	2.097718	1.351471	0.311912	2.153243	1.700206	2.138713	0.371967	0.313294	0.324004	0.977707	0.000000	0.995015	2.018500	1.463930	0.315005	1.382370
KlePn.2_22291_1-281_NEs	0.951510	1.640307	1.608304	1.184884	1.741224	1.170616	1.193791	1.177840	1.648524	2.001500	1.657611	1.581468	0.969959	1.177840	1.667600	1.184548	1.746252	1.648623	1.549123	1.764288	1.724322	1.636218	1.569605	1.051217	1.590989	2.004473	1.581468	1.172449	1.173322	1.159972	0.008465	0.995015	0.000000	1.667600	1.738439	1.177840	1.591800
EscCo.3_4056_1-297_NEs	1.905207	0.059722	0.138540	1.749316	2.360426	1.704121	1.766452	1.780592	0.048794	1.498152	0.061004	0.147260	1.911537	1.780592	0.000000	1.728335	0.202414	2.368756	0.139251	0.203166	2.332231	0.142511	2.210743	1.867832	0.149514	1.479453	0.147260	1.718767	1.794521	1.760734	1.697168	2.018500	1.667600	0.000000	2.387464	1.780592	2.253692
EscCo.1_02866_1-293_NEs	1.452263	2.458598	2.378838	1.451163	0.013589	1.481541	1.462457	1.594404	2.319499	2.514551	2.327054	2.225188	1.450961	1.594404	2.387464	1.515210	2.249945	0.026333	2.221756	2.289831	0.051173	2.356113	0.424107	1.432998	2.240729	2.460091	2.225188	1.473025	1.606062	1.580694	1.737337	1.463930	1.738439	2.387464	0.000000	1.594404	0.417354
SalEn.2_MW15231_1-290_Ess	0.328210	1.771977	1.802524	0.363055	1.606239	0.362117	0.365403	0.000000	1.743894	1.971460	1.726351	1.959222	0.332832	0.000000	1.780592	0.357964	1.966242	1.615633	2.000359	1.985698	1.603480	1.817443	1.544738	0.309569	1.959211	1.953196	1.959222	0.350105	0.005751	0.011544	1.176881	0.315005	1.177840	1.780592	1.594404	0.000000	1.558969
KlePn.1_02572_1-294_NEs	1.388867	2.287669	2.217866	1.548476	0.417616	1.555123	1.560932	1.558969	2.366401	2.039756	2.379127	2.096995	1.394123	1.558969	2.253692	1.531827	2.253999	0.428134	2.086305	2.276110	0.426718	2.183933	0.009169	1.452241	2.086766	2.028715	2.096995	1.536631	1.558659	1.576043	1.586730	1.382370	1.591800	2.253692	0.417354	1.558969	0.000000