SalEn.3_2482_1-392_NEs	0.000000	0.000000	0.226117	0.000000	0.222235	0.009408	0.002555	0.192836	0.222144	0.221050	0.219964	0.270984	0.229729
SalEn.2_MW25371_1-392_NEs	0.000000	0.000000	0.226117	0.000000	0.222235	0.009408	0.002555	0.192836	0.222144	0.221050	0.219964	0.270984	0.229729
KlePn.2_34991_1-392_NEs	0.226117	0.226117	0.000000	0.226117	0.252308	0.227242	0.226275	0.218940	0.251071	0.249942	0.252639	0.209045	0.006008
SalEn.4_25371_1-392_NEs	0.000000	0.000000	0.226117	0.000000	0.222235	0.009408	0.002555	0.192836	0.222144	0.221050	0.219964	0.270984	0.229729
EscCo.1_02798_1-392_NEs	0.222235	0.222235	0.252308	0.222235	0.000000	0.223354	0.222387	0.216225	0.003398	0.002547	0.012837	0.251171	0.254023
SalEn.50336_1-392_NEs	0.009408	0.009408	0.227242	0.009408	0.223354	0.000000	0.010274	0.192823	0.223263	0.222167	0.221080	0.268356	0.230859
SalEn.12500_1-392_NEs	0.002555	0.002555	0.226275	0.002555	0.222387	0.010274	0.000000	0.190542	0.222297	0.221201	0.220114	0.269479	0.229890
CitRo.1_24551_1-392_NEs	0.192836	0.192836	0.218940	0.192836	0.216225	0.192823	0.190542	0.000000	0.216138	0.215057	0.210661	0.240995	0.217690
EscCo.42512_1-392	0.222144	0.222144	0.251071	0.222144	0.003398	0.223263	0.222297	0.216138	0.000000	0.000848	0.011111	0.249827	0.252782
EscCo.2_2669_1-392_NEs	0.221050	0.221050	0.249942	0.221050	0.002547	0.222167	0.221201	0.215057	0.000848	0.000000	0.010253	0.248598	0.251648
EscCo.3_01224_1-392_NEs	0.219964	0.219964	0.252639	0.219964	0.012837	0.221080	0.220114	0.210661	0.011111	0.010253	0.000000	0.247066	0.254358
EntCo.1_37500_1-361_NEs	0.270984	0.270984	0.209045	0.270984	0.251171	0.268356	0.269479	0.240995	0.249827	0.248598	0.247066	0.000000	0.208933
KlePn.1_00073_1-392_NEs	0.229729	0.229729	0.006008	0.229729	0.254023	0.230859	0.229890	0.217690	0.252782	0.251648	0.254358	0.208933	0.000000