SalEn.51584_1-242_NEs	0.000000	0.253971	0.002762	0.002762	0.257556	0.012513	0.250946	0.257556	0.317399	0.251028	0.369661	0.248041	0.002762	0.365603
EscCo.4_02439_1-242_NEs	0.253971	0.000000	0.256234	0.256234	0.025023	0.252283	0.019351	0.025023	0.342297	0.023603	0.394057	0.253252	0.256234	0.399362
SalEn.3_1610_1-242_NEs	0.002762	0.256234	0.000000	0.000000	0.259846	0.009705	0.253205	0.259846	0.316984	0.253288	0.369140	0.252197	0.000000	0.365091
SalEn.2_MW16751_1-242_NEs	0.002762	0.256234	0.000000	0.000000	0.259846	0.009705	0.253205	0.259846	0.316984	0.253288	0.369140	0.252197	0.000000	0.365091
EscCo.3_1430_21-262_NEs	0.257556	0.025023	0.259846	0.259846	0.000000	0.255855	0.009643	0.000000	0.330007	0.011031	0.403166	0.250032	0.259846	0.408505
SalEn.11353_1-242_NEs	0.012513	0.252283	0.009705	0.009705	0.255855	0.000000	0.249255	0.255855	0.316824	0.249337	0.371377	0.254579	0.009705	0.367313
EscCo.2_3630_1-242_NEs	0.250946	0.019351	0.253205	0.253205	0.009643	0.249255	0.000000	0.009643	0.325419	0.009654	0.402789	0.247876	0.253205	0.408124
EscCo.51326_1-242	0.257556	0.025023	0.259846	0.259846	0.000000	0.255855	0.009643	0.000000	0.330007	0.011031	0.403166	0.250032	0.259846	0.408505
EntCo.1_08870_1-237_NEs	0.317399	0.342297	0.316984	0.316984	0.330007	0.316824	0.325419	0.330007	0.000000	0.331969	0.367165	0.316392	0.316984	0.369528
EscCo.1_01512_1-242_NEs	0.251028	0.023603	0.253288	0.253288	0.011031	0.249337	0.009654	0.011031	0.331969	0.000000	0.394703	0.253684	0.253288	0.400017
KlePn.2_19361_1-235_NEs	0.369661	0.394057	0.369140	0.369140	0.403166	0.371377	0.402789	0.403166	0.367165	0.394703	0.000000	0.346667	0.369140	0.002895
CitRo.1_16761_1-242_NEs	0.248041	0.253252	0.252197	0.252197	0.250032	0.254579	0.247876	0.250032	0.316392	0.253684	0.346667	0.000000	0.252197	0.352454
SalEn.4_16751_1-242_NEs	0.002762	0.256234	0.000000	0.000000	0.259846	0.009705	0.253205	0.259846	0.316984	0.253288	0.369140	0.252197	0.000000	0.365091
KlePn.1_05350_1-236_NEs	0.365603	0.399362	0.365091	0.365091	0.408505	0.367313	0.408124	0.408505	0.369528	0.400017	0.002895	0.352454	0.365091	0.000000