SalEn.10674_1-247_NEs	0.000000	0.176947	0.182282	0.006771	0.237827	0.005411	0.237405	0.183564	0.182282	0.006771	0.005413	0.185657	0.179944
EscCo.1_00708_1-247_NEs	0.176947	0.000000	0.006763	0.180366	0.256801	0.176947	0.256256	0.012232	0.006763	0.180366	0.178655	0.024714	0.185210
EscCo.3_0722_1-247_NEs	0.182282	0.006763	0.000000	0.185725	0.258462	0.182282	0.257913	0.005412	0.000000	0.185725	0.184002	0.023306	0.183333
SalEn.4_07681_1-247_NEs	0.006771	0.180366	0.185725	0.000000	0.234233	0.006770	0.233818	0.185309	0.185725	0.000000	0.001350	0.189112	0.178288
KlePn.2_12921_1-247_NEs	0.237827	0.256801	0.258462	0.234233	0.000000	0.234196	0.008190	0.252164	0.258462	0.234233	0.236064	0.255897	0.232898
SalEn.52165_1-247_NEs	0.005411	0.176947	0.182282	0.006770	0.234196	0.000000	0.233782	0.181875	0.182282	0.006770	0.005412	0.185657	0.178194
KlePn.1_03162_1-247_NEs	0.237405	0.256256	0.257913	0.233818	0.008190	0.233782	0.000000	0.251632	0.257913	0.233818	0.235645	0.257271	0.226948
EscCo.2_48040_1-247_NEs	0.183564	0.012232	0.005412	0.185309	0.252164	0.181875	0.251632	0.000000	0.005412	0.185309	0.183591	0.021917	0.181576
EscCo.50710_1-247	0.182282	0.006763	0.000000	0.185725	0.258462	0.182282	0.257913	0.005412	0.000000	0.185725	0.184002	0.023306	0.183333
SalEn.2_MW07681_1-247_NEs	0.006771	0.180366	0.185725	0.000000	0.234233	0.006770	0.233818	0.185309	0.185725	0.000000	0.001350	0.189112	0.178288
SalEn.3_0692_1-247_NEs	0.005413	0.178655	0.184002	0.001350	0.236064	0.005412	0.235645	0.183591	0.184002	0.001350	0.000000	0.187383	0.176585
EscCo.4_03291_1-247_NEs	0.185657	0.024714	0.023306	0.189112	0.255897	0.185657	0.257271	0.021917	0.023306	0.189112	0.187383	0.000000	0.190954
CitRo.1_07101_1-247_NEs	0.179944	0.185210	0.183333	0.178288	0.232898	0.178194	0.226948	0.181576	0.183333	0.178288	0.176585	0.190954	0.000000