EscCo.41342_1-327	0.000000	1.652457	0.249397	0.313568	0.017485	0.245367	0.245367	0.242761	0.012291	1.638987	0.245367	0.312104	0.240592	0.000000
KlePn.2_20661_25-340_NEs	1.652457	0.000000	1.772354	1.665900	1.707796	1.772354	1.772354	1.739525	1.678278	0.002124	1.772354	1.664797	1.611348	1.652457
SalEn.11375_1-327_NEs	0.249397	1.772354	0.000000	0.309270	0.247782	0.006123	0.006123	0.011266	0.255342	1.774968	0.006123	0.307811	0.229447	0.249397
KlePn.2_19941_1-327_NEs	0.313568	1.665900	0.309270	0.000000	0.312041	0.309474	0.309474	0.306836	0.310439	1.674567	0.309474	0.004117	0.263858	0.313568
EscCo.3_02423_1-327_NEs	0.017485	1.707796	0.247782	0.312041	0.000000	0.246575	0.246575	0.243969	0.016442	1.693529	0.246575	0.310579	0.244169	0.017485
SalEn.4_16521_1-327_NEs	0.245367	1.772354	0.006123	0.309474	0.246575	0.000000	0.000000	0.007159	0.252760	1.774968	0.000000	0.308014	0.226883	0.245367
SalEn.2_MW16521_1-327_NEs	0.245367	1.772354	0.006123	0.309474	0.246575	0.000000	0.000000	0.007159	0.252760	1.774968	0.000000	0.308014	0.226883	0.245367
SalEn.51560_1-327_NEs	0.242761	1.739525	0.011266	0.306836	0.243969	0.007159	0.007159	0.000000	0.250138	1.741831	0.007159	0.305377	0.222636	0.242761
EscCo.1_01528_1-327_NEs	0.012291	1.678278	0.255342	0.310439	0.016442	0.252760	0.252760	0.250138	0.000000	1.664432	0.252760	0.308980	0.245162	0.012291
KlePn.1_05175_25-340_NEs	1.638987	0.002124	1.774968	1.674567	1.693529	1.774968	1.774968	1.741831	1.664432	0.000000	1.774968	1.673452	1.593234	1.638987
SalEn.3_1587_1-327_NEs	0.245367	1.772354	0.006123	0.309474	0.246575	0.000000	0.000000	0.007159	0.252760	1.774968	0.000000	0.308014	0.226883	0.245367
KlePn.1_05238_1-327_NEs	0.312104	1.664797	0.307811	0.004117	0.310579	0.308014	0.308014	0.305377	0.308980	1.673452	0.308014	0.000000	0.259528	0.312104
CitRo.1_16611_1-327_NEs	0.240592	1.611348	0.229447	0.263858	0.244169	0.226883	0.226883	0.222636	0.245162	1.593234	0.226883	0.259528	0.000000	0.240592
EscCo.2_1447_1-327_NEs	0.000000	1.652457	0.249397	0.313568	0.017485	0.245367	0.245367	0.242761	0.012291	1.638987	0.245367	0.312104	0.240592	0.000000