EntCo.1_39070_1-195_NEs	0.000000	0.398617	0.360356	0.366486	0.398703	0.398617	0.427352	0.370747	0.398617	0.430739	0.430320	0.430320	0.386841
SalEn.3_2317_1-214_NEs	0.398617	0.000000	0.304415	0.340349	0.004690	0.000000	0.325648	0.341095	0.000000	0.325768	0.327936	0.327936	0.014170
CitRo.1_27091_1-214_NEs	0.360356	0.304415	0.000000	0.349164	0.306716	0.304415	0.316601	0.345032	0.304415	0.316657	0.321144	0.321144	0.307365
KlePn.2_33011_1-212_NEs	0.366486	0.340349	0.349164	0.000000	0.342794	0.340349	0.426067	0.004742	0.340349	0.423378	0.431372	0.431372	0.336221
SalEn.12330_1-214_NEs	0.398703	0.004690	0.306716	0.342794	0.000000	0.004690	0.330287	0.343532	0.004690	0.330410	0.332583	0.332583	0.015757
SalEn.4_23701_1-214_NEs	0.398617	0.000000	0.304415	0.340349	0.004690	0.000000	0.325648	0.341095	0.000000	0.325768	0.327936	0.327936	0.014170
EscCo.1_02548_1-214_NEs	0.427352	0.325648	0.316601	0.426067	0.330287	0.325648	0.000000	0.430074	0.325648	0.010908	0.003102	0.003102	0.326228
KlePn.1_03888_1-213_NEs	0.370747	0.341095	0.345032	0.004742	0.343532	0.341095	0.430074	0.000000	0.341095	0.427382	0.435385	0.435385	0.336983
SalEn.2_MW23701_1-214_BeL	0.398617	0.000000	0.304415	0.340349	0.004690	0.000000	0.325648	0.341095	0.000000	0.325768	0.327936	0.327936	0.014170
EscCo.3_01409_1-214_NEs	0.430739	0.325768	0.316657	0.423378	0.330410	0.325768	0.010908	0.427382	0.325768	0.000000	0.014045	0.014045	0.326349
EscCo.42301_1-214	0.430320	0.327936	0.321144	0.431372	0.332583	0.327936	0.003102	0.435385	0.327936	0.014045	0.000000	0.000000	0.328521
EscCo.2_2436_1-214_NEs	0.430320	0.327936	0.321144	0.431372	0.332583	0.327936	0.003102	0.435385	0.327936	0.014045	0.000000	0.000000	0.328521
SalEn.50516_1-214_NEs	0.386841	0.014170	0.307365	0.336221	0.015757	0.014170	0.326228	0.336983	0.014170	0.326349	0.328521	0.328521	0.000000