EscCo.53894_104-730	0.000000	1.627329	1.642436	0.308587	1.592520	0.136275	0.312483	1.585709	0.313277	1.626567	1.627329	0.001065
EscCo.3_1570_67-759_NEs	1.627329	0.000000	0.022388	1.765794	0.706137	1.670123	1.596906	0.707861	1.596906	0.005283	0.000000	1.627329
EscCo.4_02337_67-760_NEs	1.642436	0.022388	0.000000	1.833026	0.697612	1.717225	1.631749	0.699314	1.631749	0.022838	0.022388	1.642436
CitRo.1_15621_103-744_NEs	0.308587	1.765794	1.833026	0.000000	1.524812	0.276748	0.149778	1.518147	0.149121	1.770904	1.765794	0.310344
KlePn.2_24041_97-760_NEs	1.592520	0.706137	0.697612	1.524812	0.000000	1.486036	1.568605	0.005083	1.568605	0.703064	0.706137	1.592520
CitRo.1_38641_104-729_NEs	0.136275	1.670123	1.717225	0.276748	1.486036	0.000000	0.296809	1.489157	0.297593	1.676303	1.670123	0.137605
EscCo.51474_103-727	0.312483	1.596906	1.631749	0.149778	1.568605	0.296809	0.000000	1.575808	0.000533	1.588996	1.596906	0.314256
KlePn.1_04835_97-760_NEs	1.585709	0.707861	0.699314	1.518147	0.005083	1.489157	1.575808	0.000000	1.575808	0.704779	0.707861	1.585709
EscCo.3_1545_103-727_NEs	0.313277	1.596906	1.631749	0.149121	1.568605	0.297593	0.000533	1.575808	0.000000	1.588996	1.596906	0.315052
EscCo.1_01665_67-760_NEs	1.626567	0.005283	0.022838	1.770904	0.703064	1.676303	1.588996	0.704779	1.588996	0.000000	0.005283	1.626567
EscCo.51501_67-759	1.627329	0.000000	0.022388	1.765794	0.706137	1.670123	1.596906	0.707861	1.596906	0.005283	0.000000	1.627329
EscCo.3_4164_104-730_NEs	0.001065	1.627329	1.642436	0.310344	1.592520	0.137605	0.314256	1.585709	0.315052	1.626567	1.627329	0.000000