EscCo.1_03110_1-263_NEs	0.000000	0.007613	0.175529	0.019188	0.170723	0.258049	0.177453	0.266280	0.177453	0.248836	0.006340	0.250615	0.177453
EscCo.2_2973_1-263_NEs	0.007613	0.000000	0.181934	0.024373	0.177095	0.261599	0.183883	0.269838	0.183883	0.254107	0.001264	0.255897	0.183883
SalEn.12793_1-266_NEs	0.175529	0.181934	0.000000	0.170496	0.011360	0.269598	0.007559	0.282699	0.007559	0.236259	0.180342	0.232335	0.007559
EscCo.3_00993_1-263_NEs	0.019188	0.024373	0.170496	0.000000	0.165723	0.259429	0.172399	0.271205	0.172399	0.239757	0.023076	0.241517	0.172399
SalEn.52855_1-266_NEs	0.170723	0.177095	0.011360	0.165723	0.000000	0.274844	0.008823	0.286835	0.008823	0.241421	0.175510	0.237468	0.008823
EntCo.1_30240_1-267_NEs	0.258049	0.261599	0.269598	0.259429	0.274844	0.000000	0.271307	0.152180	0.271307	0.191780	0.259837	0.191784	0.271307
SalEn.3_2933_1-266_NEs	0.177453	0.183883	0.007559	0.172399	0.008823	0.271307	0.000000	0.281407	0.000000	0.241904	0.182284	0.237940	0.000000
CitRo.1_30331_1-267_NEs	0.266280	0.269838	0.282699	0.271205	0.286835	0.152180	0.281407	0.000000	0.281407	0.186125	0.268078	0.191028	0.281407
SalEn.4_29171_1-266_NEs	0.177453	0.183883	0.007559	0.172399	0.008823	0.271307	0.000000	0.281407	0.000000	0.241904	0.182284	0.237940	0.000000
KlePn.2_37691_1-263_NEs	0.248836	0.254107	0.236259	0.239757	0.241421	0.191780	0.241904	0.186125	0.241904	0.000000	0.252372	0.007678	0.241904
EscCo.42781_1-263_BeL	0.006340	0.001264	0.180342	0.023076	0.175510	0.259837	0.182284	0.268078	0.182284	0.252372	0.000000	0.254159	0.182284
KlePn.1_01535_1-263_NEs	0.250615	0.255897	0.232335	0.241517	0.237468	0.191784	0.237940	0.191028	0.237940	0.007678	0.254159	0.000000	0.237940
SalEn.2_MW29171_1-266_NEs	0.177453	0.183883	0.007559	0.172399	0.008823	0.271307	0.000000	0.281407	0.000000	0.241904	0.182284	0.237940	0.000000