SalEn.53205_1-500_Ess	0.000000	0.148901	0.010063	0.127665	0.150533	0.010063	0.127663	0.145843	0.009389	0.128533	0.100292	0.015483	0.129980
KlePn.2_42291_1-495_NEs	0.148901	0.000000	0.150749	0.149843	0.001350	0.150749	0.149840	0.144480	0.150749	0.149253	0.134004	0.145786	0.153186
SalEn.4_32871_1-500_Ess	0.010063	0.150749	0.000000	0.126936	0.152387	0.001334	0.126933	0.147513	0.000667	0.127803	0.101108	0.011423	0.129251
EscCo.53169_1-495	0.127665	0.149843	0.126936	0.000000	0.149843	0.126936	0.001347	0.152950	0.126936	0.012210	0.110884	0.130164	0.005402
KlePn.1_01023_1-495_Ess	0.150533	0.001350	0.152387	0.149843	0.000000	0.152387	0.149840	0.142853	0.152387	0.149253	0.134004	0.147414	0.153186
SalEn.3_3260_1-500_NEs	0.010063	0.150749	0.001334	0.126936	0.152387	0.000000	0.126933	0.147513	0.000667	0.127803	0.101108	0.011423	0.129251
EscCo.3_3436_1-495_NEs	0.127663	0.149840	0.126933	0.001347	0.149840	0.126933	0.000000	0.152947	0.126933	0.012210	0.110882	0.130162	0.005402
EntCo.1_34070_1-500_NEs	0.145843	0.144480	0.147513	0.152950	0.142853	0.147513	0.152947	0.000000	0.147513	0.152207	0.140266	0.147291	0.153687
SalEn.2_MW32871_1-500_Ess	0.009389	0.150749	0.000667	0.126936	0.152387	0.000667	0.126933	0.147513	0.000000	0.127803	0.101108	0.010747	0.129251
EscCo.4_00525_1-495_NEs	0.128533	0.149253	0.127803	0.012210	0.149253	0.127803	0.012210	0.152207	0.127803	0.000000	0.110940	0.131037	0.012204
CitRo.1_46631_1-495_NEs	0.100292	0.134004	0.101108	0.110884	0.134004	0.101108	0.110882	0.140266	0.101108	0.110940	0.000000	0.101834	0.109283
SalEn.13122_1-500_Ess	0.015483	0.145786	0.011423	0.130164	0.147414	0.011423	0.130162	0.147291	0.010747	0.131037	0.101834	0.000000	0.132486
EscCo.1_03609_1-495_NEs	0.129980	0.153186	0.129251	0.005402	0.153186	0.129251	0.005402	0.153687	0.129251	0.012204	0.109283	0.132486	0.000000