KlePn.1_03181_1-37_NEs	0.000000	0.217868	0.199661	0.211380	0.217868	0.192102	0.217868	0.199661	0.199661	0.199661	0.205922	0.199661
EscCo.2_0745_1-37_NEs	0.217868	0.000000	0.151622	0.229949	0.000000	0.166163	0.000000	0.151622	0.151622	0.151622	0.009058	0.151622
SalEn.52134_1-37_NEs	0.199661	0.151622	0.000000	0.220361	0.151622	0.139838	0.151622	0.000000	0.000000	0.000000	0.140864	0.000000
EntCo.1_20030_1-37_NEs	0.211380	0.229949	0.220361	0.000000	0.229949	0.198237	0.229949	0.220361	0.220361	0.220361	0.217882	0.220361
EscCo.1_00733_1-37_NEs	0.217868	0.000000	0.151622	0.229949	0.000000	0.166163	0.000000	0.151622	0.151622	0.151622	0.009058	0.151622
CitRo.1_07282_1-37_NEs	0.192102	0.166163	0.139838	0.198237	0.166163	0.000000	0.166163	0.139838	0.139838	0.139838	0.155033	0.139838
EscCo.44515_1-37	0.217868	0.000000	0.151622	0.229949	0.000000	0.166163	0.000000	0.151622	0.151622	0.151622	0.009058	0.151622
SalEn.4_07991_1-37_NEs	0.199661	0.151622	0.000000	0.220361	0.151622	0.139838	0.151622	0.000000	0.000000	0.000000	0.140864	0.000000
SalEn.2_MW07991_1-37_Ess	0.199661	0.151622	0.000000	0.220361	0.151622	0.139838	0.151622	0.000000	0.000000	0.000000	0.140864	0.000000
SalEn.3_0724_1-37_NEs	0.199661	0.151622	0.000000	0.220361	0.151622	0.139838	0.151622	0.000000	0.000000	0.000000	0.140864	0.000000
EscCo.3_03260_1-37_NEs	0.205922	0.009058	0.140864	0.217882	0.009058	0.155033	0.009058	0.140864	0.140864	0.140864	0.000000	0.140864
SalEn.10692_1-37_NEs	0.199661	0.151622	0.000000	0.220361	0.151622	0.139838	0.151622	0.000000	0.000000	0.000000	0.140864	0.000000