KlePn.1_02720_1-324_Ess	0.000000	0.289175	0.270908	0.289552	0.307207	0.289874	0.008363	0.297409	0.286797	0.297409	0.296760	0.265256	0.295767	0.297409
EscCo.3_0470_1-325_Ess	0.289175	0.000000	0.283890	0.011344	0.249854	0.010324	0.289185	0.228548	0.015504	0.228548	0.010301	0.226970	0.228482	0.228548
EntCo.1_23420_1-323_Ess	0.270908	0.283890	0.000000	0.280329	0.301889	0.283185	0.265920	0.319012	0.287158	0.319012	0.283455	0.255677	0.320479	0.319012
EscCo.1_00447_1-325_Ess	0.289552	0.011344	0.280329	0.000000	0.248315	0.011356	0.288036	0.229175	0.014455	0.229175	0.011318	0.227185	0.229110	0.229175
SalEn.10401_1-326_Ess	0.307207	0.249854	0.301889	0.248315	0.000000	0.246184	0.301000	0.225592	0.244750	0.225592	0.248500	0.234051	0.223778	0.225592
EscCo.2_45270_1-325_NEs	0.289874	0.010324	0.283185	0.011356	0.246184	0.000000	0.289883	0.226290	0.011321	0.226290	0.010296	0.221906	0.226225	0.226290
KlePn.2_08581_1-323_NEs	0.008363	0.289185	0.265920	0.288036	0.301000	0.289883	0.000000	0.291312	0.286807	0.291312	0.296767	0.260851	0.292724	0.291312
SalEn.4_04891_1-325_Ess	0.297409	0.228548	0.319012	0.229175	0.225592	0.226290	0.291312	0.000000	0.220737	0.000000	0.233110	0.195094	0.004118	0.000000
EscCo.4_03562_1-325_Ess	0.286797	0.015504	0.287158	0.014455	0.244750	0.011321	0.286807	0.220737	0.000000	0.220737	0.015463	0.221954	0.220674	0.220737
SalEn.3_0413_1-325_NEs	0.297409	0.228548	0.319012	0.229175	0.225592	0.226290	0.291312	0.000000	0.220737	0.000000	0.233110	0.195094	0.004118	0.000000
EscCo.50417_1-325	0.296760	0.010301	0.283455	0.011318	0.248500	0.010296	0.296767	0.233110	0.015463	0.233110	0.000000	0.227353	0.233043	0.233110
CitRo.1_04661_1-325_NEs	0.265256	0.226970	0.255677	0.227185	0.234051	0.221906	0.260851	0.195094	0.221954	0.195094	0.227353	0.000000	0.193744	0.195094
SalEn.52444_1-325_Ess	0.295767	0.228482	0.320479	0.229110	0.223778	0.226225	0.292724	0.004118	0.220674	0.004118	0.233043	0.193744	0.000000	0.004118
SalEn.2_MW04891_1-325_Ess	0.297409	0.228548	0.319012	0.229175	0.225592	0.226290	0.291312	0.000000	0.220737	0.000000	0.233110	0.195094	0.004118	0.000000