EscCo.3_4202_1-319_NEs	0.000000	0.219890	0.012976	0.017747	0.229328	0.010475	0.229328	0.260112	0.000000	0.227674	0.311149	0.229328	0.238121	0.347546
CitRo.1_38131_1-310_NEs	0.219890	0.000000	0.226467	0.233238	0.211349	0.217246	0.211349	0.242590	0.219890	0.209804	0.284393	0.211349	0.216343	0.289177
EscCo.1_04389_1-284_NEs	0.012976	0.226467	0.000000	0.011793	0.237402	0.010589	0.237402	0.257703	0.012976	0.235516	0.324279	0.237402	0.247279	0.340307
EscCo.4_04567_1-284_NEs	0.017747	0.233238	0.011793	0.000000	0.232518	0.010591	0.232518	0.257761	0.017747	0.230646	0.319510	0.232518	0.242411	0.335567
SalEn.3_4042_1-324_NEs	0.229328	0.211349	0.237402	0.232518	0.000000	0.223303	0.000000	0.264178	0.229328	0.007245	0.280464	0.000000	0.003100	0.299929
EscCo.2_35580_1-319_NEs	0.010475	0.217246	0.010589	0.010591	0.223303	0.000000	0.223303	0.256523	0.010475	0.221666	0.312292	0.223303	0.232101	0.342990
SalEn.4_40581_1-324_NEs	0.229328	0.211349	0.237402	0.232518	0.000000	0.223303	0.000000	0.264178	0.229328	0.007245	0.280464	0.000000	0.003100	0.299929
EntCo.1_00960_1-287_NEs	0.260112	0.242590	0.257703	0.257761	0.264178	0.256523	0.264178	0.000000	0.260112	0.264178	0.253362	0.264178	0.268808	0.263523
EscCo.53933_1-319	0.000000	0.219890	0.012976	0.017747	0.229328	0.010475	0.229328	0.260112	0.000000	0.227674	0.311149	0.229328	0.238121	0.347546
SalEn.13883_1-324_NEs	0.227674	0.209804	0.235516	0.230646	0.007245	0.221666	0.007245	0.264178	0.227674	0.000000	0.283548	0.007245	0.008287	0.303498
KlePn.2_48611_1-316_NEs	0.311149	0.284393	0.324279	0.319510	0.280464	0.312292	0.280464	0.253362	0.311149	0.283548	0.000000	0.280464	0.279173	0.004842
SalEn.2_MW40581_1-324_NEs	0.229328	0.211349	0.237402	0.232518	0.000000	0.223303	0.000000	0.264178	0.229328	0.007245	0.280464	0.000000	0.003100	0.299929
SalEn.53525_1-331_NEs	0.238121	0.216343	0.247279	0.242411	0.003100	0.232101	0.003100	0.268808	0.238121	0.008287	0.279173	0.003100	0.000000	0.298033
KlePn.1_00354_1-284_NEs	0.347546	0.289177	0.340307	0.335567	0.299929	0.342990	0.299929	0.263523	0.347546	0.303498	0.004842	0.299929	0.298033	0.000000