EntCo.1_23020_1-126_NEs	0.000000	0.454793	0.427201	0.455098	0.485115	0.416222	0.455098	0.415400	0.437554	0.455098	0.587874	0.415400	0.455098	0.591567
SalEn.10435_1-124_NEs	0.454793	0.000000	0.292958	0.005370	0.307597	0.284241	0.005370	0.288905	0.293412	0.008066	0.524796	0.288905	0.005370	0.544404
EscCo.2_45550_1-123_NEs	0.427201	0.292958	0.000000	0.289066	0.310754	0.024770	0.289066	0.010946	0.033275	0.292978	0.579266	0.010946	0.289066	0.582929
SalEn.4_05241_1-124_NEs	0.455098	0.005370	0.289066	0.000000	0.303616	0.280389	0.000000	0.285027	0.293412	0.002682	0.514641	0.285027	0.000000	0.534024
CitRo.1_04971_1-124_NEs	0.485115	0.307597	0.310754	0.303616	0.000000	0.285910	0.303616	0.302636	0.299108	0.307620	0.575099	0.302636	0.303616	0.590762
EscCo.1_00474_1-123_NEs	0.416222	0.284241	0.024770	0.280389	0.285910	0.000000	0.280389	0.019207	0.019227	0.284259	0.571007	0.019207	0.280389	0.562865
SalEn.3_0447_1-124_NEs	0.455098	0.005370	0.289066	0.000000	0.303616	0.280389	0.000000	0.285027	0.293412	0.002682	0.514641	0.285027	0.000000	0.534024
EscCo.3_0495_1-123_NEs	0.415400	0.288905	0.010946	0.285027	0.302636	0.019207	0.285027	0.000000	0.027644	0.288925	0.564016	0.000000	0.285027	0.567516
EscCo.4_03536_1-123_NEs	0.437554	0.293412	0.033275	0.293412	0.299108	0.019227	0.293412	0.027644	0.000000	0.297346	0.586553	0.027644	0.293412	0.590295
SalEn.52407_1-124_NEs	0.455098	0.008066	0.292978	0.002682	0.307620	0.284259	0.002682	0.288925	0.297346	0.000000	0.514641	0.288925	0.002682	0.534024
KlePn.2_08931_1-122_NEs	0.587874	0.524796	0.579266	0.514641	0.575099	0.571007	0.514641	0.564016	0.586553	0.514641	0.000000	0.564016	0.514641	0.016720
EscCo.50442_1-123	0.415400	0.288905	0.010946	0.285027	0.302636	0.019207	0.285027	0.000000	0.027644	0.288925	0.564016	0.000000	0.285027	0.567516
SalEn.2_MW05241_1-124_NEs	0.455098	0.005370	0.289066	0.000000	0.303616	0.280389	0.000000	0.285027	0.293412	0.002682	0.514641	0.285027	0.000000	0.534024
KlePn.1_02756_1-122_NEs	0.591567	0.544404	0.582929	0.534024	0.590762	0.562865	0.534024	0.567516	0.590295	0.534024	0.016720	0.567516	0.534024	0.000000