KlePn.1_03181_1-37_NEs	0.000000	0.199640	0.192086	0.205912	0.217854	0.217854	0.217854	0.205912	0.199640	0.199640	0.199640	0.211353	0.199640
SalEn.2_MW07991_1-37_Ess	0.199640	0.000000	0.139823	0.140851	0.151605	0.151605	0.151605	0.140851	0.000000	0.000000	0.000000	0.220339	0.000000
CitRo.1_07282_1-37_NEs	0.192086	0.139823	0.000000	0.155025	0.166151	0.166151	0.166151	0.155025	0.139823	0.139823	0.139823	0.198216	0.139823
EscCo.2_48410_1-37_Ess	0.205912	0.140851	0.155025	0.000000	0.009058	0.009058	0.009058	0.000000	0.140851	0.140851	0.140851	0.217865	0.140851
EscCo.1_00733_1-37_NEs	0.217854	0.151605	0.166151	0.009058	0.000000	0.000000	0.000000	0.009058	0.151605	0.151605	0.151605	0.229926	0.151605
EscCo.3_0745_1-37_NEs	0.217854	0.151605	0.166151	0.009058	0.000000	0.000000	0.000000	0.009058	0.151605	0.151605	0.151605	0.229926	0.151605
EscCo.54515_1-37	0.217854	0.151605	0.166151	0.009058	0.000000	0.000000	0.000000	0.009058	0.151605	0.151605	0.151605	0.229926	0.151605
EscCo.4_03260_1-37_NEs	0.205912	0.140851	0.155025	0.000000	0.009058	0.009058	0.009058	0.000000	0.140851	0.140851	0.140851	0.217865	0.140851
SalEn.10692_1-37_NEs	0.199640	0.000000	0.139823	0.140851	0.151605	0.151605	0.151605	0.140851	0.000000	0.000000	0.000000	0.220339	0.000000
SalEn.3_0724_1-37_NEs	0.199640	0.000000	0.139823	0.140851	0.151605	0.151605	0.151605	0.140851	0.000000	0.000000	0.000000	0.220339	0.000000
SalEn.4_07991_1-37_NEs	0.199640	0.000000	0.139823	0.140851	0.151605	0.151605	0.151605	0.140851	0.000000	0.000000	0.000000	0.220339	0.000000
EntCo.1_20030_1-37_NEs	0.211353	0.220339	0.198216	0.217865	0.229926	0.229926	0.229926	0.217865	0.220339	0.220339	0.220339	0.000000	0.220339
SalEn.52134_1-37_NEs	0.199640	0.000000	0.139823	0.140851	0.151605	0.151605	0.151605	0.140851	0.000000	0.000000	0.000000	0.220339	0.000000