EntCo.1_15390_1-334_Ess	0.000000	0.450004	0.448005	0.445161	0.434964	0.436355	0.434817	0.450004	0.449722	0.437076	0.441848	0.440150	0.450004	0.450167
SalEn.4_12101_1-334_Ess	0.450004	0.000000	0.360231	0.460970	0.354762	0.362521	0.303946	0.000000	0.011084	0.456374	0.351344	0.349818	0.000000	0.013106
EscCo.1_01237_1-334_Ess	0.448005	0.360231	0.000000	0.479912	0.010965	0.025223	0.359889	0.360231	0.361569	0.471593	0.016990	0.015983	0.360231	0.354903
KlePn.1_03575_1-334_Ess	0.445161	0.460970	0.479912	0.000000	0.473453	0.485243	0.428049	0.460970	0.466143	0.004054	0.480484	0.478715	0.460970	0.454744
EscCo.2_54590_1-334_Ess	0.434964	0.354762	0.010965	0.473453	0.000000	0.020107	0.356270	0.354762	0.356100	0.465210	0.009949	0.008950	0.354762	0.349458
EscCo.4_02813_1-334_Ess	0.436355	0.362521	0.025223	0.485243	0.020107	0.000000	0.365269	0.362521	0.363862	0.476877	0.023148	0.023148	0.362521	0.357168
CitRo.1_11611_1-334_Ess	0.434817	0.303946	0.359889	0.428049	0.356270	0.365269	0.000000	0.303946	0.309739	0.423674	0.362370	0.360822	0.303946	0.302000
SalEn.2_MW12101_1-334_Ess	0.450004	0.000000	0.360231	0.460970	0.354762	0.362521	0.303946	0.000000	0.011084	0.456374	0.351344	0.349818	0.000000	0.013106
SalEn.11848_1-334_Ess	0.449722	0.011084	0.361569	0.466143	0.356100	0.363862	0.309739	0.011084	0.000000	0.461519	0.352679	0.351152	0.011084	0.010058
KlePn.2_17111_1-334_Ess	0.437076	0.456374	0.471593	0.004054	0.465210	0.476877	0.423674	0.456374	0.461519	0.000000	0.472180	0.470427	0.456374	0.450192
EscCo.51099_1-334	0.441848	0.351344	0.016990	0.480484	0.009949	0.023148	0.362370	0.351344	0.352679	0.472180	0.000000	0.000989	0.351344	0.346067
EscCo.3_1164_1-334_Ess	0.440150	0.349818	0.015983	0.478715	0.008950	0.023148	0.360822	0.349818	0.351152	0.470427	0.000989	0.000000	0.349818	0.344550
SalEn.3_1138_1-334_Ess	0.450004	0.000000	0.360231	0.460970	0.354762	0.362521	0.303946	0.000000	0.011084	0.456374	0.351344	0.349818	0.000000	0.013106
SalEn.51719_1-334_Ess	0.450167	0.013106	0.354903	0.454744	0.349458	0.357168	0.302000	0.013106	0.010058	0.450192	0.346067	0.344550	0.013106	0.000000