KlePn.1_05154_1-171_NEs	0.000000	0.007947	0.372993	0.319752	0.303064	0.369637	0.369637	0.357673	0.357673	0.378857	0.354455	0.351599	0.357673
KlePn.2_20871_1-171_NEs	0.007947	0.000000	0.367615	0.314974	0.292438	0.357985	0.357985	0.349320	0.349320	0.373423	0.346148	0.343325	0.349320
EscCo.1_01521_1-171_NEs	0.372993	0.367615	0.000000	0.302180	0.276799	0.015695	0.015695	0.272568	0.272568	0.015717	0.275218	0.272435	0.272568
EntCo.1_12650_1-171_NEs	0.319752	0.314974	0.302180	0.000000	0.318342	0.302164	0.302164	0.332384	0.332384	0.298952	0.323572	0.339573	0.332384
CitRo.1_16711_1-171_NEs	0.303064	0.292438	0.276799	0.318342	0.000000	0.279620	0.279620	0.308633	0.308633	0.285740	0.306745	0.318671	0.308633
EscCo.3_1439_1-171_NEs	0.369637	0.357985	0.015695	0.302164	0.279620	0.000000	0.000000	0.269806	0.269806	0.019630	0.275303	0.272519	0.269806
EscCo.51335_1-171	0.369637	0.357985	0.015695	0.302164	0.279620	0.000000	0.000000	0.269806	0.269806	0.019630	0.275303	0.272519	0.269806
SalEn.4_16551_1-171_NEs	0.357673	0.349320	0.272568	0.332384	0.308633	0.269806	0.269806	0.000000	0.000000	0.267504	0.021698	0.013752	0.000000
SalEn.3_1590_1-171_NEs	0.357673	0.349320	0.272568	0.332384	0.308633	0.269806	0.269806	0.000000	0.000000	0.267504	0.021698	0.013752	0.000000
EscCo.4_02430_1-171_NEs	0.378857	0.373423	0.015717	0.298952	0.285740	0.019630	0.019630	0.267504	0.267504	0.000000	0.272998	0.270216	0.267504
SalEn.11372_1-171_NEs	0.354455	0.346148	0.275218	0.323572	0.306745	0.275303	0.275303	0.021698	0.021698	0.272998	0.000000	0.023693	0.021698
SalEn.51563_1-171_NEs	0.351599	0.343325	0.272435	0.339573	0.318671	0.272519	0.272519	0.013752	0.013752	0.270216	0.023693	0.000000	0.013752
SalEn.2_MW16551_1-171_NEs	0.357673	0.349320	0.272568	0.332384	0.308633	0.269806	0.269806	0.000000	0.000000	0.267504	0.021698	0.013752	0.000000