EscCo.4_00411_1-157_NEs	0.000000	0.055715	0.008537	0.180617	0.183271	0.239850	0.185963	0.183271	0.159347	0.220549	0.239970	0.183271	0.055715
EscCo.3_3536_1-157_BeL	0.055715	0.000000	0.051112	0.178870	0.181532	0.227307	0.184234	0.181532	0.161308	0.211749	0.224510	0.181532	0.000000
EscCo.1_03719_1-157_BeL	0.008537	0.051112	0.000000	0.175167	0.177805	0.233951	0.180482	0.177805	0.159274	0.217641	0.234068	0.177805	0.051112
SalEn.13232_1-157_BeL	0.180617	0.178870	0.175167	0.000000	0.002125	0.186013	0.004255	0.002125	0.158786	0.186113	0.186061	0.002125	0.178870
SalEn.2_MW33971_1-157_BeL	0.183271	0.181532	0.177805	0.002125	0.000000	0.183267	0.002125	0.000000	0.161335	0.183365	0.183314	0.000000	0.181532
KlePn.1_00901_1-157_NEs	0.239850	0.227307	0.233951	0.186013	0.183267	0.000000	0.185960	0.183267	0.181326	0.166762	0.008519	0.183267	0.227307
SalEn.54100_1-157_NEs	0.185963	0.184234	0.180482	0.004255	0.002125	0.185960	0.000000	0.002125	0.163918	0.186059	0.186007	0.002125	0.184234
SalEn.3_3371_1-157_BeL	0.183271	0.181532	0.177805	0.002125	0.000000	0.183267	0.002125	0.000000	0.161335	0.183365	0.183314	0.000000	0.181532
CitRo.1_45371_1-157_NEs	0.159347	0.161308	0.159274	0.158786	0.161335	0.181326	0.163918	0.161335	0.000000	0.189688	0.178705	0.161335	0.161308
EntCo.1_24990_1-157_BeL	0.220549	0.211749	0.217641	0.186113	0.183365	0.166762	0.186059	0.183365	0.189688	0.000000	0.169451	0.183365	0.211749
KlePn.2_43211_1-157_BeL	0.239970	0.224510	0.234068	0.186061	0.183314	0.008519	0.186007	0.183314	0.178705	0.169451	0.000000	0.183314	0.224510
SalEn.4_33971_1-157_BeL	0.183271	0.181532	0.177805	0.002125	0.000000	0.183267	0.002125	0.000000	0.161335	0.183365	0.183314	0.000000	0.181532
EscCo.53284_1-157	0.055715	0.000000	0.051112	0.178870	0.181532	0.227307	0.184234	0.181532	0.161308	0.211749	0.224510	0.181532	0.000000