EscCo.1_01585_1-386_NEs	0.000000	0.010348	0.447107	0.011219	0.011225	0.021763	0.534464	0.535616	0.431357	0.429839	0.429753	0.429839	0.433484
EscCo.51433_1-388	0.010348	0.000000	0.454299	0.002559	0.011164	0.024287	0.532771	0.533913	0.432809	0.431298	0.431212	0.431298	0.434924
CitRo.1_16001_1-388_NEs	0.447107	0.454299	0.000000	0.456098	0.449925	0.441951	0.498937	0.503540	0.442083	0.443638	0.443990	0.443638	0.444809
EscCo.3_1504_1-388_NEs	0.011219	0.002559	0.456098	0.000000	0.012033	0.025175	0.534783	0.535932	0.434513	0.432998	0.432912	0.432998	0.436628
EscCo.2_4260_1-388_NEs	0.011225	0.011164	0.449925	0.012033	0.000000	0.018169	0.533760	0.534903	0.435443	0.433930	0.433843	0.433930	0.437556
EscCo.4_02384_1-388_NEs	0.021763	0.024287	0.441951	0.025175	0.018169	0.000000	0.537037	0.538195	0.444288	0.442758	0.442668	0.442758	0.446408
KlePn.2_25171_1-388_NEs	0.534464	0.532771	0.498937	0.534783	0.533760	0.537037	0.000000	0.007949	0.473471	0.475106	0.482761	0.475106	0.477054
KlePn.1_04738_1-388_NEs	0.535616	0.533913	0.503540	0.535932	0.534903	0.538195	0.007949	0.000000	0.481517	0.483169	0.490921	0.483169	0.485143
SalEn.3_1536_1-388_NEs	0.431357	0.432809	0.442083	0.434513	0.435443	0.444288	0.473471	0.481517	0.000000	0.000858	0.008628	0.000858	0.012094
SalEn.2_MW16011_1-388_NEs	0.429839	0.431298	0.443638	0.432998	0.433930	0.442758	0.475106	0.483169	0.000858	0.000000	0.007761	0.000000	0.011224
SalEn.11450_1-388_NEs	0.429753	0.431212	0.443990	0.432912	0.433843	0.442668	0.482761	0.490921	0.008628	0.007761	0.000000	0.007761	0.011224
SalEn.4_16011_1-388_NEs	0.429839	0.431298	0.443638	0.432998	0.433930	0.442758	0.475106	0.483169	0.000858	0.000000	0.007761	0.000000	0.011224
SalEn.51515_21-408_NEs	0.433484	0.434924	0.444809	0.436628	0.437556	0.446408	0.477054	0.485143	0.012094	0.011224	0.011224	0.011224	0.000000