EntCo.1_31560_1-211_NEs	0.000000	0.237916	0.251983	0.252857	0.238877	0.235825	0.240936	0.259421	0.240936	0.240689	0.240783	0.196699	0.235825
SalEn.4_30271_1-211_NEs	0.237916	0.000000	0.276146	0.281998	0.011184	0.001584	0.259477	0.286452	0.259477	0.274187	0.012786	0.211207	0.001584
EscCo.4_00833_1-211_NEs	0.251983	0.276146	0.000000	0.295264	0.269079	0.273984	0.022446	0.302133	0.022446	0.022414	0.274052	0.272581	0.273984
KlePn.2_40161_1-211_NEs	0.252857	0.281998	0.295264	0.000000	0.275622	0.279816	0.284978	0.006345	0.284978	0.294015	0.273825	0.240170	0.279816
SalEn.52984_1-211_NEs	0.238877	0.011184	0.269079	0.275622	0.000000	0.009580	0.252564	0.280058	0.252564	0.267128	0.007977	0.211581	0.009580
SalEn.2_MW30271_1-211_NEs	0.235825	0.001584	0.273984	0.279816	0.009580	0.000000	0.257351	0.284263	0.257351	0.272026	0.011181	0.209189	0.000000
EscCo.52923_1-211	0.240936	0.259477	0.022446	0.284978	0.252564	0.257351	0.000000	0.291758	0.000000	0.029046	0.255221	0.258316	0.257351
KlePn.1_01313_1-211_NEs	0.259421	0.286452	0.302133	0.006345	0.280058	0.284263	0.291758	0.000000	0.291758	0.300901	0.278262	0.242251	0.284263
EscCo.3_3115_1-211_NEs	0.240936	0.259477	0.022446	0.284978	0.252564	0.257351	0.000000	0.291758	0.000000	0.029046	0.255221	0.258316	0.257351
EscCo.1_03282_1-211_NEs	0.240689	0.274187	0.022414	0.294015	0.267128	0.272026	0.029046	0.300901	0.029046	0.000000	0.272093	0.263914	0.272026
SalEn.12909_1-211_NEs	0.240783	0.012786	0.274052	0.273825	0.007977	0.011181	0.255221	0.278262	0.255221	0.272093	0.000000	0.216140	0.011181
CitRo.1_50761_1-211_NEs	0.196699	0.211207	0.272581	0.240170	0.211581	0.209189	0.258316	0.242251	0.258316	0.263914	0.216140	0.000000	0.209189
SalEn.3_3042_1-211_NEs	0.235825	0.001584	0.273984	0.279816	0.009580	0.000000	0.257351	0.284263	0.257351	0.272026	0.011181	0.209189	0.000000