CitRo.1_46121_1-239_NEs	0.000000	0.261141	0.256817	0.327691	0.329176	0.271436	0.328870	0.325689	0.286013	0.271436	0.324168	0.271436	0.329176
SalEn.13159_4-242_NEs	0.261141	0.000000	0.005628	0.298895	0.303195	0.022831	0.304998	0.302319	0.320114	0.022831	0.310220	0.022831	0.303195
SalEn.53243_4-242_NEs	0.256817	0.005628	0.000000	0.294506	0.298781	0.017026	0.300579	0.307772	0.321856	0.017026	0.315735	0.017026	0.298781
EscCo.3_00484_4-242_NEs	0.327691	0.298895	0.294506	0.000000	0.015368	0.293406	0.019623	0.358278	0.349191	0.293406	0.358933	0.293406	0.015368
EscCo.43208_4-242	0.329176	0.303195	0.298781	0.015368	0.000000	0.297660	0.009734	0.358482	0.349515	0.297660	0.359136	0.297660	0.000000
SalEn.2_MW33251_4-242_NEs	0.271436	0.022831	0.017026	0.293406	0.297660	0.000000	0.299450	0.305001	0.318774	0.000000	0.312932	0.000000	0.297660
EscCo.1_03650_4-242_NEs	0.328870	0.304998	0.300579	0.019623	0.009734	0.299450	0.000000	0.360377	0.353465	0.299450	0.361023	0.299450	0.009734
KlePn.1_00981_3-241_NEs	0.325689	0.302319	0.307772	0.358278	0.358482	0.305001	0.360377	0.000000	0.306082	0.305001	0.019948	0.305001	0.358482
EntCo.1_34440_5-241_NEs	0.286013	0.320114	0.321856	0.349191	0.349515	0.318774	0.353465	0.306082	0.000000	0.318774	0.296083	0.318774	0.349515
SalEn.4_33251_4-242_NEs	0.271436	0.022831	0.017026	0.293406	0.297660	0.000000	0.299450	0.305001	0.318774	0.000000	0.312932	0.000000	0.297660
KlePn.2_42671_3-241_NEs	0.324168	0.310220	0.315735	0.358933	0.359136	0.312932	0.361023	0.019948	0.296083	0.312932	0.000000	0.312932	0.359136
SalEn.3_3298_4-242_NEs	0.271436	0.022831	0.017026	0.293406	0.297660	0.000000	0.299450	0.305001	0.318774	0.000000	0.312932	0.000000	0.297660
EscCo.2_3473_4-242_NEs	0.329176	0.303195	0.298781	0.015368	0.000000	0.297660	0.009734	0.358482	0.349515	0.297660	0.359136	0.297660	0.000000