EntCo.1_40460_1-354_NEs	0.000000	0.203783	0.223934	0.179150	0.202580	0.192885	0.224339	0.177922	0.225790	0.202580	0.202580	0.202420	0.225266
SalEn.50702_1-369_NEs	0.203783	0.000000	0.187682	0.205763	0.005437	0.162630	0.190101	0.203376	0.198576	0.005437	0.005437	0.006352	0.194590
EscCo.3_2251_1-369_NEs	0.223934	0.187682	0.000000	0.228778	0.187690	0.174447	0.015442	0.231195	0.038763	0.187690	0.187690	0.186476	0.016361
KlePn.2_31621_1-369_NEs	0.179150	0.205763	0.228778	0.000000	0.205769	0.190188	0.226700	0.006400	0.224488	0.205769	0.205769	0.203233	0.225553
SalEn.2_MW21851_1-369_NEs	0.202580	0.005437	0.187690	0.205769	0.000000	0.164855	0.190108	0.203382	0.198585	0.000000	0.000000	0.004527	0.194598
CitRo.1_22351_1-369_NEs	0.192885	0.162630	0.174447	0.190188	0.164855	0.000000	0.169309	0.187839	0.172386	0.164855	0.164855	0.163646	0.177019
EscCo.52113_1-369	0.224339	0.190101	0.015442	0.226700	0.190108	0.169309	0.000000	0.229116	0.032186	0.190108	0.190108	0.188889	0.030298
KlePn.1_04020_1-369_NEs	0.177922	0.203376	0.231195	0.006400	0.203382	0.187839	0.229116	0.000000	0.226900	0.203382	0.203382	0.200854	0.227967
EscCo.4_01597_1-369_NEs	0.225790	0.198576	0.038763	0.224488	0.198585	0.172386	0.032186	0.226900	0.000000	0.198585	0.198585	0.197349	0.037830
SalEn.3_2131_1-369_NEs	0.202580	0.005437	0.187690	0.205769	0.000000	0.164855	0.190108	0.203382	0.198585	0.000000	0.000000	0.004527	0.194598
SalEn.4_21851_1-369_NEs	0.202580	0.005437	0.187690	0.205769	0.000000	0.164855	0.190108	0.203382	0.198585	0.000000	0.000000	0.004527	0.194598
SalEn.12147_1-369_NEs	0.202420	0.006352	0.186476	0.203233	0.004527	0.163646	0.188889	0.200854	0.197349	0.004527	0.004527	0.000000	0.193373
EscCo.1_02358_1-369_NEs	0.225266	0.194590	0.016361	0.225553	0.194598	0.177019	0.030298	0.227967	0.037830	0.194598	0.194598	0.193373	0.000000