EscCo.2_610_1-153_Ess	0.000000	0.024398	0.019854	0.283949	0.283949	0.288155	0.315251	0.244144	0.339572	0.286510	0.019854	0.019854	0.356445	0.283949
EscCo.4_02778_1-153_NEs	0.024398	0.000000	0.013174	0.271087	0.271087	0.275187	0.322425	0.240759	0.320873	0.273635	0.013174	0.013174	0.337355	0.271087
EscCo.51134_1-153	0.019854	0.013174	0.000000	0.260949	0.260949	0.264958	0.322327	0.225172	0.320777	0.263480	0.000000	0.000000	0.337253	0.260949
SalEn.4_12451_1-153_NEs	0.283949	0.271087	0.260949	0.000000	0.000000	0.008773	0.339891	0.267224	0.334435	0.010961	0.260949	0.260949	0.349749	0.000000
SalEn.2_MW12451_1-153_NEs	0.283949	0.271087	0.260949	0.000000	0.000000	0.008773	0.339891	0.267224	0.334435	0.010961	0.260949	0.260949	0.349749	0.000000
SalEn.51685_1-153_NEs	0.288155	0.275187	0.264958	0.008773	0.008773	0.000000	0.341346	0.268187	0.339209	0.010994	0.264958	0.264958	0.354636	0.008773
EntCo.1_15010_1-153_NEs	0.315251	0.322425	0.322327	0.339891	0.339891	0.341346	0.000000	0.302977	0.254451	0.329086	0.322327	0.322327	0.272399	0.339891
CitRo.1_12241_1-153_NEs	0.244144	0.240759	0.225172	0.267224	0.267224	0.268187	0.302977	0.000000	0.259558	0.266674	0.225172	0.225172	0.268035	0.267224
KlePn.2_17591_1-152_NEs	0.339572	0.320873	0.320777	0.334435	0.334435	0.339209	0.254451	0.259558	0.000000	0.330252	0.320777	0.320777	0.006640	0.334435
SalEn.11814_1-153_NEs	0.286510	0.273635	0.263480	0.010961	0.010961	0.010994	0.329086	0.266674	0.330252	0.000000	0.263480	0.263480	0.345484	0.010961
EscCo.3_1258_1-153_NEs	0.019854	0.013174	0.000000	0.260949	0.260949	0.264958	0.322327	0.225172	0.320777	0.263480	0.000000	0.000000	0.337253	0.260949
EscCo.1_01335_1-153_NEs	0.019854	0.013174	0.000000	0.260949	0.260949	0.264958	0.322327	0.225172	0.320777	0.263480	0.000000	0.000000	0.337253	0.260949
KlePn.1_03612_1-153_NEs	0.356445	0.337355	0.337253	0.349749	0.349749	0.354636	0.272399	0.268035	0.006640	0.345484	0.337253	0.337253	0.000000	0.349749
SalEn.3_1173_1-153_NEs	0.283949	0.271087	0.260949	0.000000	0.000000	0.008773	0.339891	0.267224	0.334435	0.010961	0.260949	0.260949	0.349749	0.000000