EscCo.1_00978_1-326_Ess	0.000000	0.337888	0.013296	0.334307	0.341822	0.334307	0.029982	0.003045	0.408079	0.402057	0.400700	0.335893	0.003045	0.336973
SalEn.51949_1-325_Ess	0.337888	0.000000	0.336300	0.013527	0.307933	0.013527	0.344628	0.336245	0.377217	0.379067	0.377845	0.014576	0.336245	0.014590
EscCo.2_50900_1-326_Ess	0.013296	0.336300	0.000000	0.334234	0.339551	0.334234	0.028938	0.012266	0.401540	0.392691	0.391340	0.335819	0.012266	0.335383
SalEn.4_09961_1-325_Ess	0.334307	0.013527	0.334234	0.000000	0.312302	0.000000	0.342533	0.332672	0.372586	0.381239	0.380016	0.001028	0.332672	0.017725
CitRo.1_09831_1-325_Ess	0.341822	0.307933	0.339551	0.312302	0.000000	0.312302	0.349057	0.340185	0.373737	0.356563	0.355350	0.313850	0.340185	0.306390
SalEn.2_MW09961_1-325_Ess	0.334307	0.013527	0.334234	0.000000	0.312302	0.000000	0.342533	0.332672	0.372586	0.381239	0.380016	0.001028	0.332672	0.017725
EscCo.4_02974_1-326_Ess	0.029982	0.344628	0.028938	0.342533	0.349057	0.342533	0.000000	0.028930	0.408731	0.402589	0.401231	0.344131	0.028930	0.340454
EscCo.3_0983_1-326_Ess	0.003045	0.336245	0.012266	0.332672	0.340185	0.332672	0.028930	0.000000	0.406296	0.400273	0.398917	0.334255	0.000000	0.335329
EntCo.1_17680_1-325_Ess	0.408079	0.377217	0.401540	0.372586	0.373737	0.372586	0.408731	0.406296	0.000000	0.408658	0.412867	0.374267	0.406296	0.383251
KlePn.1_03430_1-325_Ess	0.402057	0.379067	0.392691	0.381239	0.356563	0.381239	0.402589	0.400273	0.408658	0.000000	0.004164	0.382964	0.400273	0.380215
KlePn.2_15581_1-325_Ess	0.400700	0.377845	0.391340	0.380016	0.355350	0.380016	0.401231	0.398917	0.412867	0.004164	0.000000	0.381741	0.398917	0.378996
SalEn.3_0922_1-325_Ess	0.335893	0.014576	0.335819	0.001028	0.313850	0.001028	0.344131	0.334255	0.374267	0.382964	0.381741	0.000000	0.334255	0.018778
EscCo.50915_1-326	0.003045	0.336245	0.012266	0.332672	0.340185	0.332672	0.028930	0.000000	0.406296	0.400273	0.398917	0.334255	0.000000	0.335329
SalEn.10889_1-325_Ess	0.336973	0.014590	0.335383	0.017725	0.306390	0.017725	0.340454	0.335329	0.383251	0.380215	0.378996	0.018778	0.335329	0.000000