SalEn.3_1875_1-182_Ess	0.000000	0.200788	0.000000	0.186363	0.000000	0.217202	0.188440	0.003674	0.193434	0.003679	0.188394	0.214733
CitRo.1_19671_1-182_Ess	0.200788	0.000000	0.200788	0.221186	0.200788	0.213980	0.220955	0.203495	0.218675	0.200788	0.228223	0.216437
SalEn.4_19241_1-182_Ess	0.000000	0.200788	0.000000	0.186363	0.000000	0.217202	0.188440	0.003674	0.193434	0.003679	0.188394	0.214733
EscCo.1_02148_1-182_Ess	0.186363	0.221186	0.186363	0.000000	0.186363	0.222119	0.007370	0.181516	0.007360	0.181214	0.012899	0.219636
SalEn.2_MW19241_1-182_Ess	0.000000	0.200788	0.000000	0.186363	0.000000	0.217202	0.188440	0.003674	0.193434	0.003679	0.188394	0.214733
KlePn.1_04251_1-182_Ess	0.217202	0.213980	0.217202	0.222119	0.217202	0.000000	0.219196	0.216992	0.225221	0.214209	0.221616	0.001843
EscCo.51912_1-182	0.188440	0.220955	0.188440	0.007370	0.188440	0.219196	0.000000	0.183588	0.012936	0.183282	0.016633	0.216726
SalEn.11061_1-182_Ess	0.003674	0.203495	0.003674	0.181516	0.003674	0.216992	0.183588	0.000000	0.188546	0.003677	0.183543	0.214525
EscCo.3_2020_1-182_Ess	0.193434	0.218675	0.193434	0.007360	0.193434	0.225221	0.012936	0.188546	0.000000	0.188229	0.020403	0.222723
SalEn.50931_1-182_Ess	0.003679	0.200788	0.003679	0.181214	0.003679	0.214209	0.183282	0.003677	0.188229	0.000000	0.183237	0.211753
EscCo.4_01912_1-182_Ess	0.188394	0.228223	0.188394	0.012899	0.188394	0.221616	0.016633	0.183543	0.020403	0.183237	0.000000	0.219140
KlePn.2_29931_1-182_Ess	0.214733	0.216437	0.214733	0.219636	0.214733	0.001843	0.216726	0.214525	0.222723	0.211753	0.219140	0.000000