EscCo.4_02804_1-180_Ess	0.000000	0.043897	0.047872	0.213507	0.040040	0.213507	0.213507	0.242912	0.043897	0.176999	0.253239	0.213507	0.210802	0.242940
EscCo.51108_1-180	0.043897	0.000000	0.011199	0.216205	0.016848	0.216205	0.216205	0.232517	0.000000	0.174902	0.234579	0.216205	0.213487	0.232543
EscCo.1_01246_1-180_NEs	0.047872	0.011199	0.000000	0.211665	0.016867	0.211665	0.211665	0.232854	0.011199	0.175143	0.239907	0.211665	0.208961	0.232881
SalEn.3_1147_1-180_NEs	0.213507	0.216205	0.211665	0.000000	0.208634	0.000000	0.009312	0.230141	0.216205	0.183671	0.221035	0.000000	0.001857	0.227679
EscCo.2_54690_1-180_Ess	0.040040	0.016848	0.016867	0.208634	0.000000	0.208634	0.208634	0.222941	0.016848	0.165900	0.234877	0.208634	0.205950	0.222966
SalEn.4_12191_1-180_NEs	0.213507	0.216205	0.211665	0.000000	0.208634	0.000000	0.009312	0.230141	0.216205	0.183671	0.221035	0.000000	0.001857	0.227679
SalEn.51710_1-180_NEs	0.213507	0.216205	0.211665	0.009312	0.208634	0.009312	0.000000	0.232623	0.216205	0.186004	0.221036	0.009312	0.011198	0.230155
KlePn.1_03583_1-180_NEs	0.242912	0.232517	0.232854	0.230141	0.222941	0.230141	0.232623	0.000000	0.232517	0.172843	0.219447	0.230141	0.227346	0.003704
EscCo.3_1173_1-180_NEs	0.043897	0.000000	0.011199	0.216205	0.016848	0.216205	0.216205	0.232517	0.000000	0.174902	0.234579	0.216205	0.213487	0.232543
CitRo.1_11701_1-180_NEs	0.176999	0.174902	0.175143	0.183671	0.165900	0.183671	0.186004	0.172843	0.174902	0.000000	0.191598	0.183671	0.186256	0.177498
EntCo.1_15300_1-180_NEs	0.253239	0.234579	0.239907	0.221035	0.234877	0.221035	0.221036	0.219447	0.234579	0.191598	0.000000	0.221035	0.218268	0.221905
SalEn.2_MW12191_1-180_Ess	0.213507	0.216205	0.211665	0.000000	0.208634	0.000000	0.009312	0.230141	0.216205	0.183671	0.221035	0.000000	0.001857	0.227679
SalEn.11839_1-180_NEs	0.210802	0.213487	0.208961	0.001857	0.205950	0.001857	0.011198	0.227346	0.213487	0.186256	0.218268	0.001857	0.000000	0.224894
KlePn.2_17191_1-180_NEs	0.242940	0.232543	0.232881	0.227679	0.222966	0.227679	0.230155	0.003704	0.232543	0.177498	0.221905	0.227679	0.224894	0.000000