EscCo.54155_1-325	0.000000	0.210325	0.234492	0.008228	0.000000	0.210325	0.210325	0.210325	0.005135	0.236766	0.236600	0.207228	0.010306	0.206141
SalEn.14114_1-325_NEs	0.210325	0.000000	0.223907	0.207592	0.210325	0.000000	0.000000	0.000000	0.207298	0.197736	0.197591	0.007215	0.213158	0.183497
EntCo.1_42590_1-325_NEs	0.234492	0.223907	0.000000	0.238576	0.234492	0.223907	0.223907	0.223907	0.237253	0.192239	0.189452	0.217035	0.234642	0.189539
EscCo.2_38180_1-325_NEs	0.008228	0.207592	0.238576	0.000000	0.008228	0.207592	0.207592	0.207592	0.007196	0.242604	0.242433	0.204511	0.014439	0.206081
EscCo.3_4504_1-325_NEs	0.000000	0.210325	0.234492	0.008228	0.000000	0.210325	0.210325	0.210325	0.005135	0.236766	0.236600	0.207228	0.010306	0.206141
SalEn.2_MW42921_1-325_NEs	0.210325	0.000000	0.223907	0.207592	0.210325	0.000000	0.000000	0.000000	0.207298	0.197736	0.197591	0.007215	0.213158	0.183497
SalEn.3_4281_1-325_NEs	0.210325	0.000000	0.223907	0.207592	0.210325	0.000000	0.000000	0.000000	0.207298	0.197736	0.197591	0.007215	0.213158	0.183497
SalEn.4_42921_1-325_NEs	0.210325	0.000000	0.223907	0.207592	0.210325	0.000000	0.000000	0.000000	0.207298	0.197736	0.197591	0.007215	0.213158	0.183497
EscCo.1_04636_1-325_NEs	0.005135	0.207298	0.237253	0.007196	0.005135	0.207298	0.207298	0.207298	0.000000	0.242650	0.242479	0.204222	0.011343	0.209116
KlePn.2_01671_1-325_NEs	0.236766	0.197736	0.192239	0.242604	0.236766	0.197736	0.197736	0.197736	0.242650	0.000000	0.005174	0.195325	0.240089	0.184603
KlePn.1_02032_1-325_NEs	0.236600	0.197591	0.189452	0.242433	0.236600	0.197591	0.197591	0.197591	0.242479	0.005174	0.000000	0.195182	0.239920	0.183151
SalEn.54396_1-325_NEs	0.207228	0.007215	0.217035	0.204511	0.207228	0.007215	0.007215	0.007215	0.204222	0.195325	0.195182	0.000000	0.210045	0.178249
EscCo.4_04297_1-325_NEs	0.010306	0.213158	0.234642	0.014439	0.010306	0.213158	0.213158	0.213158	0.011343	0.240089	0.239920	0.210045	0.000000	0.211646
CitRo.1_32191_1-325_NEs	0.206141	0.183497	0.189539	0.206081	0.206141	0.183497	0.183497	0.183497	0.209116	0.184603	0.183151	0.178249	0.211646	0.000000