SalEn.13889_1-105_NEs	0.000000	0.113884	0.055863	0.003181	0.059272	0.003186	0.062644	0.003186	0.102640	0.083867	0.055863	0.102640	0.003186
EntCo.1_01000_1-105_NEs	0.113884	0.000000	0.113955	0.110249	0.117670	0.113622	0.113914	0.113622	0.091712	0.084488	0.113955	0.091712	0.113622
EscCo.2_4207_1-105_NEs	0.055863	0.113955	0.000000	0.052495	0.003181	0.059373	0.006370	0.059373	0.088335	0.066478	0.000000	0.088335	0.059373
SalEn.53519_1-105_NEs	0.003181	0.110249	0.052495	0.000000	0.055892	0.006384	0.059253	0.006384	0.099055	0.080383	0.052495	0.099055	0.006384
EscCo.1_04398_1-105_NEs	0.059272	0.117670	0.003181	0.055892	0.000000	0.062803	0.009574	0.062803	0.091933	0.063054	0.003181	0.091933	0.062803
SalEn.3_4048_1-105_NEs	0.003186	0.113622	0.059373	0.006384	0.062803	0.000000	0.066192	0.000000	0.102407	0.083681	0.059373	0.102407	0.000000
EscCo.3_04562_1-105_NEs	0.062644	0.113914	0.006370	0.059253	0.009574	0.066192	0.000000	0.066192	0.095462	0.073374	0.006370	0.095462	0.066192
SalEn.2_MW40641_1-105_NEs	0.003186	0.113622	0.059373	0.006384	0.062803	0.000000	0.066192	0.000000	0.102407	0.083681	0.059373	0.102407	0.000000
KlePn.1_00350_1-105_NEs	0.102640	0.091712	0.088335	0.099055	0.091933	0.102407	0.095462	0.102407	0.000000	0.056464	0.088335	0.000000	0.102407
CitRo.1_38061_1-105_NEs	0.083867	0.084488	0.066478	0.080383	0.063054	0.083681	0.073374	0.083681	0.056464	0.000000	0.066478	0.056464	0.083681
EscCo.43938_1-105_BeL	0.055863	0.113955	0.000000	0.052495	0.003181	0.059373	0.006370	0.059373	0.088335	0.066478	0.000000	0.088335	0.059373
KlePn.2_48651_1-105_NEs	0.102640	0.091712	0.088335	0.099055	0.091933	0.102407	0.095462	0.102407	0.000000	0.056464	0.088335	0.000000	0.102407
SalEn.4_40641_1-105_NEs	0.003186	0.113622	0.059373	0.006384	0.062803	0.000000	0.066192	0.000000	0.102407	0.083681	0.059373	0.102407	0.000000