SalEn.52206_1-292_NEs	0.000000	0.132813	0.136392	0.123296	0.155812	0.003430	0.137854	0.005723	0.005723	0.131484	0.127447	0.127447	0.005723	0.131381
EscCo.1_00664_1-292_NEs	0.132813	0.000000	0.150641	0.123331	0.144670	0.131486	0.147752	0.131473	0.131473	0.009174	0.005723	0.005723	0.131473	0.005727
KlePn.2_12631_1-292_NEs	0.136392	0.150641	0.000000	0.161223	0.159811	0.139121	0.003438	0.140480	0.140480	0.152030	0.152008	0.152008	0.140480	0.156328
CitRo.1_06701_1-292_NEs	0.123296	0.123331	0.161223	0.000000	0.164119	0.123308	0.158278	0.123296	0.123296	0.126007	0.123331	0.123331	0.123296	0.123444
EntCo.1_20590_1-292_NEs	0.155812	0.144670	0.159811	0.164119	0.000000	0.157231	0.157136	0.160025	0.160025	0.140577	0.144658	0.144658	0.160025	0.146171
SalEn.10636_1-292_NEs	0.003430	0.131486	0.139121	0.123308	0.157231	0.000000	0.140590	0.002285	0.002285	0.132845	0.128802	0.128802	0.002285	0.130056
KlePn.1_03125_24-315_NEs	0.137854	0.147752	0.003438	0.158278	0.157136	0.140590	0.000000	0.141952	0.141952	0.149135	0.149114	0.149114	0.141952	0.153414
SalEn.2_MW07321_1-292_NEs	0.005723	0.131473	0.140480	0.123296	0.160025	0.002285	0.141952	0.000000	0.000000	0.132832	0.128790	0.128790	0.000000	0.130044
SalEn.3_0656_1-292_NEs	0.005723	0.131473	0.140480	0.123296	0.160025	0.002285	0.141952	0.000000	0.000000	0.132832	0.128790	0.128790	0.000000	0.130044
EscCo.2_47650_1-292_Ess	0.131484	0.009174	0.152030	0.126007	0.140577	0.132845	0.149135	0.132832	0.132832	0.000000	0.008022	0.008022	0.132832	0.010335
EscCo.3_0686_1-292_NEs	0.127447	0.005723	0.152008	0.123331	0.144658	0.128802	0.149114	0.128790	0.128790	0.008022	0.000000	0.000000	0.128790	0.009180
EscCo.50658_1-292	0.127447	0.005723	0.152008	0.123331	0.144658	0.128802	0.149114	0.128790	0.128790	0.008022	0.000000	0.000000	0.128790	0.009180
SalEn.4_07321_1-292_NEs	0.005723	0.131473	0.140480	0.123296	0.160025	0.002285	0.141952	0.000000	0.000000	0.132832	0.128790	0.128790	0.000000	0.130044
EscCo.4_03339_1-292_NEs	0.131381	0.005727	0.156328	0.123444	0.146171	0.130056	0.153414	0.130044	0.130044	0.010335	0.009180	0.009180	0.130044	0.000000