SalEn.2_MW08241_1-250_NEs	0.000000	0.000000	0.158456	0.161168	0.131577	0.000000	0.128438	0.006690	0.001333	0.131704	0.128438	0.156827	0.160823
SalEn.4_08241_1-250_NEs	0.000000	0.000000	0.158456	0.161168	0.131577	0.000000	0.128438	0.006690	0.001333	0.131704	0.128438	0.156827	0.160823
KlePn.2_13251_1-250_NEs	0.158456	0.158456	0.000000	0.120077	0.154709	0.158456	0.156314	0.163162	0.160076	0.153277	0.156314	0.004022	0.124505
CitRo.1_07471_1-250_NEs	0.161168	0.161168	0.120077	0.000000	0.144350	0.161168	0.147534	0.162605	0.162787	0.140034	0.147534	0.121639	0.135669
EscCo.1_00754_1-250_NEs	0.131577	0.131577	0.154709	0.144350	0.000000	0.131577	0.002666	0.133240	0.133140	0.025763	0.002666	0.156327	0.161913
SalEn.3_0749_1-250_NEs	0.000000	0.000000	0.158456	0.161168	0.131577	0.000000	0.128438	0.006690	0.001333	0.131704	0.128438	0.156827	0.160823
EscCo.3_0759_1-250_NEs	0.128438	0.128438	0.156314	0.147534	0.002666	0.128438	0.000000	0.130093	0.129996	0.025762	0.000000	0.157935	0.161908
SalEn.52115_1-250_NEs	0.006690	0.006690	0.163162	0.162605	0.133240	0.006690	0.130093	0.000000	0.008033	0.133370	0.130093	0.161527	0.157408
SalEn.10717_1-250_NEs	0.001333	0.001333	0.160076	0.162787	0.133140	0.001333	0.129996	0.008033	0.000000	0.133270	0.129996	0.158445	0.162439
EscCo.4_03239_1-250_NEs	0.131704	0.131704	0.153277	0.140034	0.025763	0.131704	0.025762	0.133370	0.133270	0.000000	0.025762	0.153285	0.160493
EscCo.50755_1-250	0.128438	0.128438	0.156314	0.147534	0.002666	0.128438	0.000000	0.130093	0.129996	0.025762	0.000000	0.157935	0.161908
KlePn.1_03202_1-250_NEs	0.156827	0.156827	0.004022	0.121639	0.156327	0.156827	0.157935	0.161527	0.158445	0.153285	0.157935	0.000000	0.122938
EntCo.1_19870_1-250_NEs	0.160823	0.160823	0.124505	0.135669	0.161913	0.160823	0.161908	0.157408	0.162439	0.160493	0.161908	0.122938	0.000000