SalEn.4_23261_1-16_NEs	0.000000	4.557723	0.473543	2.160939	0.473543	2.160939	4.557723	0.473543	2.160939	0.473543	2.160939	0.647760	1.704664	4.557723
SalEn.4_23261_27-111_NEs	4.557723	0.000000	2.557139	0.363517	2.557139	0.382395	0.000000	2.557139	0.377543	2.557139	0.363517	2.311903	0.562978	0.000000
EscCo.54544_1-15	0.473543	2.557139	0.000000	2.054100	0.000000	2.054100	2.557139	0.000000	2.054100	0.000000	2.054100	0.801166	2.516710	2.557139
EscCo.54544_27-111	2.160939	0.363517	2.054100	0.000000	2.054100	0.011808	0.363517	2.054100	0.027853	2.054100	0.000000	1.715262	0.609416	0.363517
EscCo.1_02506_1-15_NEs	0.473543	2.557139	0.000000	2.054100	0.000000	2.054100	2.557139	0.000000	2.054100	0.000000	2.054100	0.801166	2.516710	2.557139
EscCo.1_02506_27-111_NEs	2.160939	0.382395	2.054100	0.011808	2.054100	0.000000	0.382395	2.054100	0.031872	2.054100	0.011808	1.715262	0.626534	0.382395
SalEn.3_2271_1-85_NEs	4.557723	0.000000	2.557139	0.363517	2.557139	0.382395	0.000000	2.557139	0.377543	2.557139	0.363517	2.311903	0.562978	0.000000
EscCo.4_01450_1-15_NEs	0.473543	2.557139	0.000000	2.054100	0.000000	2.054100	2.557139	0.000000	2.054100	0.000000	2.054100	0.801166	2.516710	2.557139
EscCo.4_01450_27-111_NEs	2.160939	0.377543	2.054100	0.027853	2.054100	0.031872	0.377543	2.054100	0.000000	2.054100	0.027853	1.715262	0.582130	0.377543
EscCo.3_2392_1-15_NEs	0.473543	2.557139	0.000000	2.054100	0.000000	2.054100	2.557139	0.000000	2.054100	0.000000	2.054100	0.801166	2.516710	2.557139
EscCo.3_2392_27-111_NEs	2.160939	0.363517	2.054100	0.000000	2.054100	0.011808	0.363517	2.054100	0.027853	2.054100	0.000000	1.715262	0.609416	0.363517
EntCo.1_26890_1-18_NEs	0.647760	2.311903	0.801166	1.715262	0.801166	1.715262	2.311903	0.801166	1.715262	0.801166	1.715262	0.000000	2.433053	2.311903
EntCo.1_26890_23-107_BeL	1.704664	0.562978	2.516710	0.609416	2.516710	0.626534	0.562978	2.516710	0.582130	2.516710	0.609416	2.433053	0.000000	0.562978
SalEn.2_MW23261_1-85_NEs	4.557723	0.000000	2.557139	0.363517	2.557139	0.382395	0.000000	2.557139	0.377543	2.557139	0.363517	2.311903	0.562978	0.000000