KlePn.1_03202_1-250_NEs	0.000000	0.157942	0.161529	0.156828	0.004022	0.146713	0.158446	0.153289	0.157942	0.156334	0.156828	0.156828	0.122926	0.121627
EscCo.50755_1-250	0.157942	0.000000	0.130113	0.128455	0.156322	0.020261	0.130014	0.025766	0.000000	0.002666	0.128455	0.128455	0.161916	0.147542
SalEn.52115_1-250_NEs	0.161529	0.130113	0.000000	0.006690	0.163165	0.126771	0.008034	0.133388	0.130113	0.133259	0.006690	0.006690	0.157415	0.162611
SalEn.3_0749_1-250_NEs	0.156828	0.128455	0.006690	0.000000	0.158458	0.125124	0.001333	0.131721	0.128455	0.131594	0.000000	0.000000	0.160829	0.161173
KlePn.2_13251_1-250_NEs	0.004022	0.156322	0.163165	0.158458	0.000000	0.146705	0.160078	0.153281	0.156322	0.154716	0.158458	0.158458	0.124493	0.120066
EscCo.2_48550_1-250_NEs	0.146713	0.020261	0.126771	0.125124	0.146705	0.000000	0.126675	0.016165	0.020261	0.020262	0.125124	0.125124	0.153814	0.138053
SalEn.10717_1-250_NEs	0.158446	0.130014	0.008034	0.001333	0.160078	0.126675	0.000000	0.133286	0.130014	0.133158	0.001333	0.001333	0.162444	0.162792
EscCo.4_03239_1-250_NEs	0.153289	0.025766	0.133388	0.131721	0.153281	0.016165	0.133286	0.000000	0.025766	0.025767	0.131721	0.131721	0.160497	0.140039
EscCo.3_0759_1-250_NEs	0.157942	0.000000	0.130113	0.128455	0.156322	0.020261	0.130014	0.025766	0.000000	0.002666	0.128455	0.128455	0.161916	0.147542
EscCo.1_00754_1-250_NEs	0.156334	0.002666	0.133259	0.131594	0.154716	0.020262	0.133158	0.025767	0.002666	0.000000	0.131594	0.131594	0.161920	0.144358
SalEn.4_08241_1-250_NEs	0.156828	0.128455	0.006690	0.000000	0.158458	0.125124	0.001333	0.131721	0.128455	0.131594	0.000000	0.000000	0.160829	0.161173
SalEn.2_MW08241_1-250_NEs	0.156828	0.128455	0.006690	0.000000	0.158458	0.125124	0.001333	0.131721	0.128455	0.131594	0.000000	0.000000	0.160829	0.161173
EntCo.1_19870_1-250_NEs	0.122926	0.161916	0.157415	0.160829	0.124493	0.153814	0.162444	0.160497	0.161916	0.161920	0.160829	0.160829	0.000000	0.135656
CitRo.1_07471_1-250_NEs	0.121627	0.147542	0.162611	0.161173	0.120066	0.138053	0.162792	0.140039	0.147542	0.144358	0.161173	0.161173	0.135656	0.000000