SalEn.4_09941_1-754_NEs	0.000000	0.449872	0.449571	0.609870	0.449872	0.010694	0.418164	0.000443	0.609946	0.445217	0.009353	0.573809	0.000000
EscCo.40913_1-754	0.449872	0.000000	0.019988	0.654450	0.000000	0.447972	0.429970	0.449872	0.656247	0.043506	0.452087	0.578927	0.449872
EscCo.1_00976_1-754_NEs	0.449571	0.019988	0.000000	0.660584	0.019988	0.447671	0.434694	0.449571	0.662400	0.040223	0.451783	0.575290	0.449571
KlePn.2_15561_1-754_NEs	0.609870	0.654450	0.660584	0.000000	0.654450	0.608228	0.581642	0.608886	0.000897	0.651174	0.610879	0.596476	0.609870
EscCo.2_0981_1-754_NEs	0.449872	0.000000	0.019988	0.654450	0.000000	0.447972	0.429970	0.449872	0.656247	0.043506	0.452087	0.578927	0.449872
SalEn.10887_1-754_NEs	0.010694	0.447972	0.447671	0.608228	0.447972	0.000000	0.412473	0.011143	0.608303	0.444888	0.007565	0.562950	0.010694
CitRo.1_09811_1-754_NEs	0.418164	0.429970	0.434694	0.581642	0.429970	0.412473	0.000000	0.417401	0.583250	0.431873	0.417594	0.615202	0.418164
SalEn.3_0920_1-754_NEs	0.000443	0.449872	0.449571	0.608886	0.449872	0.011143	0.417401	0.000000	0.608962	0.445217	0.009801	0.574818	0.000443
KlePn.1_03428_1-754_NEs	0.609946	0.656247	0.662400	0.000897	0.656247	0.608303	0.583250	0.608962	0.000000	0.652959	0.610955	0.595316	0.609946
EscCo.3_02976_1-754_NEs	0.445217	0.043506	0.040223	0.651174	0.043506	0.444888	0.431873	0.445217	0.652959	0.000000	0.447416	0.576051	0.445217
SalEn.51951_1-754_NEs	0.009353	0.452087	0.451783	0.610879	0.452087	0.007565	0.417594	0.009801	0.610955	0.447416	0.000000	0.568897	0.009353
EntCo.1_17700_1-698_NEs	0.573809	0.578927	0.575290	0.596476	0.578927	0.562950	0.615202	0.574818	0.595316	0.576051	0.568897	0.000000	0.573809
SalEn.2_MW09941_1-754_NEs	0.000000	0.449872	0.449571	0.609870	0.449872	0.010694	0.418164	0.000443	0.609946	0.445217	0.009353	0.573809	0.000000