EscCo.1_02810_1-66_NEs	0.000000	0.185329	0.185329	0.216161	0.185329	0.185329	0.000000	0.185329	0.184752	0.216161	0.010158	0.203195	0.020629
SalEn.4_25541_1-66_NEs	0.185329	0.000000	0.000000	0.212837	0.000000	0.000000	0.185329	0.000000	0.148310	0.206237	0.198194	0.145526	0.205515
SalEn.3_2499_1-66_NEs	0.185329	0.000000	0.000000	0.212837	0.000000	0.000000	0.185329	0.000000	0.148310	0.206237	0.198194	0.145526	0.205515
KlePn.2_35131_1-66_NEs	0.216161	0.212837	0.212837	0.000000	0.212837	0.212837	0.216161	0.212837	0.165787	0.005063	0.203157	0.207990	0.245642
SalEn.12517_1-66_NEs	0.185329	0.000000	0.000000	0.212837	0.000000	0.000000	0.185329	0.000000	0.148310	0.206237	0.198194	0.145526	0.205515
SalEn.50319_1-66_NEs	0.185329	0.000000	0.000000	0.212837	0.000000	0.000000	0.185329	0.000000	0.148310	0.206237	0.198194	0.145526	0.205515
EscCo.2_2681_1-66_NEs	0.000000	0.185329	0.185329	0.216161	0.185329	0.185329	0.000000	0.185329	0.184752	0.216161	0.010158	0.203195	0.020629
SalEn.2_MW25541_1-66_NEs	0.185329	0.000000	0.000000	0.212837	0.000000	0.000000	0.185329	0.000000	0.148310	0.206237	0.198194	0.145526	0.205515
EntCo.1_37300_1-66_NEs	0.184752	0.148310	0.148310	0.165787	0.148310	0.148310	0.184752	0.148310	0.000000	0.159559	0.184752	0.164595	0.213071
KlePn.1_00060_1-66_NEs	0.216161	0.206237	0.206237	0.005063	0.206237	0.206237	0.216161	0.206237	0.159559	0.000000	0.203157	0.201565	0.245642
EscCo.42524_1-66	0.010158	0.198194	0.198194	0.203157	0.198194	0.198194	0.010158	0.198194	0.184752	0.203157	0.000000	0.216201	0.031118
CitRo.1_24681_1-66_NEs	0.203195	0.145526	0.145526	0.207990	0.145526	0.145526	0.203195	0.145526	0.164595	0.201565	0.216201	0.000000	0.218782
EscCo.3_01212_1-66_NEs	0.020629	0.205515	0.205515	0.245642	0.205515	0.205515	0.020629	0.205515	0.213071	0.245642	0.031118	0.218782	0.000000