EscCo.44039_1-165	0.000000	0.228004	0.276693	0.276693	0.368627	0.364665	0.006071	0.008084	0.276693	0.290156	0.276693	0.279715	0.016297
CitRo.1_37071_1-165_NEs	0.228004	0.000000	0.229365	0.229365	0.315473	0.311850	0.219034	0.225131	0.229365	0.315693	0.229365	0.232177	0.227403
SalEn.14002_1-165_NEs	0.276693	0.229365	0.000000	0.000000	0.342984	0.339191	0.272626	0.279524	0.000000	0.358096	0.000000	0.002021	0.281946
SalEn.3_4170_1-165_NEs	0.276693	0.229365	0.000000	0.000000	0.342984	0.339191	0.272626	0.279524	0.000000	0.358096	0.000000	0.002021	0.281946
KlePn.2_00341_1-165_NEs	0.368627	0.315473	0.342984	0.342984	0.000000	0.002046	0.367035	0.378261	0.342984	0.366351	0.342984	0.346320	0.366234
KlePn.1_01899_1-165_NEs	0.364665	0.311850	0.339191	0.339191	0.002046	0.000000	0.363097	0.374248	0.339191	0.362321	0.339191	0.342508	0.362310
EscCo.1_04519_1-165_NEs	0.006071	0.219034	0.272626	0.272626	0.367035	0.363097	0.000000	0.010138	0.272626	0.287190	0.272626	0.275622	0.012161
EscCo.2_4294_1-165_NEs	0.008084	0.225131	0.279524	0.279524	0.378261	0.374248	0.010138	0.000000	0.279524	0.290027	0.279524	0.282554	0.012192
SalEn.4_41831_1-165_NEs	0.276693	0.229365	0.000000	0.000000	0.342984	0.339191	0.272626	0.279524	0.000000	0.358096	0.000000	0.002021	0.281946
EntCo.1_04700_1-165_NEs	0.290156	0.315693	0.358096	0.358096	0.366351	0.362321	0.287190	0.290027	0.358096	0.000000	0.358096	0.361478	0.290546
SalEn.2_MW41831_1-165_NEs	0.276693	0.229365	0.000000	0.000000	0.342984	0.339191	0.272626	0.279524	0.000000	0.358096	0.000000	0.002021	0.281946
SalEn.54139_1-165_NEs	0.279715	0.232177	0.002021	0.002021	0.346320	0.342508	0.275622	0.282554	0.002021	0.361478	0.002021	0.000000	0.284980
EscCo.3_04447_1-165_NEs	0.016297	0.227403	0.281946	0.281946	0.366234	0.362310	0.012161	0.012192	0.281946	0.290546	0.281946	0.284980	0.000000