KlePn.1_05163_1-111_NEs	0.000000	0.366496	0.337555	0.342422	0.340388	0.337555	0.343428	0.366496	0.261832	0.009093	0.371582	0.366496	0.371582
SalEn.4_14761_1-111_NEs	0.366496	0.000000	0.284473	0.288963	0.278876	0.284473	0.269794	0.000000	0.313896	0.365223	0.006017	0.000000	0.003005
EscCo.1_01785_1-111_NEs	0.337555	0.284473	0.000000	0.003008	0.021282	0.000000	0.322306	0.284473	0.345696	0.336428	0.293159	0.284473	0.280233
EscCo.2_1641_1-111_NEs	0.342422	0.288963	0.003008	0.000000	0.024370	0.003008	0.327146	0.288963	0.350653	0.341274	0.297690	0.288963	0.284705
EscCo.3_02276_1-111_NEs	0.340388	0.278876	0.021282	0.024370	0.000000	0.021282	0.325579	0.278876	0.348943	0.339255	0.287478	0.278876	0.274675
EscCo.41607_1-111_BeL	0.337555	0.284473	0.000000	0.003008	0.021282	0.000000	0.322306	0.284473	0.345696	0.336428	0.293159	0.284473	0.280233
CitRo.1_14571_1-111_NEs	0.343428	0.269794	0.322306	0.327146	0.325579	0.322306	0.000000	0.269794	0.309046	0.346904	0.278441	0.269794	0.274257
SalEn.2_MW14761_1-111_NEs	0.366496	0.000000	0.284473	0.288963	0.278876	0.284473	0.269794	0.000000	0.313896	0.365223	0.006017	0.000000	0.003005
EntCo.1_12740_1-111_NEs	0.261832	0.313896	0.345696	0.350653	0.348943	0.345696	0.309046	0.313896	0.000000	0.265285	0.323037	0.313896	0.313896
KlePn.2_20781_1-111_NEs	0.009093	0.365223	0.336428	0.341274	0.339255	0.336428	0.346904	0.365223	0.265285	0.000000	0.370284	0.365223	0.370284
SalEn.51344_1-111_NEs	0.371582	0.006017	0.293159	0.297690	0.287478	0.293159	0.278441	0.006017	0.323037	0.370284	0.000000	0.006017	0.009043
SalEn.11573_1-111_NEs	0.366496	0.000000	0.284473	0.288963	0.278876	0.284473	0.269794	0.000000	0.313896	0.365223	0.006017	0.000000	0.003005
SalEn.3_1406_1-111_NEs	0.371582	0.003005	0.280233	0.284705	0.274675	0.280233	0.274257	0.003005	0.313896	0.370284	0.009043	0.003005	0.000000