SalEn.4_32891_23-469_NEs	0.000000	0.000000	0.161081	0.163816	0.166580	0.039063	0.166580	0.138569	0.014311	0.172163	0.000000	0.151265	0.172144
SalEn.3_3262_1-447_NEs	0.000000	0.000000	0.161081	0.163816	0.166580	0.039063	0.166580	0.138569	0.014311	0.172163	0.000000	0.151265	0.172144
EscCo.4_00521_1-447_NEs	0.161081	0.161081	0.000000	0.028051	0.028053	0.154421	0.028053	0.151132	0.161903	0.172237	0.161081	0.177626	0.174081
EscCo.1_03613_1-447_NEs	0.163816	0.163816	0.028051	0.000000	0.011992	0.159842	0.011992	0.152595	0.165547	0.174806	0.163816	0.167942	0.176653
EscCo.3_3438_1-447_NEs	0.166580	0.166580	0.028053	0.011992	0.000000	0.156217	0.000000	0.154407	0.166475	0.174823	0.166580	0.166096	0.176669
SalEn.53208_23-469_NEs	0.039063	0.039063	0.154421	0.159842	0.156217	0.000000	0.156217	0.133130	0.035953	0.169994	0.039063	0.149664	0.169063
EscCo.53172_1-447	0.166580	0.166580	0.028053	0.011992	0.000000	0.156217	0.000000	0.154407	0.166475	0.174823	0.166580	0.166096	0.176669
CitRo.1_46601_1-447_NEs	0.138569	0.138569	0.151132	0.152595	0.154407	0.133130	0.154407	0.000000	0.136696	0.177488	0.138569	0.157561	0.176544
SalEn.13124_1-447_NEs	0.014311	0.014311	0.161903	0.165547	0.166475	0.035953	0.166475	0.136696	0.000000	0.175033	0.014311	0.154768	0.175013
KlePn.2_42311_1-447_NEs	0.172163	0.172163	0.172237	0.174806	0.174823	0.169994	0.174823	0.177488	0.175033	0.000000	0.172163	0.188651	0.001496
SalEn.2_MW32891_23-469_NEs	0.000000	0.000000	0.161081	0.163816	0.166580	0.039063	0.166580	0.138569	0.014311	0.172163	0.000000	0.151265	0.172144
EntCo.1_34090_1-447_BeL	0.151265	0.151265	0.177626	0.167942	0.166096	0.149664	0.166096	0.157561	0.154768	0.188651	0.151265	0.000000	0.186733
KlePn.1_01019_1-447_NEs	0.172144	0.172144	0.174081	0.176653	0.176669	0.169063	0.176669	0.176544	0.175013	0.001496	0.172144	0.186733	0.000000