EscCo.53790_1-224	0.000000	0.000000	0.005923	0.329539	0.381600	0.329539	0.329539	0.381600	0.001475	0.295005	0.028574	0.332293	0.329539
EscCo.3_4072_1-181_NEs	0.000000	0.000000	0.005487	0.329539	0.388272	0.329539	0.329539	0.388272	0.001821	0.296899	0.016536	0.332293	0.329539
EscCo.2_34050_1-224_NEs	0.005923	0.005487	0.000000	0.323730	0.390083	0.323730	0.323730	0.390083	0.007408	0.299313	0.031686	0.326469	0.323730
SalEn.4_38991_1-182_NEs	0.329539	0.329539	0.323730	0.000000	0.428853	0.000000	0.000000	0.425408	0.326559	0.250998	0.326080	0.007361	0.000000
KlePn.1_01760_1-224_NEs	0.381600	0.388272	0.390083	0.428853	0.000000	0.428853	0.428853	0.001517	0.383978	0.355473	0.389841	0.432062	0.428853
SalEn.3_3883_1-182_NEs	0.329539	0.329539	0.323730	0.000000	0.428853	0.000000	0.000000	0.425408	0.326559	0.250998	0.326080	0.007361	0.000000
SalEn.2_MW38991_1-182_NEs	0.329539	0.329539	0.323730	0.000000	0.428853	0.000000	0.000000	0.425408	0.326559	0.250998	0.326080	0.007361	0.000000
KlePn.2_49181_1-224_NEs	0.381600	0.388272	0.390083	0.425408	0.001517	0.425408	0.425408	0.000000	0.383978	0.355473	0.389841	0.428606	0.425408
EscCo.1_04241_1-224_NEs	0.001475	0.001821	0.007408	0.326559	0.383978	0.326559	0.326559	0.383978	0.000000	0.297108	0.030096	0.329305	0.326559
CitRo.1_39571_1-225_NEs	0.295005	0.296899	0.299313	0.250998	0.355473	0.250998	0.250998	0.355473	0.297108	0.000000	0.300615	0.253542	0.250998
EscCo.4_04733_1-224_NEs	0.028574	0.016536	0.031686	0.326080	0.389841	0.326080	0.326080	0.389841	0.030096	0.300615	0.000000	0.328820	0.326080
SalEn.53373_1-182_NEs	0.332293	0.332293	0.326469	0.007361	0.432062	0.007361	0.007361	0.428606	0.329305	0.253542	0.328820	0.000000	0.007361
SalEn.13729_1-182_NEs	0.329539	0.329539	0.323730	0.000000	0.428853	0.000000	0.000000	0.425408	0.326559	0.250998	0.326080	0.007361	0.000000