EscCo.3_2939_1-103_Ess	0.000000	0.000000	0.016319	0.000000	0.243662	0.136337	0.120896	0.136664	0.136664	0.136664	0.136337	0.191467	0.239103
EscCo.1_03073_1-103_Ess	0.000000	0.000000	0.016319	0.000000	0.243662	0.136337	0.120896	0.136664	0.136664	0.136664	0.136337	0.191467	0.239103
EscCo.4_01025_1-103_Ess	0.016319	0.016319	0.000000	0.016319	0.244327	0.136611	0.113060	0.136939	0.136939	0.136939	0.136611	0.199303	0.239752
EscCo.52748_1-103	0.000000	0.000000	0.016319	0.000000	0.243662	0.136337	0.120896	0.136664	0.136664	0.136664	0.136337	0.191467	0.239103
KlePn.2_37541_1-103_Ess	0.243662	0.243662	0.244327	0.243662	0.000000	0.219007	0.232746	0.224013	0.224013	0.224013	0.219007	0.192124	0.003247
SalEn.12770_1-103_Ess	0.136337	0.136337	0.136611	0.136337	0.219007	0.000000	0.120682	0.003252	0.003252	0.003252	0.000000	0.203527	0.214617
CitRo.1_30611_1-103_Ess	0.120896	0.120896	0.113060	0.120896	0.232746	0.120682	0.000000	0.120967	0.120967	0.120967	0.120682	0.148216	0.228277
SalEn.2_MW28941_1-103_Ess	0.136664	0.136664	0.136939	0.136664	0.224013	0.003252	0.120967	0.000000	0.000000	0.000000	0.003252	0.208349	0.219586
SalEn.4_28941_1-103_NEs	0.136664	0.136664	0.136939	0.136664	0.224013	0.003252	0.120967	0.000000	0.000000	0.000000	0.003252	0.208349	0.219586
SalEn.3_2910_1-103_NEs	0.136664	0.136664	0.136939	0.136664	0.224013	0.003252	0.120967	0.000000	0.000000	0.000000	0.003252	0.208349	0.219586
SalEn.52832_1-103_Ess	0.136337	0.136337	0.136611	0.136337	0.219007	0.000000	0.120682	0.003252	0.003252	0.003252	0.000000	0.203527	0.214617
EntCo.1_30030_1-103_Ess	0.191467	0.191467	0.199303	0.191467	0.192124	0.203527	0.148216	0.208349	0.208349	0.208349	0.203527	0.000000	0.196252
KlePn.1_01550_1-103_NEs	0.239103	0.239103	0.239752	0.239103	0.003247	0.214617	0.228277	0.219586	0.219586	0.219586	0.214617	0.196252	0.000000