SalEn.3_3316_1-130_NEs	0.000000	0.000000	0.023523	0.012975	0.005153	0.012975	0.026172	0.000000	0.036805	0.000000	0.061759	0.023520	0.023523
SalEn.13177_1-130_NEs	0.000000	0.000000	0.023523	0.012975	0.005153	0.012975	0.026172	0.000000	0.036805	0.000000	0.061759	0.023520	0.023523
EscCo.3_3491_1-130_NEs	0.023523	0.023523	0.000000	0.015539	0.023486	0.015539	0.002566	0.023523	0.039482	0.023523	0.047638	0.005140	0.000000
KlePn.1_00968_1-130_Ess	0.012975	0.012975	0.015539	0.000000	0.012955	0.000000	0.018153	0.012975	0.034068	0.012975	0.047737	0.015537	0.015539
SalEn.53260_1-130_Ess	0.005153	0.005153	0.023486	0.012955	0.000000	0.012955	0.026131	0.005153	0.042255	0.005153	0.061659	0.023483	0.023486
KlePn.2_42791_1-130_Ess	0.012975	0.012975	0.015539	0.000000	0.012955	0.000000	0.018153	0.012975	0.034068	0.012975	0.047737	0.015537	0.015539
EscCo.4_00469_1-130_Ess	0.026172	0.026172	0.002566	0.018153	0.026131	0.018153	0.000000	0.026172	0.042171	0.026172	0.050354	0.002566	0.002566
SalEn.2_MW33431_1-130_Ess	0.000000	0.000000	0.023523	0.012975	0.005153	0.012975	0.026172	0.000000	0.036805	0.000000	0.061759	0.023520	0.023523
CitRo.1_45931_1-130_NEs	0.036805	0.036805	0.039482	0.034068	0.042255	0.034068	0.042171	0.036805	0.000000	0.036805	0.078437	0.039476	0.039482
SalEn.4_33431_1-130_NEs	0.000000	0.000000	0.023523	0.012975	0.005153	0.012975	0.026172	0.000000	0.036805	0.000000	0.061759	0.023520	0.023523
EntCo.1_34730_1-130_Ess	0.061759	0.061759	0.047638	0.047737	0.061659	0.047737	0.050354	0.061759	0.078437	0.061759	0.000000	0.047631	0.047638
EscCo.1_03667_1-130_NEs	0.023520	0.023520	0.005140	0.015537	0.023483	0.015537	0.002566	0.023520	0.039476	0.023520	0.047631	0.000000	0.005140
EscCo.53230_1-130	0.023523	0.023523	0.000000	0.015539	0.023486	0.015539	0.002566	0.023523	0.039482	0.023523	0.047638	0.005140	0.000000