SalEn.4_27731_1-136_NEs	0.000000	0.232105	0.000000	0.232105	0.330675	0.229685	0.330675	0.221797	0.272409	0.009851	0.000000	0.232105	0.019818
EscCo.3_2871_1-136_NEs	0.232105	0.000000	0.232105	0.000000	0.303572	0.029996	0.303572	0.220180	0.266903	0.225552	0.232105	0.000000	0.235454
SalEn.2_MW27731_1-136_NEs	0.000000	0.232105	0.000000	0.232105	0.330675	0.229685	0.330675	0.221797	0.272409	0.009851	0.000000	0.232105	0.019818
EscCo.52674_1-136	0.232105	0.000000	0.232105	0.000000	0.303572	0.029996	0.303572	0.220180	0.266903	0.225552	0.232105	0.000000	0.235454
KlePn.1_01657_1-136_NEs	0.330675	0.303572	0.330675	0.303572	0.000000	0.297349	0.000000	0.279972	0.253437	0.334363	0.330675	0.303572	0.341989
EscCo.4_01105_1-136_NEs	0.229685	0.029996	0.229685	0.029996	0.297349	0.000000	0.297349	0.229986	0.270352	0.223125	0.229685	0.029996	0.233038
KlePn.2_36431_1-136_NEs	0.330675	0.303572	0.330675	0.303572	0.000000	0.297349	0.000000	0.279972	0.253437	0.334363	0.330675	0.303572	0.341989
CitRo.1_31341_1-136_NEs	0.221797	0.220180	0.221797	0.220180	0.279972	0.229986	0.279972	0.000000	0.270363	0.215234	0.221797	0.220180	0.221781
EntCo.1_29230_1-136_NEs	0.272409	0.266903	0.272409	0.266903	0.253437	0.270352	0.253437	0.270363	0.000000	0.268911	0.272409	0.266903	0.276083
SalEn.12651_1-136_NEs	0.009851	0.225552	0.009851	0.225552	0.334363	0.223125	0.334363	0.215234	0.268911	0.000000	0.009851	0.225552	0.014823
SalEn.3_2791_1-136_NEs	0.000000	0.232105	0.000000	0.232105	0.330675	0.229685	0.330675	0.221797	0.272409	0.009851	0.000000	0.232105	0.019818
EscCo.1_02991_1-136_NEs	0.232105	0.000000	0.232105	0.000000	0.303572	0.029996	0.303572	0.220180	0.266903	0.225552	0.232105	0.000000	0.235454
SalEn.52703_1-136_NEs	0.019818	0.235454	0.019818	0.235454	0.341989	0.233038	0.341989	0.221781	0.276083	0.014823	0.019818	0.235454	0.000000