EntCo.1_27350_1-62_NEs	0.000000	0.323473	0.548985	0.323473	0.315375	0.315375	0.315375	0.439836	0.449183	0.458410	0.439836	0.537864	0.439836
SalEn.13446_1-63_NEs	0.323473	0.000000	0.525950	0.000000	0.005307	0.005307	0.005307	0.305905	0.313713	0.292887	0.305905	0.515651	0.305905
KlePn.2_45241_1-65_BeL	0.548985	0.525950	0.000000	0.525950	0.515812	0.515812	0.515812	0.470851	0.470851	0.465753	0.470851	0.005141	0.470851
SalEn.53894_1-63_NEs	0.323473	0.000000	0.525950	0.000000	0.005307	0.005307	0.005307	0.305905	0.313713	0.292887	0.305905	0.515651	0.305905
SalEn.4_36121_1-63_NEs	0.315375	0.005307	0.515812	0.005307	0.000000	0.000000	0.000000	0.305905	0.313713	0.285357	0.305905	0.505603	0.305905
SalEn.2_MW36121_1-63_NEs	0.315375	0.005307	0.515812	0.005307	0.000000	0.000000	0.000000	0.305905	0.313713	0.285357	0.305905	0.505603	0.305905
SalEn.3_3588_1-63_NEs	0.315375	0.005307	0.515812	0.005307	0.000000	0.000000	0.000000	0.305905	0.313713	0.285357	0.305905	0.505603	0.305905
EscCo.3_3782_1-63_NEs	0.439836	0.305905	0.470851	0.305905	0.305905	0.305905	0.305905	0.000000	0.005305	0.282612	0.000000	0.480756	0.000000
EscCo.1_03975_1-63_NEs	0.449183	0.313713	0.470851	0.313713	0.313713	0.313713	0.313713	0.005305	0.000000	0.290245	0.005305	0.480756	0.005305
CitRo.1_42701_1-63_NEs	0.458410	0.292887	0.465753	0.292887	0.285357	0.285357	0.285357	0.282612	0.290245	0.000000	0.282612	0.475508	0.282612
EscCo.53537_1-63	0.439836	0.305905	0.470851	0.305905	0.305905	0.305905	0.305905	0.000000	0.005305	0.282612	0.000000	0.480756	0.000000
KlePn.1_00696_1-65_NEs	0.537864	0.515651	0.005141	0.515651	0.505603	0.505603	0.505603	0.480756	0.480756	0.475508	0.480756	0.000000	0.480756
EscCo.4_00152_1-63_NEs	0.439836	0.305905	0.470851	0.305905	0.305905	0.305905	0.305905	0.000000	0.005305	0.282612	0.000000	0.480756	0.000000