SalEn.3_1585_1-311_NEs	0.000000	0.213502	0.206772	0.209701	0.006451	0.206758	0.223059	0.015174	0.219411	0.000000	0.000000	0.218004	0.220616
EscCo.2_1449_1-277_NEs	0.213502	0.000000	0.182382	0.000000	0.213478	0.021976	0.013345	0.216396	0.208884	0.213502	0.213502	0.208884	0.210262
CitRo.1_16581_1-311_NEs	0.206772	0.182382	0.000000	0.177844	0.209534	0.180974	0.187545	0.212468	0.196701	0.206772	0.206772	0.196701	0.209778
EscCo.41344_1-311	0.209701	0.000000	0.177844	0.000000	0.208285	0.019544	0.020678	0.210875	0.220329	0.209701	0.209701	0.220329	0.202641
SalEn.11377_1-311_NEs	0.006451	0.213478	0.209534	0.208285	0.000000	0.205348	0.221618	0.012990	0.219388	0.006451	0.006451	0.217982	0.223451
EscCo.3_02419_1-311_NEs	0.206758	0.021976	0.180974	0.019544	0.205348	0.000000	0.031821	0.207951	0.220548	0.206758	0.206758	0.220548	0.193857
EscCo.1_01532_1-311_NEs	0.223059	0.013345	0.187545	0.020678	0.221618	0.031821	0.000000	0.222830	0.212213	0.223059	0.223059	0.212213	0.204422
SalEn.51558_1-311_NEs	0.015174	0.216396	0.212468	0.210875	0.012990	0.207951	0.222830	0.000000	0.224181	0.015174	0.015174	0.222765	0.222220
KlePn.2_19961_1-311_NEs	0.219411	0.208884	0.196701	0.220329	0.219388	0.220548	0.212213	0.224181	0.000000	0.219411	0.219411	0.004305	0.194194
SalEn.4_16501_1-311_NEs	0.000000	0.213502	0.206772	0.209701	0.006451	0.206758	0.223059	0.015174	0.219411	0.000000	0.000000	0.218004	0.220616
SalEn.2_MW16501_1-311_NEs	0.000000	0.213502	0.206772	0.209701	0.006451	0.206758	0.223059	0.015174	0.219411	0.000000	0.000000	0.218004	0.220616
KlePn.1_05235_1-311_NEs	0.218004	0.208884	0.196701	0.220329	0.217982	0.220548	0.212213	0.222765	0.004305	0.218004	0.218004	0.000000	0.192831
EntCo.1_09200_1-311_NEs	0.220616	0.210262	0.209778	0.202641	0.223451	0.193857	0.204422	0.222220	0.194194	0.220616	0.220616	0.192831	0.000000