EscCo.1_01781_1-510_NEs	0.000000	0.242393	0.183994	0.197174	0.242723	0.242664	0.008515	0.007857	0.017122	0.193065	0.197174	0.194780	0.197174
EntCo.1_12700_25-533_NEs	0.242393	0.000000	0.207012	0.232807	0.205445	0.207123	0.244252	0.243380	0.245192	0.228510	0.232807	0.227846	0.232807
CitRo.1_14621_1-510_NEs	0.183994	0.207012	0.000000	0.186223	0.205947	0.209366	0.183413	0.182596	0.185936	0.185644	0.186223	0.183139	0.186223
SalEn.3_1409_1-509_NEs	0.197174	0.232807	0.186223	0.000000	0.238076	0.241620	0.195578	0.194753	0.195582	0.008565	0.000000	0.009891	0.000000
KlePn.1_05159_1-509_NEs	0.242723	0.205445	0.205947	0.238076	0.000000	0.002635	0.243982	0.243102	0.245828	0.237575	0.238076	0.237575	0.238076
KlePn.2_20821_6-514_NEs	0.242664	0.207123	0.209366	0.241620	0.002635	0.000000	0.243923	0.243043	0.245768	0.241123	0.241620	0.241123	0.241620
EscCo.3_1637_1-510_NEs	0.008515	0.244252	0.183413	0.195578	0.243982	0.243923	0.000000	0.000651	0.017791	0.191473	0.195578	0.193186	0.195578
EscCo.51603_1-510	0.007857	0.243380	0.182596	0.194753	0.243102	0.243043	0.000651	0.000000	0.017127	0.190651	0.194753	0.192362	0.194753
EscCo.4_02280_1-510_NEs	0.017122	0.245192	0.185936	0.195582	0.245828	0.245768	0.017791	0.017127	0.000000	0.193179	0.195582	0.195720	0.195582
SalEn.11570_1-509_NEs	0.193065	0.228510	0.185644	0.008565	0.237575	0.241123	0.191473	0.190651	0.193179	0.000000	0.008565	0.005259	0.008565
SalEn.2_MW14791_1-509_Ess	0.197174	0.232807	0.186223	0.000000	0.238076	0.241620	0.195578	0.194753	0.195582	0.008565	0.000000	0.009891	0.000000
SalEn.51399_1-509_NEs	0.194780	0.227846	0.183139	0.009891	0.237575	0.241123	0.193186	0.192362	0.195720	0.005259	0.009891	0.000000	0.009891
SalEn.4_14791_1-509_NEs	0.197174	0.232807	0.186223	0.000000	0.238076	0.241620	0.195578	0.194753	0.195582	0.008565	0.000000	0.009891	0.000000