EscCo.2_47030_1-65_Ess	0.000000	0.327131	0.330456	0.339293	0.188624	0.015498	0.188624	0.005139	0.285240	0.188624	0.330456	0.182157	0.266230	0.322826	0.000000	0.339293	0.276374	0.322826	0.342112	0.339293	0.330390	0.339293	0.188624	0.276374	0.339293	0.175882	0.342112
EntCo.1_44600_1-67_NEs	0.327131	0.000000	0.180839	0.211342	0.325389	0.326999	0.325389	0.327131	0.168609	0.325389	0.180839	0.341553	0.332584	0.174652	0.327131	0.211342	0.377864	0.174652	0.168991	0.211342	0.174652	0.211342	0.325389	0.377864	0.211342	0.377630	0.175243
EscCo.3_4655_1-67_NEs	0.330456	0.180839	0.000000	0.095623	0.363444	0.353667	0.363444	0.338207	0.107463	0.363444	0.000000	0.371692	0.338918	0.004989	0.330456	0.095623	0.351678	0.004989	0.143562	0.095623	0.010002	0.095623	0.363444	0.351678	0.095623	0.380268	0.137657
SalEn.2_MW44771_1-67_NEs	0.339293	0.211342	0.095623	0.000000	0.356801	0.346992	0.356801	0.347131	0.129004	0.356801	0.095623	0.365028	0.337001	0.101238	0.339293	0.000000	0.349615	0.101238	0.136022	0.000000	0.101238	0.000000	0.356801	0.349615	0.000000	0.365151	0.141941
SalEn.2_MW06661_1-65_NEs	0.188624	0.325389	0.363444	0.356801	0.000000	0.182054	0.000000	0.195179	0.350843	0.000000	0.363444	0.015618	0.199370	0.355376	0.188624	0.356801	0.229807	0.355376	0.332782	0.356801	0.347135	0.356801	0.000000	0.229807	0.356801	0.161763	0.332782
EscCo.4_03396_1-65_NEs	0.015498	0.326999	0.353667	0.346992	0.182054	0.000000	0.182054	0.010303	0.307471	0.182054	0.353667	0.175631	0.273475	0.345876	0.015498	0.346992	0.298309	0.345876	0.349889	0.346992	0.353597	0.346992	0.182054	0.298309	0.346992	0.182268	0.349889
SalEn.4_06661_1-65_NEs	0.188624	0.325389	0.363444	0.356801	0.000000	0.182054	0.000000	0.195179	0.350843	0.000000	0.363444	0.015618	0.199370	0.355376	0.188624	0.356801	0.229807	0.355376	0.332782	0.356801	0.347135	0.356801	0.000000	0.229807	0.356801	0.161763	0.332782
EscCo.1_00604_1-65_NEs	0.005139	0.327131	0.338207	0.347131	0.195179	0.010303	0.195179	0.000000	0.292657	0.195179	0.338207	0.188669	0.273585	0.330522	0.005139	0.347131	0.283691	0.330522	0.350030	0.347131	0.338139	0.347131	0.195179	0.283691	0.347131	0.182359	0.350030
CitRo.1_48361_1-67_NEs	0.285240	0.168609	0.107463	0.129004	0.350843	0.307471	0.350843	0.292657	0.000000	0.350843	0.107463	0.359068	0.371081	0.101795	0.285240	0.129004	0.335710	0.101795	0.101379	0.129004	0.101795	0.129004	0.350843	0.335710	0.129004	0.351260	0.095788
SalEn.10570_1-65_NEs	0.188624	0.325389	0.363444	0.356801	0.000000	0.182054	0.000000	0.195179	0.350843	0.000000	0.363444	0.015618	0.199370	0.355376	0.188624	0.356801	0.229807	0.355376	0.332782	0.356801	0.347135	0.356801	0.000000	0.229807	0.356801	0.161763	0.332782
EscCo.1_04809_1-67_NEs	0.330456	0.180839	0.000000	0.095623	0.363444	0.353667	0.363444	0.338207	0.107463	0.363444	0.000000	0.371692	0.338918	0.004989	0.330456	0.095623	0.351678	0.004989	0.143562	0.095623	0.010002	0.095623	0.363444	0.351678	0.095623	0.380268	0.137657
SalEn.52267_1-65_NEs	0.182157	0.341553	0.371692	0.365028	0.015618	0.175631	0.015618	0.188669	0.359068	0.015618	0.371692	0.000000	0.214616	0.363561	0.182157	0.365028	0.236699	0.363561	0.340816	0.365028	0.355250	0.365028	0.015618	0.236699	0.365028	0.168107	0.340816
EntCo.1_21340_1-65_NEs	0.266230	0.332584	0.338918	0.337001	0.199370	0.273475	0.199370	0.273585	0.371081	0.199370	0.338918	0.214616	0.000000	0.338918	0.266230	0.337001	0.124161	0.338918	0.295696	0.337001	0.346777	0.337001	0.199370	0.124161	0.337001	0.244478	0.303389
EscCo.2_40000_1-67_NEs	0.322826	0.174652	0.004989	0.101238	0.355376	0.345876	0.355376	0.330522	0.101795	0.355376	0.004989	0.363561	0.338918	0.000000	0.322826	0.101238	0.343775	0.000000	0.143562	0.101238	0.004988	0.101238	0.355376	0.343775	0.101238	0.372070	0.137657
EscCo.54512_1-65	0.000000	0.327131	0.330456	0.339293	0.188624	0.015498	0.188624	0.005139	0.285240	0.188624	0.330456	0.182157	0.266230	0.322826	0.000000	0.339293	0.276374	0.322826	0.342112	0.339293	0.330390	0.339293	0.188624	0.276374	0.339293	0.175882	0.342112
SalEn.4_44771_1-67_NEs	0.339293	0.211342	0.095623	0.000000	0.356801	0.346992	0.356801	0.347131	0.129004	0.356801	0.095623	0.365028	0.337001	0.101238	0.339293	0.000000	0.349615	0.101238	0.136022	0.000000	0.101238	0.000000	0.356801	0.349615	0.000000	0.365151	0.141941
KlePn.1_03055_1-65_NEs	0.276374	0.377864	0.351678	0.349615	0.229807	0.298309	0.229807	0.283691	0.335710	0.229807	0.351678	0.236699	0.124161	0.343775	0.276374	0.349615	0.000000	0.343775	0.318259	0.349615	0.351606	0.349615	0.229807	0.000000	0.349615	0.231830	0.310712
EscCo.54353_1-67	0.322826	0.174652	0.004989	0.101238	0.355376	0.345876	0.355376	0.330522	0.101795	0.355376	0.004989	0.363561	0.338918	0.000000	0.322826	0.101238	0.343775	0.000000	0.143562	0.101238	0.004988	0.101238	0.355376	0.343775	0.101238	0.372070	0.137657
KlePn.2_04001_1-67_NEs	0.342112	0.168991	0.143562	0.136022	0.332782	0.349889	0.332782	0.350030	0.101379	0.332782	0.143562	0.340816	0.295696	0.143562	0.342112	0.136022	0.318259	0.143562	0.000000	0.136022	0.143562	0.136022	0.332782	0.318259	0.136022	0.356975	0.004990
SalEn.3_4462_1-67_NEs	0.339293	0.211342	0.095623	0.000000	0.356801	0.346992	0.356801	0.347131	0.129004	0.356801	0.095623	0.365028	0.337001	0.101238	0.339293	0.000000	0.349615	0.101238	0.136022	0.000000	0.101238	0.000000	0.356801	0.349615	0.000000	0.365151	0.141941
EscCo.4_04043_1-67_NEs	0.330390	0.174652	0.010002	0.101238	0.347135	0.353597	0.347135	0.338139	0.101795	0.347135	0.010002	0.355250	0.346777	0.004988	0.330390	0.101238	0.351606	0.004988	0.143562	0.101238	0.000000	0.101238	0.347135	0.351606	0.101238	0.363683	0.137657
SalEn.14296_1-67_NEs	0.339293	0.211342	0.095623	0.000000	0.356801	0.346992	0.356801	0.347131	0.129004	0.356801	0.095623	0.365028	0.337001	0.101238	0.339293	0.000000	0.349615	0.101238	0.136022	0.000000	0.101238	0.000000	0.356801	0.349615	0.000000	0.365151	0.141941
SalEn.3_0589_1-65_NEs	0.188624	0.325389	0.363444	0.356801	0.000000	0.182054	0.000000	0.195179	0.350843	0.000000	0.363444	0.015618	0.199370	0.355376	0.188624	0.356801	0.229807	0.355376	0.332782	0.356801	0.347135	0.356801	0.000000	0.229807	0.356801	0.161763	0.332782
KlePn.2_11951_1-65_NEs	0.276374	0.377864	0.351678	0.349615	0.229807	0.298309	0.229807	0.283691	0.335710	0.229807	0.351678	0.236699	0.124161	0.343775	0.276374	0.349615	0.000000	0.343775	0.318259	0.349615	0.351606	0.349615	0.229807	0.000000	0.349615	0.231830	0.310712
SalEn.54581_1-67_NEs	0.339293	0.211342	0.095623	0.000000	0.356801	0.346992	0.356801	0.347131	0.129004	0.356801	0.095623	0.365028	0.337001	0.101238	0.339293	0.000000	0.349615	0.101238	0.136022	0.000000	0.101238	0.000000	0.356801	0.349615	0.000000	0.365151	0.141941
CitRo.1_06111_1-65_NEs	0.175882	0.377630	0.380268	0.365151	0.161763	0.182268	0.161763	0.182359	0.351260	0.161763	0.380268	0.168107	0.244478	0.372070	0.175882	0.365151	0.231830	0.372070	0.356975	0.365151	0.363683	0.365151	0.161763	0.231830	0.365151	0.000000	0.365332
KlePn.1_02247_1-67_NEs	0.342112	0.175243	0.137657	0.141941	0.332782	0.349889	0.332782	0.350030	0.095788	0.332782	0.137657	0.340816	0.303389	0.137657	0.342112	0.141941	0.310712	0.137657	0.004990	0.141941	0.137657	0.141941	0.332782	0.310712	0.141941	0.365332	0.000000