CitRo.1_46351_1-85_Ess	0.000000	0.049189	0.120343	0.083477	0.120343	0.049189	0.049189	0.032253	0.083477	0.083477	0.083477	0.083477	0.053405
EscCo.3_3450_1-85_Ess	0.049189	0.000000	0.116097	0.097466	0.116097	0.000000	0.000000	0.057345	0.097466	0.097466	0.097466	0.097466	0.003930
KlePn.1_01003_1-85_Ess	0.120343	0.116097	0.000000	0.065974	0.000000	0.116097	0.116097	0.125642	0.065974	0.065974	0.065974	0.065974	0.111520
SalEn.13136_1-85_Ess	0.083477	0.097466	0.065974	0.000000	0.065974	0.097466	0.097466	0.097197	0.000000	0.000000	0.000000	0.000000	0.093002
KlePn.2_42451_1-85_Ess	0.120343	0.116097	0.000000	0.065974	0.000000	0.116097	0.116097	0.125642	0.065974	0.065974	0.065974	0.065974	0.111520
EscCo.1_03627_1-85_Ess	0.049189	0.000000	0.116097	0.097466	0.116097	0.000000	0.000000	0.057345	0.097466	0.097466	0.097466	0.097466	0.003930
EscCo.53185_1-85	0.049189	0.000000	0.116097	0.097466	0.116097	0.000000	0.000000	0.057345	0.097466	0.097466	0.097466	0.097466	0.003930
EntCo.1_34220_1-85_Ess	0.032253	0.057345	0.125642	0.097197	0.125642	0.057345	0.057345	0.000000	0.097197	0.097197	0.097197	0.097197	0.061576
SalEn.3_3275_1-85_Ess	0.083477	0.097466	0.065974	0.000000	0.065974	0.097466	0.097466	0.097197	0.000000	0.000000	0.000000	0.000000	0.093002
SalEn.4_33021_1-85_Ess	0.083477	0.097466	0.065974	0.000000	0.065974	0.097466	0.097466	0.097197	0.000000	0.000000	0.000000	0.000000	0.093002
SalEn.53220_1-85_Ess	0.083477	0.097466	0.065974	0.000000	0.065974	0.097466	0.097466	0.097197	0.000000	0.000000	0.000000	0.000000	0.093002
SalEn.2_MW33021_1-85_Ess	0.083477	0.097466	0.065974	0.000000	0.065974	0.097466	0.097466	0.097197	0.000000	0.000000	0.000000	0.000000	0.093002
EscCo.4_00507_1-85_Ess	0.053405	0.003930	0.111520	0.093002	0.111520	0.003930	0.003930	0.061576	0.093002	0.093002	0.093002	0.093002	0.000000