CitRo.1_34891_1-317_NEs	0.000000	1.146001	1.319511	0.420377	1.319511	1.303595	1.319511	1.237159	1.164415	1.364862	0.413409	0.353539
KlePn.2_35241_1-326_NEs	1.146001	0.000000	0.400149	1.183458	0.400149	0.399214	0.400149	0.359666	0.015734	0.376145	1.197311	1.201024
SalEn.2_MW25681_1-326_NEs	1.319511	0.400149	0.000000	1.260581	0.000000	0.010279	0.000000	0.314108	0.407707	0.331185	1.275947	1.349079
KlePn.1_01380_1-318_NEs	0.420377	1.183458	1.260581	0.000000	1.260581	1.249526	1.260581	1.307691	1.218361	1.275905	0.006318	0.454391
SalEn.3_2513_1-326_NEs	1.319511	0.400149	0.000000	1.260581	0.000000	0.010279	0.000000	0.314108	0.407707	0.331185	1.275947	1.349079
SalEn.12531_1-326_NEs	1.303595	0.399214	0.010279	1.249526	0.010279	0.000000	0.010279	0.311021	0.404759	0.328962	1.264631	1.332681
SalEn.4_25681_1-326_NEs	1.319511	0.400149	0.000000	1.260581	0.000000	0.010279	0.000000	0.314108	0.407707	0.331185	1.275947	1.349079
CitRo.1_24781_1-326_NEs	1.237159	0.359666	0.314108	1.307691	0.314108	0.311021	0.314108	0.000000	0.371003	0.295912	1.293468	1.274897
KlePn.1_00048_1-326_NEs	1.164415	0.015734	0.407707	1.218361	0.407707	0.404759	0.407707	0.371003	0.000000	0.379856	1.223052	1.191751
EntCo.1_37200_1-326_NEs	1.364862	0.376145	0.331185	1.275905	0.331185	0.328962	0.331185	0.295912	0.379856	0.000000	1.284984	1.398893
KlePn.2_39151_1-318_NEs	0.413409	1.197311	1.275947	0.006318	1.275947	1.264631	1.275947	1.293468	1.223052	1.284984	0.000000	0.447230
EntCo.1_05460_1-317_BeL	0.353539	1.201024	1.349079	0.454391	1.349079	1.332681	1.349079	1.274897	1.191751	1.398893	0.447230	0.000000