EscCo.1_02950_1-82_Ess	0.000000	0.037616	0.037616	0.037616	0.037616	0.105922	0.050511	0.000000	0.086786	0.037616	0.000000	0.086786	0.000000
SalEn.12597_1-82_Ess	0.037616	0.000000	0.000000	0.000000	0.000000	0.110958	0.050669	0.037616	0.096783	0.000000	0.037616	0.096783	0.037616
SalEn.52631_1-82_Ess	0.037616	0.000000	0.000000	0.000000	0.000000	0.110958	0.050669	0.037616	0.096783	0.000000	0.037616	0.096783	0.037616
SalEn.2_MW26901_1-82_Ess	0.037616	0.000000	0.000000	0.000000	0.000000	0.110958	0.050669	0.037616	0.096783	0.000000	0.037616	0.096783	0.037616
SalEn.3_2649_1-82_Ess	0.037616	0.000000	0.000000	0.000000	0.000000	0.110958	0.050669	0.037616	0.096783	0.000000	0.037616	0.096783	0.037616
EntCo.1_28080_1-82_Ess	0.105922	0.110958	0.110958	0.110958	0.110958	0.000000	0.111062	0.105922	0.077756	0.110958	0.105922	0.077756	0.105922
CitRo.1_25591_1-102_Ess	0.050511	0.050669	0.050669	0.050669	0.050669	0.111062	0.000000	0.050511	0.100889	0.050669	0.050511	0.100889	0.050511
EscCo.52609_1-82	0.000000	0.037616	0.037616	0.037616	0.037616	0.105922	0.050511	0.000000	0.086786	0.037616	0.000000	0.086786	0.000000
KlePn.1_01711_1-82_Ess	0.086786	0.096783	0.096783	0.096783	0.096783	0.077756	0.100889	0.086786	0.000000	0.096783	0.086786	0.000000	0.086786
SalEn.4_26901_1-82_Ess	0.037616	0.000000	0.000000	0.000000	0.000000	0.110958	0.050669	0.037616	0.096783	0.000000	0.037616	0.096783	0.037616
EscCo.3_2816_1-82_Ess	0.000000	0.037616	0.037616	0.037616	0.037616	0.105922	0.050511	0.000000	0.086786	0.037616	0.000000	0.086786	0.000000
KlePn.2_35861_1-82_Ess	0.086786	0.096783	0.096783	0.096783	0.096783	0.077756	0.100889	0.086786	0.000000	0.096783	0.086786	0.000000	0.086786
EscCo.4_01132_1-82_Ess	0.000000	0.037616	0.037616	0.037616	0.037616	0.105922	0.050511	0.000000	0.086786	0.037616	0.000000	0.086786	0.000000