SalEn.12233_1-159_NEs	0.000000	0.312034	0.019401	0.315029	0.317968	0.000000	0.008566	0.312930	0.017230	0.521334	0.008566	0.017230	0.265482	0.514905
EscCo.52197_1-159	0.312034	0.000000	0.312653	0.002051	0.024909	0.312034	0.306363	0.024977	0.309672	0.553962	0.306363	0.309672	0.256223	0.541899
SalEn.3_3782_1-159_BeL	0.019401	0.312653	0.000000	0.315655	0.324950	0.019401	0.015030	0.313552	0.002129	0.520622	0.015030	0.002129	0.260012	0.514203
EscCo.3_2331_1-159_NEs	0.315029	0.002051	0.315655	0.000000	0.027007	0.315029	0.309349	0.027080	0.312668	0.549048	0.309349	0.312668	0.253256	0.537044
EscCo.1_02446_1-159_NEs	0.317968	0.024909	0.324950	0.027007	0.000000	0.317968	0.312281	0.020752	0.321942	0.558798	0.312281	0.321942	0.256203	0.546679
SalEn.13631_1-159_NEs	0.000000	0.312034	0.019401	0.315029	0.317968	0.000000	0.008566	0.312930	0.017230	0.521334	0.008566	0.017230	0.265482	0.514905
SalEn.50614_1-159_NEs	0.008566	0.306363	0.015030	0.309349	0.312281	0.008566	0.000000	0.307240	0.012872	0.526825	0.000000	0.012872	0.260001	0.520366
EscCo.4_01512_1-159_NEs	0.312930	0.024977	0.313552	0.027080	0.020752	0.312930	0.307240	0.000000	0.310561	0.556178	0.307240	0.310561	0.240072	0.544047
SalEn.3_2223C_1-159_BeL	0.017230	0.309672	0.002129	0.312668	0.321942	0.017230	0.012872	0.310561	0.000000	0.516525	0.012872	0.000000	0.257166	0.510114
KlePn.1_04600_1-152_NEs	0.521334	0.553962	0.520622	0.549048	0.558798	0.521334	0.526825	0.556178	0.516525	0.000000	0.526825	0.516525	0.533459	0.011180
SalEn.53703_1-159_NEs	0.008566	0.306363	0.015030	0.309349	0.312281	0.008566	0.000000	0.307240	0.012872	0.526825	0.000000	0.012872	0.260001	0.520366
SalEn.4_22784_1-159_BeL	0.017230	0.309672	0.002129	0.312668	0.321942	0.017230	0.012872	0.310561	0.000000	0.516525	0.012872	0.000000	0.257166	0.510114
CitRo.1_23281_1-159_NEs	0.265482	0.256223	0.260012	0.253256	0.256203	0.265482	0.260001	0.240072	0.257166	0.533459	0.260001	0.257166	0.000000	0.531741
KlePn.2_26621_1-151_NEs	0.514905	0.541899	0.514203	0.537044	0.546679	0.514905	0.520366	0.544047	0.510114	0.011180	0.520366	0.510114	0.531741	0.000000