SalEn.3_0926_1-297_NEs	0.000000	0.019387	0.000000	0.268645	0.338842	0.007923	0.000000	0.212433	0.340571	0.270332	0.268645	0.268645	0.268645
SalEn.51945_1-297_NEs	0.019387	0.000000	0.019387	0.257922	0.350571	0.020557	0.019387	0.216625	0.352317	0.256463	0.257922	0.257922	0.257922
SalEn.2_MW10001_1-297_NEs	0.000000	0.019387	0.000000	0.268645	0.338842	0.007923	0.000000	0.212433	0.340571	0.270332	0.268645	0.268645	0.268645
EscCo.1_00982_1-297_NEs	0.268645	0.257922	0.268645	0.000000	0.364283	0.266886	0.268645	0.229105	0.364283	0.013495	0.002235	0.010099	0.002235
KlePn.2_15621_1-297_NEs	0.338842	0.350571	0.338842	0.364283	0.000000	0.339225	0.338842	0.311713	0.001133	0.368115	0.364283	0.367788	0.364283
SalEn.10893_1-297_NEs	0.007923	0.020557	0.007923	0.266886	0.339225	0.000000	0.007923	0.214114	0.340956	0.265410	0.266886	0.265260	0.266886
SalEn.4_10001_1-297_NEs	0.000000	0.019387	0.000000	0.268645	0.338842	0.007923	0.000000	0.212433	0.340571	0.270332	0.268645	0.268645	0.268645
CitRo.1_09871_1-297_NEs	0.212433	0.216625	0.212433	0.229105	0.311713	0.214114	0.212433	0.000000	0.313408	0.232147	0.232103	0.232085	0.232103
KlePn.1_03434_1-297_NEs	0.340571	0.352317	0.340571	0.364283	0.001133	0.340956	0.340571	0.313408	0.000000	0.368115	0.364283	0.367788	0.364283
EscCo.4_02970_1-297_NEs	0.270332	0.256463	0.270332	0.013495	0.368115	0.265410	0.270332	0.232147	0.368115	0.000000	0.013495	0.021456	0.013495
EscCo.3_0987_1-297_NEs	0.268645	0.257922	0.268645	0.002235	0.364283	0.266886	0.268645	0.232103	0.364283	0.013495	0.000000	0.007845	0.000000
EscCo.2_50940_1-297_NEs	0.268645	0.257922	0.268645	0.010099	0.367788	0.265260	0.268645	0.232085	0.367788	0.021456	0.007845	0.000000	0.007845
EscCo.50919_1-297	0.268645	0.257922	0.268645	0.002235	0.364283	0.266886	0.268645	0.232103	0.364283	0.013495	0.000000	0.007845	0.000000