CitRo.1_30621_1-231_Ess	0.000000	0.227302	0.222812	0.265376	0.218817	0.224965	0.227302	0.231357	0.263338	0.231231	0.264455	0.227302	0.225232
SalEn.3_2909_1-231_Ess	0.227302	0.000000	0.214259	0.284306	0.217583	0.216360	0.000000	0.011591	0.282378	0.008679	0.279655	0.000000	0.216611
EscCo.42747_1-231	0.222812	0.214259	0.000000	0.275022	0.049033	0.002872	0.214259	0.216204	0.279323	0.212412	0.304102	0.214259	0.007203
KlePn.1_01551_1-231_Ess	0.265376	0.284306	0.275022	0.000000	0.282192	0.276693	0.284306	0.288573	0.010322	0.284454	0.299679	0.284306	0.275717
EscCo.3_01026_1-231_NEs	0.218817	0.217583	0.049033	0.282192	0.000000	0.052142	0.217583	0.215719	0.286541	0.215719	0.303760	0.217583	0.047500
EscCo.2_2938_1-231_Ess	0.224965	0.216360	0.002872	0.276693	0.052142	0.000000	0.216360	0.218311	0.280996	0.214507	0.306554	0.216360	0.010110
SalEn.4_28931_1-231_Ess	0.227302	0.000000	0.214259	0.284306	0.217583	0.216360	0.000000	0.011591	0.282378	0.008679	0.279655	0.000000	0.216611
SalEn.52831_1-231_Ess	0.231357	0.011591	0.216204	0.288573	0.215719	0.218311	0.011591	0.000000	0.286640	0.011595	0.275594	0.011591	0.218565
KlePn.2_37531_1-231_Ess	0.263338	0.282378	0.279323	0.010322	0.286541	0.280996	0.282378	0.286640	0.000000	0.282524	0.304229	0.282378	0.280032
SalEn.12769_1-231_Ess	0.231231	0.008679	0.212412	0.284454	0.215719	0.214507	0.008679	0.011595	0.282524	0.000000	0.277612	0.008679	0.214756
EntCo.1_30020_1-231_Ess	0.264455	0.279655	0.304102	0.299679	0.303760	0.306554	0.279655	0.275594	0.304229	0.277612	0.000000	0.279655	0.302042
SalEn.2_MW28931_1-231_Ess	0.227302	0.000000	0.214259	0.284306	0.217583	0.216360	0.000000	0.011591	0.282378	0.008679	0.279655	0.000000	0.216611
EscCo.1_03072_1-231_Ess	0.225232	0.216611	0.007203	0.275717	0.047500	0.010110	0.216611	0.218565	0.280032	0.214756	0.302042	0.216611	0.000000