EscCo.4_03354_1-193_Ess	0.000000	0.291136	0.360070	0.360070	0.291136	0.012145	0.012158	0.076959	0.289003	0.288668	0.012158	0.291136	0.266080
SalEn.4_07121_1-196_Ess	0.291136	0.000000	0.330320	0.333008	0.000000	0.296081	0.295638	0.272849	0.005128	0.003413	0.295638	0.000000	0.290373
KlePn.2_12531_1-196_Ess	0.360070	0.330320	0.000000	0.001706	0.330320	0.357141	0.362017	0.366496	0.335991	0.330320	0.362017	0.330320	0.339062
KlePn.1_03115_1-196_Ess	0.360070	0.333008	0.001706	0.000000	0.333008	0.357141	0.362017	0.369331	0.338697	0.333008	0.362017	0.333008	0.336396
SalEn.3_0635_1-196_Ess	0.291136	0.000000	0.330320	0.333008	0.000000	0.296081	0.295638	0.272849	0.005128	0.003413	0.295638	0.000000	0.290373
EscCo.1_00647_1-193_Ess	0.012145	0.296081	0.357141	0.357141	0.296081	0.000000	0.006925	0.075022	0.293945	0.293603	0.006925	0.296081	0.265982
EscCo.50641_1-193	0.012158	0.295638	0.362017	0.362017	0.295638	0.006925	0.000000	0.071133	0.293504	0.293164	0.000000	0.295638	0.265591
EscCo.2_47470_1-193_Ess	0.076959	0.272849	0.366496	0.369331	0.272849	0.075022	0.071133	0.000000	0.270738	0.270430	0.071133	0.272849	0.273204
SalEn.10616_1-196_Ess	0.289003	0.005128	0.335991	0.338697	0.005128	0.293945	0.293504	0.270738	0.000000	0.005129	0.293504	0.005128	0.288212
SalEn.52220_1-196_Ess	0.288668	0.003413	0.330320	0.333008	0.003413	0.293603	0.293164	0.270430	0.005129	0.000000	0.293164	0.003413	0.287874
EscCo.3_0669_1-193_Ess	0.012158	0.295638	0.362017	0.362017	0.295638	0.006925	0.000000	0.071133	0.293504	0.293164	0.000000	0.295638	0.265591
SalEn.2_MW07121_1-196_Ess	0.291136	0.000000	0.330320	0.333008	0.000000	0.296081	0.295638	0.272849	0.005128	0.003413	0.295638	0.000000	0.290373
CitRo.1_06611_1-199_Ess	0.266080	0.290373	0.339062	0.336396	0.290373	0.265982	0.265591	0.273204	0.288212	0.287874	0.265591	0.290373	0.000000