SalEn.4_31461_1-491_NEs	0.000000	0.218753	0.219769	0.010244	1.533931	0.269355	0.272395	0.007501	0.272313	0.185118	0.000000	0.219769	0.000000	0.218521
EscCo.4_00660_1-493_NEs	0.218753	0.000000	0.019856	0.216648	1.503967	0.288025	0.279214	0.218436	0.284085	0.191279	0.218753	0.019856	0.218753	0.018463
EscCo.1_03463_1-493_BeL	0.219769	0.019856	0.000000	0.216765	1.515455	0.284559	0.275726	0.218554	0.280559	0.188573	0.219769	0.000000	0.219769	0.002706
SalEn.13029_1-491_NEs	0.010244	0.216648	0.216765	0.000000	1.531793	0.269297	0.268374	0.005448	0.268318	0.181323	0.010244	0.216765	0.010244	0.216419
CitRo.1_03721_1-441_NEs	1.533931	1.503967	1.515455	1.531793	0.000000	1.616311	1.583363	1.539713	1.580271	1.580341	1.533931	1.515455	1.533931	1.515455
EntCo.1_32790_1-494_NEs	0.269355	0.288025	0.284559	0.269297	1.616311	0.000000	0.247898	0.265107	0.254312	0.234054	0.269355	0.284559	0.269355	0.285352
KlePn.1_01159_1-489_Ess	0.272395	0.279214	0.275726	0.268374	1.583363	0.247898	0.000000	0.271295	0.035943	0.238369	0.272395	0.275726	0.272395	0.275412
SalEn.53107_1-491_NEs	0.007501	0.218436	0.218554	0.005448	1.539713	0.265107	0.271295	0.000000	0.271220	0.181309	0.007501	0.218554	0.007501	0.218204
KlePn.2_41011_1-492_NEs	0.272313	0.284085	0.280559	0.268318	1.580271	0.254312	0.035943	0.271220	0.000000	0.239703	0.272313	0.280559	0.272313	0.280238
CitRo.1_35821_1-493_NEs	0.185118	0.191279	0.188573	0.181323	1.580341	0.234054	0.238369	0.181309	0.239703	0.000000	0.185118	0.188573	0.185118	0.188474
SalEn.2_MW31461_1-491_NEs	0.000000	0.218753	0.219769	0.010244	1.533931	0.269355	0.272395	0.007501	0.272313	0.185118	0.000000	0.219769	0.000000	0.218521
EscCo.3_3307_1-493_NEs	0.219769	0.019856	0.000000	0.216765	1.515455	0.284559	0.275726	0.218554	0.280559	0.188573	0.219769	0.000000	0.219769	0.002706
SalEn.3_3160_1-491_NEs	0.000000	0.218753	0.219769	0.010244	1.533931	0.269355	0.272395	0.007501	0.272313	0.185118	0.000000	0.219769	0.000000	0.218521
EscCo.53035_1-493	0.218521	0.018463	0.002706	0.216419	1.515455	0.285352	0.275412	0.218204	0.280238	0.188474	0.218521	0.002706	0.218521	0.000000