EscCo.51344_1-311	0.000000	0.019547	0.209730	0.209730	0.209730	0.020682	0.220337	0.208316	0.220337	0.202651	0.210908	0.016293	0.000000	0.177862
EscCo.4_02419_1-311_NEs	0.019547	0.000000	0.206785	0.206785	0.206785	0.031826	0.220553	0.205377	0.220553	0.193865	0.207981	0.026267	0.021979	0.180991
SalEn.4_16501_1-311_NEs	0.209730	0.206785	0.000000	0.000000	0.000000	0.223092	0.217997	0.006452	0.219404	0.220620	0.015175	0.214306	0.213527	0.206780
SalEn.2_MW16501_1-311_NEs	0.209730	0.206785	0.000000	0.000000	0.000000	0.223092	0.217997	0.006452	0.219404	0.220620	0.015175	0.214306	0.213527	0.206780
SalEn.3_1585_1-311_NEs	0.209730	0.206785	0.000000	0.000000	0.000000	0.223092	0.217997	0.006452	0.219404	0.220620	0.015175	0.214306	0.213527	0.206780
EscCo.1_01532_1-311_NEs	0.020682	0.031826	0.223092	0.223092	0.223092	0.000000	0.212223	0.221653	0.212223	0.204433	0.222867	0.016249	0.013347	0.187566
KlePn.1_05235_1-311_NEs	0.220337	0.220553	0.217997	0.217997	0.217997	0.212223	0.000000	0.217976	0.004305	0.192814	0.222762	0.213674	0.208885	0.196694
SalEn.11377_1-311_NEs	0.208316	0.205377	0.006452	0.006452	0.006452	0.221653	0.217976	0.000000	0.219383	0.223457	0.012991	0.212882	0.213505	0.209544
KlePn.2_19961_1-311_NEs	0.220337	0.220553	0.219404	0.219404	0.219404	0.212223	0.004305	0.219383	0.000000	0.194177	0.224179	0.213674	0.208885	0.196694
EntCo.1_09200_1-311_NEs	0.202651	0.193865	0.220620	0.220620	0.220620	0.204433	0.192814	0.223457	0.194177	0.000000	0.222226	0.200646	0.210267	0.209771
SalEn.51558_1-311_NEs	0.210908	0.207981	0.015175	0.015175	0.015175	0.222867	0.222762	0.012991	0.224179	0.222226	0.000000	0.215487	0.216426	0.212481
EscCo.2_3850_1-311_NEs	0.016293	0.026267	0.214306	0.214306	0.214306	0.016249	0.213674	0.212882	0.213674	0.200646	0.215487	0.000000	0.008473	0.183544
EscCo.3_1449_1-277_NEs	0.000000	0.021979	0.213527	0.213527	0.213527	0.013347	0.208885	0.213505	0.208885	0.210267	0.216426	0.008473	0.000000	0.182393
CitRo.1_16581_1-311_NEs	0.177862	0.180991	0.206780	0.206780	0.206780	0.187566	0.196694	0.209544	0.196694	0.209771	0.212481	0.183544	0.182393	0.000000