CitRo.1_05351_1-434_NEs	0.000000	0.165475	0.165475	0.182395	0.184316	0.183425	0.165475	0.181677	0.181421	0.182652	0.166617	0.182286	0.164520
SalEn.3_0484_1-434_NEs	0.165475	0.000000	0.000000	0.207688	0.191315	0.191409	0.000000	0.193588	0.192528	0.191400	0.007716	0.205287	0.003076
SalEn.2_MW05611_1-434_NEs	0.165475	0.000000	0.000000	0.207688	0.191315	0.191409	0.000000	0.193588	0.192528	0.191400	0.007716	0.205287	0.003076
KlePn.2_09461_1-434_NEs	0.182395	0.207688	0.207688	0.000000	0.227654	0.227489	0.207688	0.227460	0.221228	0.227733	0.209950	0.004653	0.207688
EscCo.3_0529_1-434_NEs	0.184316	0.191315	0.191315	0.227654	0.000000	0.010022	0.191315	0.015496	0.022571	0.021789	0.193472	0.225149	0.189363
EscCo.50477_1-434	0.183425	0.191409	0.191409	0.227489	0.010022	0.000000	0.191409	0.010036	0.017062	0.017849	0.193567	0.224986	0.189456
SalEn.4_05611_1-434_NEs	0.165475	0.000000	0.000000	0.207688	0.191315	0.191409	0.000000	0.193588	0.192528	0.191400	0.007716	0.205287	0.003076
EscCo.1_00509_1-434_NEs	0.181677	0.193588	0.193588	0.227460	0.015496	0.010036	0.193588	0.000000	0.015512	0.007702	0.193789	0.224958	0.191628
EscCo.4_03501_1-434_NEs	0.181421	0.192528	0.192528	0.221228	0.022571	0.017062	0.192528	0.015512	0.000000	0.018646	0.193720	0.218754	0.191560
EscCo.2_45930_1-434_NEs	0.182652	0.191400	0.191400	0.227733	0.021789	0.017849	0.191400	0.007702	0.018646	0.000000	0.191598	0.225227	0.189447
SalEn.52369_1-434_NEs	0.166617	0.007716	0.007716	0.209950	0.193472	0.193567	0.007716	0.193789	0.193720	0.191598	0.000000	0.207536	0.009267
KlePn.1_02811_1-434_NEs	0.182286	0.205287	0.205287	0.004653	0.225149	0.224986	0.205287	0.224958	0.218754	0.225227	0.207536	0.000000	0.205287
SalEn.10472_1-434_NEs	0.164520	0.003076	0.003076	0.207688	0.189363	0.189456	0.003076	0.191628	0.191560	0.189447	0.009267	0.205287	0.000000