EntCo.1_46370_1-288_NEs	0.000000	0.210406	0.204121	0.213469	0.210608	0.205001	0.236555	0.238346	0.217375	0.241490	0.196934	0.239965	0.238409	0.213469
SalEn.50171_1-286_NEs	0.210406	0.000000	0.220635	0.007023	0.011744	0.217574	0.183676	0.180936	0.007023	0.182374	0.175651	0.180959	0.180959	0.007023
KlePn.2_06171_1-286_NEs	0.204121	0.220635	0.000000	0.226802	0.226995	0.002336	0.239893	0.240151	0.226802	0.241665	0.204721	0.240184	0.240184	0.226802
SalEn.4_01721_1-286_NEs	0.213469	0.007023	0.226802	0.000000	0.014110	0.223723	0.183662	0.180923	0.000000	0.182360	0.181504	0.180945	0.180945	0.000000
SalEn.10171_1-286_NEs	0.210608	0.011744	0.226995	0.014110	0.000000	0.223912	0.192667	0.189909	0.014110	0.188401	0.177232	0.189934	0.189934	0.014110
KlePn.1_02465_1-287_NEs	0.205001	0.217574	0.002336	0.223723	0.223912	0.000000	0.240707	0.240965	0.222776	0.242476	0.204067	0.240999	0.240999	0.223723
EscCo.1_00131_1-288_BeL	0.236555	0.183676	0.239893	0.183662	0.192667	0.240707	0.000000	0.010462	0.187486	0.025784	0.172850	0.011634	0.012806	0.183662
EscCo.50121_1-288	0.238346	0.180936	0.240151	0.180923	0.189909	0.240965	0.010462	0.000000	0.184747	0.024619	0.170150	0.003473	0.004633	0.180923
SalEn.2_MW01721_1-287_NEs	0.217375	0.007023	0.226802	0.000000	0.014110	0.222776	0.187486	0.184747	0.000000	0.186186	0.183855	0.184771	0.184771	0.000000
EscCo.4_03860_1-288_NEs	0.241490	0.182374	0.241665	0.182360	0.188401	0.242476	0.025784	0.024619	0.186186	0.000000	0.175896	0.021065	0.019883	0.182360
CitRo.1_01321_1-288_NEs	0.196934	0.175651	0.204721	0.181504	0.177232	0.204067	0.172850	0.170150	0.183855	0.175896	0.000000	0.171620	0.171620	0.181504
EscCo.3_0117_1-288_NEs	0.239965	0.180959	0.240184	0.180945	0.189934	0.240999	0.011634	0.003473	0.184771	0.021065	0.171620	0.000000	0.001156	0.180945
EscCo.2_41720_1-288_NEs	0.238409	0.180959	0.240184	0.180945	0.189934	0.240999	0.012806	0.004633	0.184771	0.019883	0.171620	0.001156	0.000000	0.180945
SalEn.3_0167_1-286_NEs	0.213469	0.007023	0.226802	0.000000	0.014110	0.223723	0.183662	0.180923	0.000000	0.182360	0.181504	0.180945	0.180945	0.000000