SalEn.3_2837_1-373_NEs	0.000000	0.000000	0.186715	0.013526	0.000000	0.253867	0.273333	0.185572	0.186868	0.274452	0.008079	0.161981	0.179432
SalEn.4_28191_1-373_NEs	0.000000	0.000000	0.186715	0.013526	0.000000	0.253867	0.273333	0.185572	0.186868	0.274452	0.008079	0.161981	0.179432
EscCo.4_01047_1-373_NEs	0.186715	0.186715	0.000000	0.194727	0.186715	0.269011	0.279145	0.036389	0.028945	0.278935	0.190099	0.177419	0.036391
SalEn.12699_1-373_NEs	0.013526	0.013526	0.194727	0.000000	0.013526	0.256553	0.272254	0.191302	0.191237	0.273374	0.012617	0.161580	0.182862
SalEn.2_MW28191_1-373_NEs	0.000000	0.000000	0.186715	0.013526	0.000000	0.253867	0.273333	0.185572	0.186868	0.274452	0.008079	0.161981	0.179432
EntCo.1_29820_1-373_NEs	0.253867	0.253867	0.269011	0.256553	0.253867	0.000000	0.263517	0.270864	0.269085	0.264644	0.255134	0.236000	0.268698
KlePn.2_36991_1-373_NEs	0.273333	0.273333	0.279145	0.272254	0.273333	0.263517	0.000000	0.278186	0.273753	0.006357	0.274633	0.247672	0.276250
EscCo.52729_1-373	0.185572	0.185572	0.036389	0.191302	0.185572	0.270864	0.278186	0.000000	0.030836	0.279231	0.188952	0.174141	0.029919
EscCo.3_2920_1-373_NEs	0.186868	0.186868	0.028945	0.191237	0.186868	0.269085	0.273753	0.030836	0.000000	0.273547	0.190255	0.174994	0.017997
KlePn.1_01594_1-373_NEs	0.274452	0.274452	0.278935	0.273374	0.274452	0.264644	0.006357	0.279231	0.273547	0.000000	0.275753	0.248772	0.276042
SalEn.52759_1-373_NEs	0.008079	0.008079	0.190099	0.012617	0.008079	0.255134	0.274633	0.188952	0.190255	0.275753	0.000000	0.163090	0.182782
CitRo.1_30821_1-373_NEs	0.161981	0.161981	0.177419	0.161580	0.161981	0.236000	0.247672	0.174141	0.174994	0.248772	0.163090	0.000000	0.174717
EscCo.1_03049_1-373_NEs	0.179432	0.179432	0.036391	0.182862	0.179432	0.268698	0.276250	0.029919	0.017997	0.276042	0.182782	0.174717	0.000000