EscCo.2_560_1-486_NEs	0.000000	0.335259	0.293342	0.011677	0.279323	0.341040	0.289201	0.019408	0.293342	0.293342	0.010342	0.009641	0.288498	0.343635
EntCo.1_15080_1-487_NEs	0.335259	0.000000	0.318067	0.327287	0.283681	0.305885	0.313781	0.324131	0.318067	0.318067	0.328900	0.327862	0.320591	0.308345
SalEn.4_12401_1-487_NEs	0.293342	0.318067	0.000000	0.295157	0.262923	0.335932	0.011696	0.298061	0.000000	0.000000	0.293911	0.295571	0.012407	0.338471
EscCo.3_1253_1-402_NEs	0.011677	0.327287	0.295157	0.000000	0.273623	0.327218	0.291326	0.013368	0.295157	0.295157	0.007491	0.000000	0.293036	0.330294
CitRo.1_12181_1-486_NEs	0.279323	0.283681	0.262923	0.273623	0.000000	0.310838	0.269497	0.275770	0.262923	0.262923	0.274042	0.276297	0.263943	0.313306
KlePn.2_17521_1-488_NEs	0.341040	0.305885	0.335932	0.327218	0.310838	0.000000	0.335074	0.337280	0.335932	0.335932	0.333451	0.334933	0.332219	0.001375
SalEn.11819_1-487_NEs	0.289201	0.313781	0.011696	0.291326	0.269497	0.335074	0.000000	0.293888	0.011696	0.011696	0.289759	0.291416	0.013096	0.337611
EscCo.4_02783_1-486_NEs	0.019408	0.324131	0.298061	0.013368	0.275770	0.337280	0.293888	0.000000	0.298061	0.298061	0.017319	0.015211	0.293185	0.339864
SalEn.3_1168_1-487_NEs	0.293342	0.318067	0.000000	0.295157	0.262923	0.335932	0.011696	0.298061	0.000000	0.000000	0.293911	0.295571	0.012407	0.338471
SalEn.2_MW12401_1-487_NEs	0.293342	0.318067	0.000000	0.295157	0.262923	0.335932	0.011696	0.298061	0.000000	0.000000	0.293911	0.295571	0.012407	0.338471
EscCo.1_01330_1-486_NEs	0.010342	0.328900	0.293911	0.007491	0.274042	0.333451	0.289759	0.017319	0.293911	0.293911	0.000000	0.007571	0.289055	0.336016
EscCo.51129_1-486	0.009641	0.327862	0.295571	0.000000	0.276297	0.334933	0.291416	0.015211	0.295571	0.295571	0.007571	0.000000	0.290713	0.337506
SalEn.51690_1-487_NEs	0.288498	0.320591	0.012407	0.293036	0.263943	0.332219	0.013096	0.293185	0.012407	0.012407	0.289055	0.290713	0.000000	0.334748
KlePn.1_03605_1-488_NEs	0.343635	0.308345	0.338471	0.330294	0.313306	0.001375	0.337611	0.339864	0.338471	0.338471	0.336016	0.337506	0.334748	0.000000