SalEn.13447_1-559_NEs	0.000000	0.302726	0.304904	0.007793	0.303315	0.303315	0.344201	0.007793	0.242952	0.303705	0.010199	0.007807	0.343217
EscCo.1_03976_1-559_NEs	0.302726	0.000000	0.018016	0.296058	0.009575	0.009575	0.386955	0.296058	0.232171	0.291100	0.296218	0.296700	0.387918
EscCo.4_00151_1-559_NEs	0.304904	0.018016	0.000000	0.298227	0.019273	0.019273	0.390778	0.298227	0.241778	0.293845	0.298389	0.298874	0.393743
SalEn.2_MW36131_1-559_NEs	0.007793	0.296058	0.298227	0.000000	0.295776	0.295776	0.347745	0.000000	0.246086	0.304339	0.005982	0.000000	0.346759
EscCo.53538_1-559	0.303315	0.009575	0.019273	0.295776	0.000000	0.000000	0.385396	0.295776	0.234999	0.295411	0.295936	0.296418	0.388350
EscCo.3_3783_1-559_NEs	0.303315	0.009575	0.019273	0.295776	0.000000	0.000000	0.385396	0.295776	0.234999	0.295411	0.295936	0.296418	0.388350
KlePn.2_45251_1-559_NEs	0.344201	0.386955	0.390778	0.347745	0.385396	0.385396	0.000000	0.347745	0.328098	0.363194	0.347551	0.348558	0.003008
SalEn.3_3589_1-559_NEs	0.007793	0.296058	0.298227	0.000000	0.295776	0.295776	0.347745	0.000000	0.246086	0.304339	0.005982	0.000000	0.346759
CitRo.1_42691_1-559_NEs	0.242952	0.232171	0.241778	0.246086	0.234999	0.234999	0.328098	0.246086	0.000000	0.264341	0.245960	0.246608	0.327128
EntCo.1_27360_1-559_NEs	0.303705	0.291100	0.293845	0.304339	0.295411	0.295411	0.363194	0.304339	0.264341	0.000000	0.303271	0.305010	0.365114
SalEn.53893_1-559_NEs	0.010199	0.296218	0.298389	0.005982	0.295936	0.295936	0.347551	0.005982	0.245960	0.303271	0.000000	0.005993	0.346566
SalEn.4_36131_1-558	0.007807	0.296700	0.298874	0.000000	0.296418	0.296418	0.348558	0.000000	0.246608	0.305010	0.005993	0.000000	0.347569
KlePn.1_00695_1-559_NEs	0.343217	0.387918	0.393743	0.346759	0.388350	0.388350	0.003008	0.346759	0.327128	0.365114	0.346566	0.347569	0.000000