EscCo.4_02016_1-147_NEs	0.000000	0.176998	0.013739	0.196610	0.215348	0.196610	0.196610	0.205204	0.013739	0.192455	0.215348	0.196610	0.020713
CitRo.1_19061_1-147_NEs	0.176998	0.000000	0.182355	0.216048	0.203382	0.216048	0.216048	0.221976	0.182355	0.198231	0.203382	0.216048	0.176412
EscCo.3_1898_4-150_NEs	0.013739	0.182355	0.000000	0.181428	0.221028	0.181428	0.181428	0.189853	0.000000	0.195044	0.221028	0.181428	0.011400
SalEn.4_18831_4-150_NEs	0.196610	0.216048	0.181428	0.000000	0.241815	0.000000	0.000000	0.009106	0.181428	0.235442	0.241815	0.000000	0.181124
KlePn.1_04282_1-147_NEs	0.215348	0.203382	0.221028	0.241815	0.000000	0.241815	0.241815	0.251171	0.221028	0.142807	0.000000	0.241815	0.226711
SalEn.11103_4-150_NEs	0.196610	0.216048	0.181428	0.000000	0.241815	0.000000	0.000000	0.009106	0.181428	0.235442	0.241815	0.000000	0.181124
SalEn.2_MW18831_4-150_NEs	0.196610	0.216048	0.181428	0.000000	0.241815	0.000000	0.000000	0.009106	0.181428	0.235442	0.241815	0.000000	0.181124
SalEn.50977_4-150_NEs	0.205204	0.221976	0.189853	0.009106	0.251171	0.009106	0.009106	0.000000	0.189853	0.247733	0.251171	0.009106	0.189533
EscCo.51865_4-150	0.013739	0.182355	0.000000	0.181428	0.221028	0.181428	0.181428	0.189853	0.000000	0.195044	0.221028	0.181428	0.011400
EntCo.1_06300_1-147_NEs	0.192455	0.198231	0.195044	0.235442	0.142807	0.235442	0.235442	0.247733	0.195044	0.000000	0.142807	0.235442	0.200636
KlePn.2_29651_1-147_NEs	0.215348	0.203382	0.221028	0.241815	0.000000	0.241815	0.241815	0.251171	0.221028	0.142807	0.000000	0.241815	0.226711
SalEn.3_1835_4-150_NEs	0.196610	0.216048	0.181428	0.000000	0.241815	0.000000	0.000000	0.009106	0.181428	0.235442	0.241815	0.000000	0.181124
EscCo.1_02054_23-169_NEs	0.020713	0.176412	0.011400	0.181124	0.226711	0.181124	0.181124	0.189533	0.011400	0.200636	0.226711	0.181124	0.000000