EscCo.42572_1-216	0.000000	0.003092	0.001544	0.012436	0.152223	0.152223	0.152223	0.153901	0.261933	0.116067	0.152223	0.202301	0.257263
EscCo.2_2785_1-216_NEs	0.003092	0.000000	0.004645	0.012419	0.156138	0.156138	0.156138	0.157819	0.262215	0.115894	0.156138	0.197953	0.257538
EscCo.1_02861_1-216_BeL	0.001544	0.004645	0.000000	0.010861	0.152053	0.152053	0.152053	0.153729	0.264414	0.115941	0.152053	0.202550	0.259724
EscCo.3_01167_1-216_NEs	0.012436	0.012419	0.010861	0.000000	0.157781	0.157781	0.157781	0.159460	0.264621	0.119323	0.157781	0.204143	0.259927
SalEn.12566_1-216_NEs	0.152223	0.156138	0.152053	0.157781	0.000000	0.000000	0.000000	0.004646	0.266772	0.129554	0.000000	0.227627	0.259776
SalEn.3_2603_1-216_NEs	0.152223	0.156138	0.152053	0.157781	0.000000	0.000000	0.000000	0.004646	0.266772	0.129554	0.000000	0.227627	0.259776
SalEn.2_MW26591_1-216_NEs	0.152223	0.156138	0.152053	0.157781	0.000000	0.000000	0.000000	0.004646	0.266772	0.129554	0.000000	0.227627	0.259776
SalEn.50271_1-216_Ess	0.153901	0.157819	0.153729	0.159460	0.004646	0.004646	0.004646	0.000000	0.262005	0.129412	0.004646	0.227290	0.255057
KlePn.1_00016_1-216_NEs	0.261933	0.262215	0.264414	0.264621	0.266772	0.266772	0.266772	0.262005	0.000000	0.254331	0.266772	0.217410	0.009350
CitRo.1_25191_1-216_NEs	0.116067	0.115894	0.115941	0.119323	0.129554	0.129554	0.129554	0.129412	0.254331	0.000000	0.129554	0.202462	0.251849
SalEn.4_26591_1-216_NEs	0.152223	0.156138	0.152053	0.157781	0.000000	0.000000	0.000000	0.004646	0.266772	0.129554	0.000000	0.227627	0.259776
EntCo.1_36880_1-216_NEs	0.202301	0.197953	0.202550	0.204143	0.227627	0.227627	0.227627	0.227290	0.217410	0.202462	0.227627	0.000000	0.213075
KlePn.2_35551_1-216_NEs	0.257263	0.257538	0.259724	0.259927	0.259776	0.259776	0.259776	0.255057	0.009350	0.251849	0.259776	0.213075	0.000000