CitRo.1_28671_1-187_NEs	0.000000	0.445098	0.424989	0.422007	0.424989	0.445098	0.443446	0.695495	0.424989	0.745816	0.412776	0.688450	0.444311
EscCo.3_3012_1-187_NEs	0.445098	0.000000	0.440760	0.428241	0.440760	0.000000	0.008935	0.762410	0.440760	0.608482	0.415878	0.773076	0.023503
SalEn.4_29601_1-187_NEs	0.424989	0.440760	0.000000	0.014323	0.000000	0.440760	0.442222	0.786471	0.000000	0.748942	0.017938	0.810150	0.437037
SalEn.12841_1-187_NEs	0.422007	0.428241	0.014323	0.000000	0.014323	0.428241	0.429730	0.790358	0.014323	0.744788	0.017935	0.809419	0.424577
SalEn.3_2977_1-187_NEs	0.424989	0.440760	0.000000	0.014323	0.000000	0.440760	0.442222	0.786471	0.000000	0.748942	0.017938	0.810150	0.437037
EscCo.52825_1-187	0.445098	0.000000	0.440760	0.428241	0.440760	0.000000	0.008935	0.762410	0.440760	0.608482	0.415878	0.773076	0.023503
EscCo.1_03159_1-187_NEs	0.443446	0.008935	0.442222	0.429730	0.442222	0.008935	0.000000	0.758154	0.442222	0.619711	0.417393	0.768725	0.021626
KlePn.2_38641_1-187_NEs	0.695495	0.762410	0.786471	0.790358	0.786471	0.762410	0.758154	0.000000	0.786471	0.815817	0.791145	0.003695	0.759343
SalEn.2_MW29601_1-187_NEs	0.424989	0.440760	0.000000	0.014323	0.000000	0.440760	0.442222	0.786471	0.000000	0.748942	0.017938	0.810150	0.437037
EntCo.1_30600_1-186_NEs	0.745816	0.608482	0.748942	0.744788	0.748942	0.608482	0.619711	0.815817	0.748942	0.000000	0.739449	0.826201	0.619352
SalEn.52907_1-187_NEs	0.412776	0.415878	0.017938	0.017935	0.017938	0.415878	0.417393	0.791145	0.017938	0.739449	0.000000	0.810252	0.421386
KlePn.1_01434_1-185_NEs	0.688450	0.773076	0.810150	0.809419	0.810150	0.773076	0.768725	0.003695	0.810150	0.826201	0.810252	0.000000	0.770033
EscCo.4_00915_1-187_NEs	0.444311	0.023503	0.437037	0.424577	0.437037	0.023503	0.021626	0.759343	0.437037	0.619352	0.421386	0.770033	0.000000