EscCo.3_02052_3-481_NEs	0.000000	0.368691	0.318433	0.028261	0.287865	0.369308	0.288039	0.037690	0.346052	0.288039	0.033325	0.290189	0.290199
KlePn.2_29361_1-477_NEs	0.368691	0.000000	0.346659	0.374554	0.386647	0.000730	0.386382	0.373322	0.336965	0.386382	0.372282	0.390080	0.386042
CitRo.1_18751_1-479_NEs	0.318433	0.346659	0.000000	0.320591	0.314844	0.347147	0.313563	0.320728	0.327825	0.313563	0.321400	0.316862	0.313700
EscCo.2_1868_1-479_NEs	0.028261	0.374554	0.320591	0.000000	0.290667	0.375364	0.290843	0.036907	0.343705	0.290843	0.031113	0.292005	0.291669
SalEn.2_MW18391_1-479_NEs	0.287865	0.386647	0.314844	0.290667	0.000000	0.389482	0.000695	0.291132	0.358665	0.000695	0.288847	0.003483	0.005586
KlePn.1_04313_1-462_NEs	0.369308	0.000730	0.347147	0.375364	0.389482	0.000000	0.389206	0.374094	0.335841	0.389206	0.373019	0.393042	0.388851
SalEn.4_18391_1-479_NEs	0.288039	0.386382	0.313563	0.290843	0.000695	0.389206	0.000000	0.291309	0.358422	0.000000	0.289021	0.002784	0.004883
EscCo.41835_1-479_BeL	0.037690	0.373322	0.320728	0.036907	0.291132	0.374094	0.291309	0.000000	0.339546	0.291309	0.008348	0.293462	0.293472
EntCo.1_06590_1-462_NEs	0.346052	0.336965	0.327825	0.343705	0.358665	0.335841	0.358422	0.339546	0.000000	0.358422	0.338061	0.356915	0.363753
SalEn.3_1779_1-479_NEs	0.288039	0.386382	0.313563	0.290843	0.000695	0.389206	0.000000	0.291309	0.358422	0.000000	0.289021	0.002784	0.004883
EscCo.1_02021_3-481_NEs	0.033325	0.372282	0.321400	0.031113	0.288847	0.373019	0.289021	0.008348	0.338061	0.289021	0.000000	0.291167	0.291177
SalEn.11187_1-479_NEs	0.290189	0.390080	0.316862	0.292005	0.003483	0.393042	0.002784	0.293462	0.356915	0.002784	0.291167	0.000000	0.007687
SalEn.51028_1-479_NEs	0.290199	0.386042	0.313700	0.291669	0.005586	0.388851	0.004883	0.293472	0.363753	0.004883	0.291177	0.007687	0.000000