EntCo.1_18920_1-418_NEs	0.000000	0.249842	0.274260	0.250887	0.279537	0.249842	0.249739	0.270544	0.249568	0.249842	0.276829	0.274190	0.274378
SalEn.2_MW08921_1-420_NEs	0.249842	0.000000	0.279090	0.283131	0.287507	0.000000	0.016035	0.276928	0.012814	0.000000	0.288570	0.277913	0.278102
EscCo.1_00881_1-420_NEs	0.274260	0.279090	0.000000	0.242974	0.313649	0.279090	0.274489	0.006338	0.277679	0.279090	0.313648	0.006335	0.007134
CitRo.1_08241_1-420_NEs	0.250887	0.283131	0.242974	0.000000	0.298447	0.283131	0.278409	0.243874	0.282738	0.283131	0.298021	0.244033	0.244193
KlePn.2_14211_1-420_NEs	0.279537	0.287507	0.313649	0.298447	0.000000	0.287507	0.290798	0.314506	0.285962	0.287507	0.007231	0.315987	0.317473
SalEn.3_0817_1-420_NEs	0.249842	0.000000	0.279090	0.283131	0.287507	0.000000	0.016035	0.276928	0.012814	0.000000	0.288570	0.277913	0.278102
SalEn.52048_1-420_NEs	0.249739	0.016035	0.274489	0.278409	0.290798	0.016035	0.000000	0.272335	0.016037	0.016035	0.291862	0.273319	0.273504
EscCo.2_49710_3-422_NEs	0.270544	0.276928	0.006338	0.243874	0.314506	0.276928	0.272335	0.000000	0.277798	0.276928	0.314506	0.009522	0.010326
SalEn.10787_1-420_NEs	0.249568	0.012814	0.277679	0.282738	0.285962	0.012814	0.016037	0.277798	0.000000	0.012814	0.287023	0.276505	0.276693
SalEn.4_08921_1-420_NEs	0.249842	0.000000	0.279090	0.283131	0.287507	0.000000	0.016035	0.276928	0.012814	0.000000	0.288570	0.277913	0.278102
KlePn.1_03292_1-420_NEs	0.276829	0.288570	0.313648	0.298021	0.007231	0.288570	0.291862	0.314506	0.287023	0.288570	0.000000	0.318416	0.319907
EscCo.50821_1-420	0.274190	0.277913	0.006335	0.244033	0.315987	0.277913	0.273319	0.009522	0.276505	0.277913	0.318416	0.000000	0.000790
EscCo.3_0888_1-420_NEs	0.274378	0.278102	0.007134	0.244193	0.317473	0.278102	0.273504	0.010326	0.276693	0.278102	0.319907	0.000790	0.000000