EscCo.3_1326_1-117_NEs	0.000000	0.241826	0.011501	0.249897	0.245829	0.241826	0.310782	0.246397	0.017293	0.005710	0.241826	0.005712	0.259529	0.314987
SalEn.3_1697_1-117_NEs	0.241826	0.000000	0.233596	0.266654	0.002845	0.000000	0.291815	0.008575	0.236208	0.241271	0.000000	0.233467	0.242138	0.295919
EscCo.2_1800_1-117_NEs	0.011501	0.233596	0.000000	0.249477	0.237557	0.233596	0.304401	0.238102	0.011477	0.011481	0.233596	0.005723	0.259088	0.308554
EntCo.1_07720_1-117_NEs	0.249897	0.266654	0.249477	0.000000	0.266654	0.266654	0.297201	0.275280	0.257146	0.245435	0.266654	0.249337	0.263016	0.297201
SalEn.11270_1-117_NEs	0.245829	0.002845	0.237557	0.266654	0.000000	0.002845	0.287747	0.005709	0.240160	0.245263	0.002845	0.237425	0.242138	0.291837
SalEn.2_MW17611_1-117_NEs	0.241826	0.000000	0.233596	0.266654	0.002845	0.000000	0.291815	0.008575	0.236208	0.241271	0.000000	0.233467	0.242138	0.295919
KlePn.1_04443_1-117_NEs	0.310782	0.291815	0.304401	0.297201	0.287747	0.291815	0.000000	0.292519	0.304217	0.305866	0.291815	0.310043	0.230020	0.002882
SalEn.51678_1-117_NEs	0.246397	0.008575	0.238102	0.275280	0.005709	0.008575	0.292519	0.000000	0.240709	0.245829	0.008575	0.237969	0.246521	0.296635
EscCo.4_02621_1-117_NEs	0.017293	0.236208	0.011477	0.257146	0.240160	0.236208	0.304217	0.240709	0.000000	0.017262	0.236208	0.011472	0.266868	0.308367
EscCo.1_01401_1-117_NEs	0.005710	0.241271	0.011481	0.245435	0.245263	0.241271	0.305866	0.245829	0.017262	0.000000	0.241271	0.011476	0.258921	0.310043
SalEn.4_17611_1-117_NEs	0.241826	0.000000	0.233596	0.266654	0.002845	0.000000	0.291815	0.008575	0.236208	0.241271	0.000000	0.233467	0.242138	0.295919
EscCo.51219_1-117	0.005712	0.233467	0.005723	0.249337	0.237425	0.233467	0.310043	0.237969	0.011472	0.011476	0.233467	0.000000	0.258939	0.314236
CitRo.1_17931_1-117_NEs	0.259529	0.242138	0.259088	0.263016	0.242138	0.242138	0.230020	0.246521	0.266868	0.258921	0.242138	0.258939	0.000000	0.230020
KlePn.2_28191_1-117_NEs	0.314987	0.295919	0.308554	0.297201	0.291837	0.295919	0.002882	0.296635	0.308367	0.310043	0.295919	0.314236	0.230020	0.000000