SalEn.2_MW04851_1-149_NEs	0.000000	0.004479	0.189842	0.180754	0.182983	0.180754	0.000000	0.182983	0.190033	0.000000	0.181063	0.004479	0.186670
SalEn.52448_1-149_NEs	0.004479	0.000000	0.183397	0.175162	0.188691	0.175162	0.004479	0.188691	0.184364	0.004479	0.175460	0.000000	0.181036
EscCo.2_45230_1-131_NEs	0.189842	0.183397	0.000000	0.005108	0.203173	0.005108	0.189842	0.203173	0.134014	0.189842	0.007686	0.183397	0.005116
EscCo.3_0466_1-149_NEs	0.180754	0.175162	0.005108	0.000000	0.192673	0.000000	0.180754	0.192673	0.118961	0.180754	0.002244	0.175162	0.004494
KlePn.2_08541_1-149_NEs	0.182983	0.188691	0.203173	0.192673	0.000000	0.192673	0.182983	0.000000	0.178766	0.182983	0.193007	0.188691	0.195835
EscCo.50413_1-149	0.180754	0.175162	0.005108	0.000000	0.192673	0.000000	0.180754	0.192673	0.118961	0.180754	0.002244	0.175162	0.004494
SalEn.4_04851_1-149_NEs	0.000000	0.004479	0.189842	0.180754	0.182983	0.180754	0.000000	0.182983	0.190033	0.000000	0.181063	0.004479	0.186670
KlePn.1_02716_1-149_NEs	0.182983	0.188691	0.203173	0.192673	0.000000	0.192673	0.182983	0.000000	0.178766	0.182983	0.193007	0.188691	0.195835
CitRo.1_04621_1-149_NEs	0.190033	0.184364	0.134014	0.118961	0.178766	0.118961	0.190033	0.178766	0.000000	0.190033	0.121747	0.184364	0.119137
SalEn.3_0409_1-149_NEs	0.000000	0.004479	0.189842	0.180754	0.182983	0.180754	0.000000	0.182983	0.190033	0.000000	0.181063	0.004479	0.186670
EscCo.1_00443_1-149_NEs	0.181063	0.175460	0.007686	0.002244	0.193007	0.002244	0.181063	0.193007	0.121747	0.181063	0.000000	0.175460	0.006759
SalEn.10397_1-149_NEs	0.004479	0.000000	0.183397	0.175162	0.188691	0.175162	0.004479	0.188691	0.184364	0.004479	0.175460	0.000000	0.181036
EscCo.4_03566_1-149_Ess	0.186670	0.181036	0.005116	0.004494	0.195835	0.004494	0.186670	0.195835	0.119137	0.186670	0.006759	0.181036	0.000000