SalEn.3_1019_1-105_NEs	0.000000	0.153301	0.275198	0.000000	0.276323	0.177325	0.172986	0.000000	0.181262	0.181262	0.000000	0.000000	0.276323
CitRo.1_10281_1-105_NEs	0.153301	0.000000	0.236916	0.153301	0.292305	0.141333	0.144861	0.153301	0.145115	0.145115	0.153301	0.153301	0.292305
EntCo.1_16610_1-105_NEs	0.275198	0.236916	0.000000	0.275198	0.369641	0.253448	0.261741	0.275198	0.257846	0.257846	0.275198	0.275198	0.369641
SalEn.2_MW10921_1-105_NEs	0.000000	0.153301	0.275198	0.000000	0.276323	0.177325	0.172986	0.000000	0.181262	0.181262	0.000000	0.000000	0.276323
KlePn.2_16071_1-105_NEs	0.276323	0.292305	0.369641	0.276323	0.000000	0.330309	0.331283	0.276323	0.335128	0.335128	0.276323	0.276323	0.003201
EscCo.1_01029_1-105_BeL	0.177325	0.141333	0.253448	0.177325	0.330309	0.000000	0.009586	0.177325	0.003178	0.003178	0.177325	0.177325	0.330309
EscCo.3_02930_1-105_NEs	0.172986	0.144861	0.261741	0.172986	0.331283	0.009586	0.000000	0.172986	0.012801	0.012801	0.172986	0.172986	0.331283
SalEn.4_10921_1-105_NEs	0.000000	0.153301	0.275198	0.000000	0.276323	0.177325	0.172986	0.000000	0.181262	0.181262	0.000000	0.000000	0.276323
EscCo.40966_1-105	0.181262	0.145115	0.257846	0.181262	0.335128	0.003178	0.012801	0.181262	0.000000	0.000000	0.181262	0.181262	0.335128
EscCo.2_1036_18-122_NEs	0.181262	0.145115	0.257846	0.181262	0.335128	0.003178	0.012801	0.181262	0.000000	0.000000	0.181262	0.181262	0.335128
SalEn.51841_1-105_NEs	0.000000	0.153301	0.275198	0.000000	0.276323	0.177325	0.172986	0.000000	0.181262	0.181262	0.000000	0.000000	0.276323
SalEn.10944_1-105_NEs	0.000000	0.153301	0.275198	0.000000	0.276323	0.177325	0.172986	0.000000	0.181262	0.181262	0.000000	0.000000	0.276323
KlePn.1_03478_1-105_NEs	0.276323	0.292305	0.369641	0.276323	0.003201	0.330309	0.331283	0.276323	0.335128	0.335128	0.276323	0.276323	0.000000