SalEn.3_0811_1-369_NEs	0.000000	0.311794	0.007279	0.379067	0.305795	0.372240	0.306043	0.001815	0.000907	0.379423	0.290163	0.002877	0.306043	0.297857
EscCo.2_49680_1-369_NEs	0.311794	0.000000	0.310283	0.370330	0.017314	0.370930	0.018247	0.311794	0.310162	0.372290	0.274976	0.308985	0.018247	0.042740
SalEn.52051_1-369_NEs	0.007279	0.310283	0.000000	0.380365	0.307004	0.370515	0.307254	0.007279	0.006362	0.380723	0.296588	0.003837	0.307254	0.296376
KlePn.1_03283_1-369_NEs	0.379067	0.370330	0.380365	0.000000	0.372571	0.359627	0.374426	0.377525	0.377184	0.000907	0.346094	0.376408	0.374426	0.379469
EscCo.1_00877_1-369_NEs	0.305795	0.017314	0.307004	0.372571	0.000000	0.371813	0.000901	0.305795	0.304180	0.374542	0.275154	0.302659	0.000901	0.047492
EntCo.1_19160_1-369_NEs	0.372240	0.370930	0.370515	0.359627	0.371813	0.000000	0.372142	0.372240	0.370386	0.359959	0.311699	0.356792	0.372142	0.375291
EscCo.3_0885_1-369_NEs	0.306043	0.018247	0.307254	0.374426	0.000901	0.372142	0.000000	0.306043	0.304427	0.376405	0.276693	0.302919	0.000000	0.048481
SalEn.4_08871_1-369_NEs	0.001815	0.311794	0.007279	0.377525	0.305795	0.372240	0.306043	0.000000	0.000907	0.377879	0.290163	0.002877	0.306043	0.297857
SalEn.2_MW08871_1-369_NEs	0.000907	0.310162	0.006362	0.377184	0.304180	0.370386	0.304427	0.000907	0.000000	0.377538	0.288570	0.001916	0.304427	0.296261
KlePn.2_14111_1-369_NEs	0.379423	0.372290	0.380723	0.000907	0.374542	0.359959	0.376405	0.377879	0.377538	0.000000	0.344309	0.376781	0.376405	0.381451
CitRo.1_08201_1-369_NEs	0.290163	0.274976	0.296588	0.346094	0.275154	0.311699	0.276693	0.290163	0.288570	0.344309	0.000000	0.291231	0.276693	0.275777
SalEn.10781_1-349_NEs	0.002877	0.308985	0.003837	0.376408	0.302659	0.356792	0.302919	0.002877	0.001916	0.376781	0.291231	0.000000	0.302919	0.294284
EscCo.50818_1-369	0.306043	0.018247	0.307254	0.374426	0.000901	0.372142	0.000000	0.306043	0.304427	0.376405	0.276693	0.302919	0.000000	0.048481
EscCo.4_03176_1-369_NEs	0.297857	0.042740	0.296376	0.379469	0.047492	0.375291	0.048481	0.297857	0.296261	0.381451	0.275777	0.294284	0.048481	0.000000