EscCo.2_50920_1-60_Ess	0.000000	0.276305	0.143520	0.150290	0.276305	0.143520	0.150290	0.143520	0.022576	0.240535	0.134599	0.011176	0.016880	0.016880
KlePn.1_03432_1-60_NEs	0.276305	0.000000	0.315438	0.307204	0.000000	0.315438	0.307204	0.315438	0.277569	0.192379	0.315423	0.291858	0.301335	0.301335
SalEn.4_09981_1-60_Ess	0.143520	0.315438	0.000000	0.005579	0.315438	0.000000	0.005579	0.000000	0.164610	0.275532	0.210690	0.157033	0.149641	0.149641
SalEn.10891_1-60_NEs	0.150290	0.307204	0.005579	0.000000	0.307204	0.005579	0.000000	0.005579	0.157722	0.283335	0.203586	0.163896	0.156425	0.156425
KlePn.2_15601_1-60_Ess	0.276305	0.000000	0.315438	0.307204	0.000000	0.315438	0.307204	0.315438	0.277569	0.192379	0.315423	0.291858	0.301335	0.301335
SalEn.2_MW09981_1-60_Ess	0.143520	0.315438	0.000000	0.005579	0.315438	0.000000	0.005579	0.000000	0.164610	0.275532	0.210690	0.157033	0.149641	0.149641
SalEn.51947_1-60_Ess	0.150290	0.307204	0.005579	0.000000	0.307204	0.005579	0.000000	0.005579	0.157722	0.283335	0.203586	0.163896	0.156425	0.156425
SalEn.3_0924_1-60_NEs	0.143520	0.315438	0.000000	0.005579	0.315438	0.000000	0.005579	0.000000	0.164610	0.275532	0.210690	0.157033	0.149641	0.149641
EscCo.1_00980_1-60_Ess	0.022576	0.277569	0.164610	0.157722	0.277569	0.164610	0.157722	0.164610	0.000000	0.241624	0.148436	0.022569	0.028409	0.028409
EntCo.1_17660_1-60_NEs	0.240535	0.192379	0.275532	0.283335	0.192379	0.275532	0.283335	0.275532	0.241624	0.000000	0.254604	0.240427	0.234009	0.234009
CitRo.1_09851_1-60_NEs	0.134599	0.315423	0.210690	0.203586	0.315423	0.210690	0.203586	0.210690	0.148436	0.254604	0.000000	0.141168	0.141759	0.141759
EscCo.4_02972_1-60_Ess	0.011176	0.291858	0.157033	0.163896	0.291858	0.157033	0.163896	0.157033	0.022569	0.240427	0.141168	0.000000	0.016874	0.016874
EscCo.3_0985_1-60_Ess	0.016880	0.301335	0.149641	0.156425	0.301335	0.149641	0.156425	0.149641	0.028409	0.234009	0.141759	0.016874	0.000000	0.000000
EscCo.50917_1-60	0.016880	0.301335	0.149641	0.156425	0.301335	0.149641	0.156425	0.149641	0.028409	0.234009	0.141759	0.016874	0.000000	0.000000