SalEn.54563_1-153_NEs	0.000000	0.203167	0.000000	0.200390	0.197167	0.324807	0.000000	0.712993	0.002181	0.000000	0.203167	0.200272	0.314563
EscCo.4_04064_1-153_NEs	0.203167	0.000000	0.203167	0.002173	0.004633	0.318464	0.203167	0.741549	0.205891	0.203167	0.000000	0.013112	0.330756
SalEn.2_MW44591_1-153_NEs	0.000000	0.203167	0.000000	0.200390	0.197167	0.324807	0.000000	0.712993	0.002181	0.000000	0.203167	0.200272	0.314563
EscCo.54329_1-153	0.200390	0.002173	0.200390	0.000000	0.002314	0.318464	0.200390	0.736281	0.203107	0.200390	0.002173	0.010914	0.327449
EscCo.2_39740_1-144_NEs	0.197167	0.004633	0.197167	0.002314	0.000000	0.300039	0.197167	0.685430	0.197167	0.197167	0.004633	0.009288	0.314211
CitRo.1_24311_1-153_NEs	0.324807	0.318464	0.324807	0.318464	0.300039	0.000000	0.324807	0.733137	0.328065	0.324807	0.318464	0.315186	0.261580
SalEn.4_44591_1-153_NEs	0.000000	0.203167	0.000000	0.200390	0.197167	0.324807	0.000000	0.712993	0.002181	0.000000	0.203167	0.200272	0.314563
CitRo.1_06081_1-154_NEs	0.712993	0.741549	0.712993	0.736281	0.685430	0.733137	0.712993	0.000000	0.712993	0.712993	0.741549	0.730007	0.691150
SalEn.14274_1-153_NEs	0.002181	0.205891	0.002181	0.203107	0.197167	0.328065	0.002181	0.712993	0.000000	0.002181	0.205891	0.202987	0.317696
SalEn.3_4444_1-153_NEs	0.000000	0.203167	0.000000	0.200390	0.197167	0.324807	0.000000	0.712993	0.002181	0.000000	0.203167	0.200272	0.314563
EscCo.3_4642_1-153_NEs	0.203167	0.000000	0.203167	0.002173	0.004633	0.318464	0.203167	0.741549	0.205891	0.203167	0.000000	0.013112	0.330756
EscCo.1_04794_1-153_NEs	0.200272	0.013112	0.200272	0.010914	0.009288	0.315186	0.200272	0.730007	0.202987	0.200272	0.013112	0.000000	0.320574
EntCo.1_42420_1-153_NEs	0.314563	0.330756	0.314563	0.327449	0.314211	0.261580	0.314563	0.691150	0.317696	0.314563	0.330756	0.320574	0.000000