EscCo.2_42450_1-181_NEs	0.000000	0.228076	0.205133	0.205967	0.258077	0.016697	0.205133	0.024236	0.205133	0.028052	0.257767	0.022357	0.207567	0.205133
EntCo.1_47130_1-181_NEs	0.228076	0.000000	0.213589	0.202334	0.318636	0.232866	0.213589	0.233102	0.213589	0.232751	0.315411	0.227715	0.216058	0.213589
SalEn.2_MW02451_1-181_NEs	0.205133	0.213589	0.000000	0.171018	0.264602	0.219544	0.007406	0.222235	0.000000	0.225038	0.264277	0.215031	0.003696	0.000000
CitRo.1_01981_1-181_NEs	0.205967	0.202334	0.171018	0.000000	0.265298	0.210667	0.171018	0.213335	0.171018	0.210602	0.262292	0.210370	0.168718	0.171018
KlePn.1_02546_1-181_NEs	0.258077	0.318636	0.264602	0.265298	0.000000	0.252748	0.259250	0.254902	0.264602	0.249297	0.005558	0.252416	0.261947	0.264602
EscCo.50190_1-181	0.016697	0.232866	0.219544	0.210667	0.252748	0.000000	0.219544	0.011102	0.219544	0.014849	0.252445	0.031821	0.222012	0.219544
SalEn.10247_1-181_NEs	0.205133	0.213589	0.007406	0.171018	0.259250	0.219544	0.000000	0.222235	0.007406	0.225038	0.258933	0.215031	0.003696	0.007406
EscCo.1_00201_1-181_NEs	0.024236	0.233102	0.222235	0.213335	0.254902	0.011102	0.222235	0.000000	0.222235	0.003685	0.254597	0.043356	0.224713	0.222235
SalEn.4_02451_1-181_NEs	0.205133	0.213589	0.000000	0.171018	0.264602	0.219544	0.007406	0.222235	0.000000	0.225038	0.264277	0.215031	0.003696	0.000000
EscCo.3_0186_1-181_NEs	0.028052	0.232751	0.225038	0.210602	0.249297	0.014849	0.225038	0.003685	0.225038	0.000000	0.249001	0.047275	0.227528	0.225038
KlePn.2_06951_1-181_NEs	0.257767	0.315411	0.264277	0.262292	0.005558	0.252445	0.258933	0.254597	0.264277	0.249001	0.000000	0.252114	0.261627	0.264277
EscCo.4_03785_1-181_NEs	0.022357	0.227715	0.215031	0.210370	0.252416	0.031821	0.215031	0.043356	0.215031	0.047275	0.252114	0.000000	0.217492	0.215031
SalEn.50241_1-181_NEs	0.207567	0.216058	0.003696	0.168718	0.261947	0.222012	0.003696	0.224713	0.003696	0.227528	0.261627	0.217492	0.000000	0.003696
SalEn.3_0240_1-181_NEs	0.205133	0.213589	0.000000	0.171018	0.264602	0.219544	0.007406	0.222235	0.000000	0.225038	0.264277	0.215031	0.003696	0.000000