EscCo.2_51220_1-336_NEs	0.000000	0.021169	0.173801	0.176191	0.215850	0.014029	0.173801	0.173801	0.014029	0.214381	0.192298	0.014029	0.173801	0.156507
EscCo.4_02951_1-336_NEs	0.021169	0.000000	0.168619	0.171242	0.213944	0.019118	0.168619	0.168619	0.019118	0.214112	0.186211	0.019118	0.168619	0.154110
SalEn.10923_1-336_NEs	0.173801	0.168619	0.000000	0.006977	0.214680	0.171428	0.000000	0.000000	0.171428	0.214514	0.203666	0.171428	0.000000	0.195840
SalEn.51862_1-336_NEs	0.176191	0.171242	0.006977	0.000000	0.217177	0.173815	0.006977	0.006977	0.173815	0.217008	0.203537	0.173815	0.006977	0.199859
KlePn.1_03459_1-336_NEs	0.215850	0.213944	0.214680	0.217177	0.000000	0.206885	0.214680	0.214680	0.206885	0.000992	0.226024	0.206885	0.214680	0.200269
EscCo.1_01008_1-336_NEs	0.014029	0.019118	0.171428	0.173815	0.206885	0.000000	0.171428	0.171428	0.000000	0.207046	0.193119	0.000000	0.171428	0.151529
SalEn.4_10711_1-336_NEs	0.173801	0.168619	0.000000	0.006977	0.214680	0.171428	0.000000	0.000000	0.171428	0.214514	0.203666	0.171428	0.000000	0.195840
SalEn.2_MW10711_1-336_NEs	0.173801	0.168619	0.000000	0.006977	0.214680	0.171428	0.000000	0.000000	0.171428	0.214514	0.203666	0.171428	0.000000	0.195840
EscCo.3_1015_1-336_NEs	0.014029	0.019118	0.171428	0.173815	0.206885	0.000000	0.171428	0.171428	0.000000	0.207046	0.193119	0.000000	0.171428	0.151529
KlePn.2_15861_1-336_NEs	0.214381	0.214112	0.214514	0.217008	0.000992	0.207046	0.214514	0.214514	0.207046	0.000000	0.226203	0.207046	0.214514	0.200424
EntCo.1_16850_1-336_NEs	0.192298	0.186211	0.203666	0.203537	0.226024	0.193119	0.203666	0.203666	0.193119	0.226203	0.000000	0.193119	0.203666	0.213043
EscCo.50945_1-336	0.014029	0.019118	0.171428	0.173815	0.206885	0.000000	0.171428	0.171428	0.000000	0.207046	0.193119	0.000000	0.171428	0.151529
SalEn.3_0998_10-345_NEs	0.173801	0.168619	0.000000	0.006977	0.214680	0.171428	0.000000	0.000000	0.171428	0.214514	0.203666	0.171428	0.000000	0.195840
CitRo.1_10071_1-336_NEs	0.156507	0.154110	0.195840	0.199859	0.200269	0.151529	0.195840	0.195840	0.151529	0.200424	0.213043	0.151529	0.195840	0.000000