SalEn.3_0430_1-454_NEs	0.000000	0.000000	0.283575	0.238427	0.252301	0.009594	0.000743	0.306826	0.011832	0.247094	0.252301	0.307128	0.247991
SalEn.2_MW05061_1-449_NEs	0.000000	0.000000	0.287960	0.241930	0.256034	0.009710	0.000743	0.309194	0.011975	0.250737	0.256034	0.309503	0.251647
EntCo.1_23290_3-462_NEs	0.283575	0.287960	0.000000	0.236413	0.283410	0.288853	0.289293	0.234535	0.283431	0.293737	0.283410	0.235803	0.282845
CitRo.1_04761_1-454_NEs	0.238427	0.241930	0.236413	0.000000	0.253893	0.243474	0.243137	0.272336	0.233366	0.254109	0.253893	0.272292	0.253923
EscCo.40427_1-454_BeL	0.252301	0.256034	0.283410	0.253893	0.000000	0.253936	0.257267	0.318300	0.256554	0.026802	0.000000	0.316032	0.026812
SalEn.10418_1-454_NEs	0.009594	0.009710	0.288853	0.243474	0.253936	0.000000	0.010468	0.309123	0.018571	0.246711	0.253936	0.309428	0.249624
SalEn.4_05061_1-449_NEs	0.000743	0.000743	0.289293	0.243137	0.257267	0.010468	0.000000	0.310575	0.012737	0.251959	0.257267	0.310886	0.252870
KlePn.2_08691_1-454_NEs	0.306826	0.309194	0.234535	0.272336	0.318300	0.309123	0.310575	0.000000	0.298350	0.323067	0.318300	0.002968	0.322073
SalEn.52427_1-454_NEs	0.011832	0.011975	0.283431	0.233366	0.256554	0.018571	0.012737	0.298350	0.000000	0.251319	0.256554	0.298642	0.254245
EscCo.3_03552_1-454_NEs	0.247094	0.250737	0.293737	0.254109	0.026802	0.246711	0.251959	0.323067	0.251319	0.000000	0.026802	0.320786	0.027577
EscCo.2_0480_1-454_NEs	0.252301	0.256034	0.283410	0.253893	0.000000	0.253936	0.257267	0.318300	0.256554	0.026802	0.000000	0.316032	0.026812
KlePn.1_02731_1-454_NEs	0.307128	0.309503	0.235803	0.272292	0.316032	0.309428	0.310886	0.002968	0.298642	0.320786	0.316032	0.000000	0.319794
EscCo.1_00458_1-454_NEs	0.247991	0.251647	0.282845	0.253923	0.026812	0.249624	0.252870	0.322073	0.254245	0.027577	0.026812	0.319794	0.000000