SalEn.3_2423_1-408_NEs	0.000000	0.164025	0.144133	0.145991	0.016529	0.147511	0.148445	0.000000	0.000000	0.148445	0.015706	0.167292
KlePn.2_34451_1-409_NEs	0.164025	0.000000	0.180931	0.131603	0.166308	0.182557	0.176942	0.164025	0.164025	0.176942	0.163179	0.004930
EscCo.1_02731_1-408_NEs	0.144133	0.180931	0.000000	0.156167	0.153021	0.040244	0.015638	0.144133	0.144133	0.015638	0.149060	0.182989
CitRo.1_24001_1-408_NEs	0.145991	0.131603	0.156167	0.000000	0.153155	0.159566	0.149294	0.145991	0.145991	0.149294	0.146151	0.133406
SalEn.50398_1-408_NEs	0.016529	0.166308	0.153021	0.153155	0.000000	0.153424	0.156363	0.016529	0.016529	0.156363	0.012376	0.169590
EscCo.4_01278_1-408_NEs	0.147511	0.182557	0.040244	0.159566	0.153424	0.000000	0.042008	0.147511	0.147511	0.042008	0.151443	0.184625
EscCo.52452_1-408	0.148445	0.176942	0.015638	0.149294	0.156363	0.042008	0.000000	0.148445	0.148445	0.000000	0.152380	0.178994
SalEn.2_MW24791_1-408_NEs	0.000000	0.164025	0.144133	0.145991	0.016529	0.147511	0.148445	0.000000	0.000000	0.148445	0.015706	0.167292
SalEn.4_24791_1-408_NEs	0.000000	0.164025	0.144133	0.145991	0.016529	0.147511	0.148445	0.000000	0.000000	0.148445	0.015706	0.167292
EscCo.3_2556_1-408_NEs	0.148445	0.176942	0.015638	0.149294	0.156363	0.042008	0.000000	0.148445	0.148445	0.000000	0.152380	0.178994
SalEn.12440_1-408_NEs	0.015706	0.163179	0.149060	0.146151	0.012376	0.151443	0.152380	0.015706	0.015706	0.152380	0.000000	0.166445
KlePn.1_03793_1-409_NEs	0.167292	0.004930	0.182989	0.133406	0.169590	0.184625	0.178994	0.167292	0.167292	0.178994	0.166445	0.000000