EscCo.4_03675_1-47_NEs	0.000000	0.399890	0.014632	0.272116	0.014318	0.272116	0.275361	0.014632	0.399257	0.272116	0.340311	0.014316
KlePn.1_02789_1-47_NEs	0.399890	0.000000	0.424089	0.300242	0.424165	0.300242	0.292783	0.424089	0.000000	0.300242	0.252420	0.400218
EscCo.3_0355_1-46_NEs	0.014632	0.424089	0.000000	0.261922	0.000000	0.261922	0.261922	0.000000	0.424089	0.261922	0.329722	0.014642
SalEn.52390_1-46_NEs	0.272116	0.300242	0.261922	0.000000	0.261922	0.000000	0.000000	0.261922	0.300242	0.000000	0.144013	0.272397
EscCo.1_00340_1-47_NEs	0.014318	0.424165	0.000000	0.261922	0.000000	0.261922	0.265365	0.000000	0.424089	0.261922	0.329722	0.014327
SalEn.10451_1-46_NEs	0.272116	0.300242	0.261922	0.000000	0.261922	0.000000	0.000000	0.261922	0.300242	0.000000	0.144013	0.272397
SalEn.2_MW05401_1-47_Ess	0.275361	0.292783	0.261922	0.000000	0.265365	0.000000	0.000000	0.261922	0.300242	0.000000	0.144013	0.275640
EscCo.54506_1-46	0.014632	0.424089	0.000000	0.261922	0.000000	0.261922	0.261922	0.000000	0.424089	0.261922	0.329722	0.014642
KlePn.2_09241_1-46_NEs	0.399257	0.000000	0.424089	0.300242	0.424089	0.300242	0.300242	0.424089	0.000000	0.300242	0.252420	0.399591
SalEn.4_05401_1-46_NEs	0.272116	0.300242	0.261922	0.000000	0.261922	0.000000	0.000000	0.261922	0.300242	0.000000	0.144013	0.272397
EntCo.1_22750_1-46_NEs	0.340311	0.252420	0.329722	0.144013	0.329722	0.144013	0.144013	0.329722	0.252420	0.144013	0.000000	0.318827
EscCo.2_43780_1-47_NEs	0.014316	0.400218	0.014642	0.272397	0.014327	0.272397	0.275640	0.014642	0.399591	0.272397	0.318827	0.000000