EscCo.3_4205_1-70_NEs	0.000000	0.143956	0.853508	0.829312	0.004776	0.004776	0.876020	0.876020	0.789725	0.143956	0.080444	0.789725	0.876020	0.903453	0.080444	0.853508	0.802703	0.789725	0.143956	0.886751	0.143956	0.143956	0.081076	0.004776	0.805556	0.143465	0.739556	0.004776
SalEn.13886_1-70_NEs	0.143956	0.000000	0.859218	0.790329	0.138160	0.138160	0.798826	0.798826	0.753230	0.000000	0.103606	0.753230	0.798826	0.823624	0.103606	0.859218	0.808747	0.753230	0.000000	0.807942	0.000000	0.000000	0.126734	0.138160	0.768219	0.144134	0.733494	0.138160
KlePn.1_02788_1-83_NEs	0.853508	0.859218	0.000000	0.402452	0.835937	0.835937	0.357409	0.357409	0.394241	0.859218	0.762678	0.394241	0.357409	0.349661	0.762678	0.000000	0.399833	0.394241	0.859218	0.343413	0.859218	0.859218	0.771807	0.835937	0.400895	0.792651	0.324808	0.835937
SalEn.52391_1-84_NEs	0.829312	0.790329	0.402452	0.000000	0.829312	0.829312	0.392551	0.392551	0.008019	0.790329	0.819163	0.008019	0.392551	0.384347	0.819163	0.402452	0.395545	0.008019	0.790329	0.371532	0.790329	0.790329	0.847111	0.829312	0.004001	0.837187	0.349700	0.829312
EscCo.53936_1-70	0.004776	0.138160	0.835937	0.829312	0.000000	0.000000	0.858028	0.858028	0.789725	0.138160	0.075183	0.789725	0.858028	0.884897	0.075183	0.835937	0.786482	0.789725	0.138160	0.868393	0.138160	0.138160	0.075771	0.000000	0.805556	0.137692	0.723789	0.000000
EscCo.2_35610_1-70_NEs	0.004776	0.138160	0.835937	0.829312	0.000000	0.000000	0.858028	0.858028	0.789725	0.138160	0.075183	0.789725	0.858028	0.884897	0.075183	0.835937	0.786482	0.789725	0.138160	0.868393	0.138160	0.138160	0.075771	0.000000	0.805556	0.137692	0.723789	0.000000
EscCo.50296_1-83	0.876020	0.798826	0.357409	0.392551	0.858028	0.858028	0.000000	0.000000	0.397651	0.798826	0.830777	0.397651	0.000000	0.012154	0.830777	0.357409	0.215643	0.397651	0.798826	0.024471	0.798826	0.798826	0.732244	0.858028	0.391056	0.784305	0.311231	0.858028
EscCo.3_0356_1-83_NEs	0.876020	0.798826	0.357409	0.392551	0.858028	0.858028	0.000000	0.000000	0.397651	0.798826	0.830777	0.397651	0.000000	0.012154	0.830777	0.357409	0.215643	0.397651	0.798826	0.024471	0.798826	0.798826	0.732244	0.858028	0.391056	0.784305	0.311231	0.858028
SalEn.4_05391_1-84_NEs	0.789725	0.753230	0.394241	0.008019	0.789725	0.789725	0.397651	0.397651	0.000000	0.753230	0.779625	0.000000	0.397651	0.389417	0.779625	0.394241	0.400684	0.000000	0.753230	0.376590	0.753230	0.753230	0.805993	0.789725	0.003991	0.796919	0.348374	0.789725
SalEn.3_4045_1-70_NEs	0.143956	0.000000	0.859218	0.790329	0.138160	0.138160	0.798826	0.798826	0.753230	0.000000	0.103606	0.753230	0.798826	0.823624	0.103606	0.859218	0.808747	0.753230	0.000000	0.807942	0.000000	0.000000	0.126734	0.138160	0.768219	0.144134	0.733494	0.138160
KlePn.1_00351_1-70_NEs	0.080444	0.103606	0.762678	0.819163	0.075183	0.075183	0.830777	0.830777	0.779625	0.103606	0.000000	0.779625	0.830777	0.857067	0.000000	0.762678	0.823514	0.779625	0.103606	0.840699	0.103606	0.103606	0.080939	0.075183	0.795473	0.167565	0.674034	0.075183
SalEn.3_0462_1-84_NEs	0.789725	0.753230	0.394241	0.008019	0.789725	0.789725	0.397651	0.397651	0.000000	0.753230	0.779625	0.000000	0.397651	0.389417	0.779625	0.394241	0.400684	0.000000	0.753230	0.376590	0.753230	0.753230	0.805993	0.789725	0.003991	0.796919	0.348374	0.789725
EscCo.1_00341_2-84_NEs	0.876020	0.798826	0.357409	0.392551	0.858028	0.858028	0.000000	0.000000	0.397651	0.798826	0.830777	0.397651	0.000000	0.012154	0.830777	0.357409	0.215643	0.397651	0.798826	0.024471	0.798826	0.798826	0.732244	0.858028	0.391056	0.784305	0.311231	0.858028
EscCo.2_43790_2-84_NEs	0.903453	0.823624	0.349661	0.384347	0.884897	0.884897	0.012154	0.012154	0.389417	0.823624	0.857067	0.389417	0.012154	0.000000	0.857067	0.349661	0.226853	0.389417	0.823624	0.012120	0.823624	0.823624	0.770754	0.884897	0.382899	0.808722	0.318653	0.884897
KlePn.2_48641_1-70_NEs	0.080444	0.103606	0.762678	0.819163	0.075183	0.075183	0.830777	0.830777	0.779625	0.103606	0.000000	0.779625	0.830777	0.857067	0.000000	0.762678	0.823514	0.779625	0.103606	0.840699	0.103606	0.103606	0.080939	0.075183	0.795473	0.167565	0.674034	0.075183
KlePn.2_09231_1-83_NEs	0.853508	0.859218	0.000000	0.402452	0.835937	0.835937	0.357409	0.357409	0.394241	0.859218	0.762678	0.394241	0.357409	0.349661	0.762678	0.000000	0.399833	0.394241	0.859218	0.343413	0.859218	0.859218	0.771807	0.835937	0.400895	0.792651	0.324808	0.835937
EscCo.2_53270_1-83_BeL	0.802703	0.808747	0.399833	0.395545	0.786482	0.786482	0.215643	0.215643	0.400684	0.808747	0.823514	0.400684	0.215643	0.226853	0.823514	0.399833	0.000000	0.400684	0.808747	0.226933	0.808747	0.808747	0.756810	0.786482	0.394023	0.731843	0.382115	0.786482
SalEn.2_MW05391_1-84_NEs	0.789725	0.753230	0.394241	0.008019	0.789725	0.789725	0.397651	0.397651	0.000000	0.753230	0.779625	0.000000	0.397651	0.389417	0.779625	0.394241	0.400684	0.000000	0.753230	0.376590	0.753230	0.753230	0.805993	0.789725	0.003991	0.796919	0.348374	0.789725
SalEn.2_MW40611_1-70_NEs	0.143956	0.000000	0.859218	0.790329	0.138160	0.138160	0.798826	0.798826	0.753230	0.000000	0.103606	0.753230	0.798826	0.823624	0.103606	0.859218	0.808747	0.753230	0.000000	0.807942	0.000000	0.000000	0.126734	0.138160	0.768219	0.144134	0.733494	0.138160
EscCo.4_03674_2-84_BeL	0.886751	0.807942	0.343413	0.371532	0.868393	0.868393	0.024471	0.024471	0.376590	0.807942	0.840699	0.376590	0.024471	0.012120	0.840699	0.343413	0.226933	0.376590	0.807942	0.000000	0.807942	0.807942	0.755721	0.868393	0.370146	0.793169	0.312501	0.868393
SalEn.53522_1-70_NEs	0.143956	0.000000	0.859218	0.790329	0.138160	0.138160	0.798826	0.798826	0.753230	0.000000	0.103606	0.753230	0.798826	0.823624	0.103606	0.859218	0.808747	0.753230	0.000000	0.807942	0.000000	0.000000	0.126734	0.138160	0.768219	0.144134	0.733494	0.138160
SalEn.4_40611_1-70_BeL	0.143956	0.000000	0.859218	0.790329	0.138160	0.138160	0.798826	0.798826	0.753230	0.000000	0.103606	0.753230	0.798826	0.823624	0.103606	0.859218	0.808747	0.753230	0.000000	0.807942	0.000000	0.000000	0.126734	0.138160	0.768219	0.144134	0.733494	0.138160
CitRo.1_38101_1-70_NEs	0.081076	0.126734	0.771807	0.847111	0.075771	0.075771	0.732244	0.732244	0.805993	0.126734	0.080939	0.805993	0.732244	0.770754	0.080939	0.771807	0.756810	0.805993	0.126734	0.755721	0.126734	0.126734	0.000000	0.075771	0.822355	0.108894	0.641120	0.075771
EscCo.4_04564_1-70_NEs	0.004776	0.138160	0.835937	0.829312	0.000000	0.000000	0.858028	0.858028	0.789725	0.138160	0.075183	0.789725	0.858028	0.884897	0.075183	0.835937	0.786482	0.789725	0.138160	0.868393	0.138160	0.138160	0.075771	0.000000	0.805556	0.137692	0.723789	0.000000
SalEn.10450_1-84_NEs	0.805556	0.768219	0.400895	0.004001	0.805556	0.805556	0.391056	0.391056	0.003991	0.768219	0.795473	0.003991	0.391056	0.382899	0.795473	0.400895	0.394023	0.003991	0.768219	0.370146	0.768219	0.768219	0.822355	0.805556	0.000000	0.812987	0.341833	0.805556
EntCo.1_00990_1-70_NEs	0.143465	0.144134	0.792651	0.837187	0.137692	0.137692	0.784305	0.784305	0.796919	0.144134	0.167565	0.796919	0.784305	0.808722	0.167565	0.792651	0.731843	0.796919	0.144134	0.793169	0.144134	0.144134	0.108894	0.137692	0.812987	0.000000	0.682124	0.137692
EntCo.1_22760_1-81_NEs	0.739556	0.733494	0.324808	0.349700	0.723789	0.723789	0.311231	0.311231	0.348374	0.733494	0.674034	0.348374	0.311231	0.318653	0.674034	0.324808	0.382115	0.348374	0.733494	0.312501	0.733494	0.733494	0.641120	0.723789	0.341833	0.682124	0.000000	0.723789
EscCo.1_04392_1-70_BeL	0.004776	0.138160	0.835937	0.829312	0.000000	0.000000	0.858028	0.858028	0.789725	0.138160	0.075183	0.789725	0.858028	0.884897	0.075183	0.835937	0.786482	0.789725	0.138160	0.868393	0.138160	0.138160	0.075771	0.000000	0.805556	0.137692	0.723789	0.000000