SalEn.12774_1-302_NEs	0.000000	0.163663	0.013325	0.162456	0.157195	0.004421	0.160413	0.154914	0.004421	0.162941	0.162813	0.169641	0.004421
KlePn.2_37581_1-302_NEs	0.163663	0.000000	0.169215	0.010043	0.112745	0.161123	0.129168	0.131675	0.161123	0.129020	0.128940	0.097175	0.161123
SalEn.52836_1-302_NEs	0.013325	0.169215	0.000000	0.170732	0.162639	0.008857	0.161858	0.159029	0.008857	0.161696	0.164261	0.178002	0.008857
KlePn.1_01546_1-302_NEs	0.162456	0.010043	0.170732	0.000000	0.106481	0.162621	0.125185	0.125081	0.162621	0.126353	0.123679	0.098644	0.162621
CitRo.1_30571_1-302_NEs	0.157195	0.112745	0.162639	0.106481	0.000000	0.156002	0.142025	0.134106	0.156002	0.140367	0.135080	0.124530	0.156002
SalEn.3_2914_1-302_NEs	0.004421	0.161123	0.008857	0.162621	0.156002	0.000000	0.159215	0.153719	0.000000	0.159056	0.161616	0.169814	0.000000
EscCo.3_2943_1-302_NEs	0.160413	0.129168	0.161858	0.125185	0.142025	0.159215	0.000000	0.020114	0.159215	0.011114	0.017866	0.141884	0.159215
EscCo.1_03077_1-302_NEs	0.154914	0.131675	0.159029	0.125081	0.134106	0.153719	0.020114	0.000000	0.153719	0.024689	0.026953	0.140435	0.153719
SalEn.4_28981_1-302_NEs	0.004421	0.161123	0.008857	0.162621	0.156002	0.000000	0.159215	0.153719	0.000000	0.159056	0.161616	0.169814	0.000000
EscCo.52752_1-302	0.162941	0.129020	0.161696	0.126353	0.140367	0.159056	0.011114	0.024689	0.159056	0.000000	0.017848	0.142821	0.159056
EscCo.4_01021_1-302_NEs	0.162813	0.128940	0.164261	0.123679	0.135080	0.161616	0.017866	0.026953	0.161616	0.017848	0.000000	0.144274	0.161616
EntCo.1_30070_1-302_NEs	0.169641	0.097175	0.178002	0.098644	0.124530	0.169814	0.141884	0.140435	0.169814	0.142821	0.144274	0.000000	0.169814
SalEn.2_MW28981_1-302_NEs	0.004421	0.161123	0.008857	0.162621	0.156002	0.000000	0.159215	0.153719	0.000000	0.159056	0.161616	0.169814	0.000000