SalEn.54032_1-393_NEs	0.000000	0.200347	0.019791	0.203667	0.166932	0.203667	0.209580	0.201718	0.195089	0.021553	0.021553	0.021553	0.204047
EscCo.1_03786_1-394_BeL	0.200347	0.000000	0.191122	0.002539	0.172904	0.002539	0.222419	0.243936	0.022232	0.196837	0.196837	0.197306	0.245177
SalEn.13300_1-393_BeL	0.019791	0.191122	0.000000	0.194404	0.161263	0.194404	0.209898	0.197063	0.190273	0.008543	0.008543	0.008543	0.199377
EscCo.53364_1-393	0.203667	0.002539	0.194404	0.000000	0.173972	0.000000	0.221851	0.245739	0.024903	0.200142	0.200142	0.200142	0.246985
CitRo.1_44451_1-393_NEs	0.166932	0.172904	0.161263	0.173972	0.000000	0.173972	0.172307	0.192547	0.175032	0.165491	0.165491	0.165491	0.189370
EscCo.3_3615_1-393_BeL	0.203667	0.002539	0.194404	0.000000	0.173972	0.000000	0.221851	0.245739	0.024903	0.200142	0.200142	0.200142	0.246985
EntCo.1_25760_1-394_BeL	0.209580	0.222419	0.209898	0.221851	0.172307	0.221851	0.000000	0.182275	0.224890	0.210999	0.210999	0.213873	0.181273
KlePn.1_00836_1-396_NEs	0.201718	0.243936	0.197063	0.245739	0.192547	0.245739	0.182275	0.000000	0.239305	0.199527	0.199527	0.202387	0.008496
EscCo.4_00330_1-394_BeL	0.195089	0.022232	0.190273	0.024903	0.175032	0.024903	0.224890	0.239305	0.000000	0.195988	0.195988	0.196461	0.242868
SalEn.4_34641_1-393_BeL	0.021553	0.196837	0.008543	0.200142	0.165491	0.200142	0.210999	0.199527	0.195988	0.000000	0.000000	0.000000	0.201850
SalEn.3_3440_1-393_BeL	0.021553	0.196837	0.008543	0.200142	0.165491	0.200142	0.210999	0.199527	0.195988	0.000000	0.000000	0.000000	0.201850
SalEn.2_MW34641_1-394_BeL	0.021553	0.197306	0.008543	0.200142	0.165491	0.200142	0.213873	0.202387	0.196461	0.000000	0.000000	0.000000	0.204714
KlePn.2_43871_1-395_BeL	0.204047	0.245177	0.199377	0.246985	0.189370	0.246985	0.181273	0.008496	0.242868	0.201850	0.201850	0.204714	0.000000