EscCo.50516_180-410	0.000000	0.243738	1.514785	0.240300	0.021789	0.035095	0.240300	0.001433	1.148763	1.130164	1.479720	1.126396	0.244333	0.240300	0.032220
SalEn.10508_175-409_NEs	0.243738	0.000000	1.419596	0.004248	0.238443	0.243528	0.004248	0.241520	1.159965	1.135878	1.459046	1.140339	0.008523	0.002853	0.236261
KlePn.2_23361_183-417_NEs	1.514785	1.419596	0.000000	1.426215	1.537318	1.502060	1.426215	1.522499	1.265007	1.240386	0.025181	1.249813	1.439609	1.426215	1.522084
SalEn.3_0520_175-410_NEs	0.240300	0.004248	1.426215	0.000000	0.235044	0.240095	0.000000	0.238106	1.158807	1.145074	1.466178	1.149613	0.007073	0.000000	0.232885
EscCo.2_46400_180-410_BeL	0.021789	0.238443	1.537318	0.235044	0.000000	0.024728	0.235044	0.021769	1.182639	1.139547	1.517243	1.141472	0.239063	0.235044	0.029297
EscCo.3_0568_180-410_NEs	0.035095	0.243528	1.502060	0.240095	0.024728	0.000000	0.240095	0.033578	1.160403	1.132069	1.482033	1.134012	0.244124	0.240095	0.035255
SalEn.4_05951_175-410_NEs	0.240300	0.004248	1.426215	0.000000	0.235044	0.240095	0.000000	0.238106	1.158807	1.145074	1.466178	1.149613	0.007073	0.000000	0.232885
EscCo.1_00542_180-410_NEs	0.001433	0.241520	1.522499	0.238106	0.021769	0.033578	0.238106	0.000000	1.152751	1.126396	1.487235	1.122666	0.242125	0.238106	0.030705
KlePn.2_11411_27-420_NEs	1.148763	1.159965	1.265007	1.158807	1.182639	1.160403	1.158807	1.152751	0.000000	0.908885	1.227649	0.901596	1.156377	1.158364	1.176474
KlePn.1_03450_34-408_NEs	1.130164	1.135878	1.240386	1.145074	1.139547	1.132069	1.145074	1.126396	0.908885	0.000000	1.247705	0.007148	1.130292	1.140774	1.132787
KlePn.1_04905_183-417_NEs	1.479720	1.459046	0.025181	1.466178	1.517243	1.482033	1.466178	1.487235	1.227649	1.247705	0.000000	1.257318	1.480327	1.466178	1.501866
KlePn.2_15771_34-408_NEs	1.126396	1.140339	1.249813	1.149613	1.141472	1.134012	1.149613	1.122666	0.901596	0.007148	1.257318	0.000000	1.134682	1.145301	1.134710
SalEn.52334_174-410_NEs	0.244333	0.008523	1.439609	0.007073	0.239063	0.244124	0.007073	0.242125	1.156377	1.130292	1.480327	1.134682	0.000000	0.007129	0.238879
SalEn.2_MW05951_184-417_NEs	0.240300	0.002853	1.426215	0.000000	0.235044	0.240095	0.000000	0.238106	1.158364	1.140774	1.466178	1.145301	0.007129	0.000000	0.232885
EscCo.4_03460_181-410_BeL	0.032220	0.236261	1.522084	0.232885	0.029297	0.035255	0.232885	0.030705	1.176474	1.132787	1.501866	1.134710	0.238879	0.232885	0.000000