EntCo.1_01830_1-316_NEs	0.000000	0.190557	0.197360	0.191691	0.195725	0.178466	0.191183	0.197238	0.201840	0.186886	0.191630	0.191183	0.191183	0.185755
EscCo.3_4105_1-317_NEs	0.190557	0.000000	0.014808	0.034317	0.226086	0.174719	0.189014	0.223986	0.027711	0.186159	0.023421	0.189014	0.189014	0.186049
EscCo.4_04690_1-317_NEs	0.197360	0.014808	0.000000	0.036521	0.231990	0.176032	0.191967	0.229891	0.040843	0.189097	0.031001	0.191967	0.191967	0.188984
EscCo.2_34450_1-317_NEs	0.191691	0.034317	0.036521	0.000000	0.229285	0.174203	0.191935	0.225350	0.034284	0.191737	0.028768	0.191935	0.191935	0.191623
KlePn.1_01796_1-317_NEs	0.195725	0.226086	0.231990	0.229285	0.000000	0.202916	0.216224	0.005328	0.234649	0.212212	0.229040	0.216224	0.216224	0.213802
CitRo.1_39261_1-317_NEs	0.178466	0.174719	0.176032	0.174203	0.202916	0.000000	0.145020	0.202066	0.182439	0.139831	0.176886	0.145020	0.145020	0.144795
SalEn.4_39351_1-317_BeL	0.191183	0.189014	0.191967	0.191935	0.216224	0.145020	0.000000	0.214035	0.188735	0.007407	0.188949	0.000000	0.000000	0.010609
KlePn.2_49491_1-316_BeL	0.197238	0.223986	0.229891	0.225350	0.005328	0.202066	0.214035	0.000000	0.232553	0.210020	0.226940	0.214035	0.214035	0.211608
EscCo.53828_1-317	0.201840	0.027711	0.040843	0.034284	0.234649	0.182439	0.188735	0.232553	0.000000	0.185885	0.016957	0.188735	0.188735	0.185776
SalEn.13759_1-317_NEs	0.186886	0.186159	0.189097	0.191737	0.212212	0.139831	0.007407	0.210020	0.185885	0.000000	0.186096	0.007407	0.007407	0.007407
EscCo.1_04281_1-317_NEs	0.191630	0.023421	0.031001	0.028768	0.229040	0.176886	0.188949	0.226940	0.016957	0.186096	0.000000	0.188949	0.188949	0.185986
SalEn.3_3918_1-317_BeL	0.191183	0.189014	0.191967	0.191935	0.216224	0.145020	0.000000	0.214035	0.188735	0.007407	0.188949	0.000000	0.000000	0.010609
SalEn.2_MW39351_1-317_BeL	0.191183	0.189014	0.191967	0.191935	0.216224	0.145020	0.000000	0.214035	0.188735	0.007407	0.188949	0.000000	0.000000	0.010609
SalEn.53333_1-317_NEs	0.185755	0.186049	0.188984	0.191623	0.213802	0.144795	0.010609	0.211608	0.185776	0.007407	0.185986	0.010609	0.010609	0.000000