SalEn.54440_1-91_NEs	0.000000	0.642138	0.270825	0.318263	0.014853	0.642138	0.033744	0.033744	0.317975	0.319253	0.033744	0.418833	0.313581
KlePn.1_02071_1-92_NEs	0.642138	0.000000	0.483846	0.529032	0.633692	0.000000	0.647756	0.651409	0.530222	0.539996	0.651409	0.539448	0.567143
EscCo.2_38570_1-81_NEs	0.270825	0.483846	0.000000	0.000000	0.253470	0.483846	0.274444	0.274444	0.020818	0.000000	0.274444	0.371326	0.033543
EscCo.1_04678_1-92_NEs	0.318263	0.529032	0.000000	0.000000	0.301887	0.530749	0.316878	0.321336	0.018468	0.003675	0.321336	0.382761	0.033212
SalEn.14155_1-91_NEs	0.014853	0.633692	0.253470	0.301887	0.000000	0.633692	0.033726	0.033726	0.301619	0.302813	0.033726	0.399909	0.302545
KlePn.2_02041_1-91_NEs	0.642138	0.000000	0.483846	0.530749	0.633692	0.000000	0.651409	0.651409	0.530222	0.539996	0.651409	0.539448	0.569443
SalEn.2_MW43331_1-92_BeL	0.033744	0.647756	0.274444	0.316878	0.033726	0.651409	0.000000	0.000000	0.321047	0.322332	0.000000	0.430848	0.301659
SalEn.3_4322_1-91_NEs	0.033744	0.651409	0.274444	0.321336	0.033726	0.651409	0.000000	0.000000	0.321047	0.322332	0.000000	0.430848	0.305881
EscCo.3_4545_1-91_NEs	0.317975	0.530222	0.020818	0.018468	0.301619	0.530222	0.321047	0.321047	0.000000	0.022254	0.321047	0.382426	0.037370
EscCo.54199_1-91	0.319253	0.539996	0.000000	0.003675	0.302813	0.539996	0.322332	0.322332	0.022254	0.000000	0.322332	0.375329	0.029720
SalEn.4_43331_1-91_NEs	0.033744	0.651409	0.274444	0.321336	0.033726	0.651409	0.000000	0.000000	0.321047	0.322332	0.000000	0.430848	0.305881
CitRo.1_32531_1-91_NEs	0.418833	0.539448	0.371326	0.382761	0.399909	0.539448	0.430848	0.430848	0.382426	0.375329	0.430848	0.000000	0.381193
EscCo.4_04254_1-92_NEs	0.313581	0.567143	0.033543	0.033212	0.302545	0.569443	0.301659	0.305881	0.037370	0.029720	0.305881	0.381193	0.000000