SalEn.3_1705_1-418_Ess	0.000000	0.000000	0.207557	0.008013	0.177269	0.186548	0.175212	0.209887	0.175212	0.153787	0.000000	0.010429	0.183371
SalEn.4_17691_1-418_Ess	0.000000	0.000000	0.207557	0.008013	0.177269	0.186548	0.175212	0.209887	0.175212	0.153787	0.000000	0.010429	0.183371
KlePn.1_04433_1-418_Ess	0.207557	0.207557	0.000000	0.208854	0.217441	0.178971	0.221874	0.003220	0.221874	0.188190	0.207557	0.209878	0.239766
SalEn.11262_1-418_Ess	0.008013	0.008013	0.208854	0.000000	0.175462	0.184518	0.173407	0.211191	0.173407	0.152027	0.008013	0.005606	0.181557
EscCo.1_01388_1-418_Ess	0.177269	0.177269	0.217441	0.175462	0.000000	0.184058	0.009572	0.219798	0.009572	0.180156	0.177269	0.176222	0.047544
EntCo.1_07590_1-418_Ess	0.186548	0.186548	0.178971	0.184518	0.184058	0.000000	0.180166	0.179975	0.180166	0.178122	0.186548	0.186700	0.190649
EscCo.51210_1-418	0.175212	0.175212	0.221874	0.173407	0.009572	0.180166	0.000000	0.224248	0.000000	0.180085	0.175212	0.172186	0.043374
KlePn.2_28291_1-418_Ess	0.209887	0.209887	0.003220	0.211191	0.219798	0.179975	0.224248	0.000000	0.224248	0.191458	0.209887	0.212218	0.242209
EscCo.3_1314_1-418_Ess	0.175212	0.175212	0.221874	0.173407	0.009572	0.180166	0.000000	0.224248	0.000000	0.180085	0.175212	0.172186	0.043374
CitRo.1_18031_1-418_Ess	0.153787	0.153787	0.188190	0.152027	0.180156	0.178122	0.180085	0.191458	0.180085	0.000000	0.153787	0.153754	0.178726
SalEn.2_MW17691_1-418_Ess	0.000000	0.000000	0.207557	0.008013	0.177269	0.186548	0.175212	0.209887	0.175212	0.153787	0.000000	0.010429	0.183371
SalEn.51099_1-418_Ess	0.010429	0.010429	0.209878	0.005606	0.176222	0.186700	0.172186	0.212218	0.172186	0.153754	0.010429	0.000000	0.182314
EscCo.4_02632_1-418_Ess	0.183371	0.183371	0.239766	0.181557	0.047544	0.190649	0.043374	0.242209	0.043374	0.178726	0.183371	0.182314	0.000000