EscCo.3_2163_1-299_NEs	0.000000	0.021484	0.174554	0.154024	0.157072	0.021428	0.030644	0.180959	0.157098	0.176935	0.154290	0.158569	0.158477
EscCo.1_02250_1-299_NEs	0.021484	0.000000	0.171554	0.156992	0.162610	0.016852	0.022566	0.176819	0.162817	0.172808	0.159985	0.164304	0.164208
EntCo.1_41500_1-299_NEs	0.174554	0.171554	0.000000	0.172542	0.150444	0.176908	0.167160	0.120298	0.181330	0.118973	0.175595	0.182874	0.182765
SalEn.12070_1-299_NEs	0.154024	0.156992	0.172542	0.000000	0.133161	0.152499	0.160820	0.153561	0.011227	0.159188	0.006716	0.012365	0.012358
CitRo.1_21571_1-299_NEs	0.157072	0.162610	0.150444	0.133161	0.000000	0.156686	0.164005	0.124032	0.141443	0.128145	0.136011	0.142885	0.142803
EscCo.52019_1-299	0.021428	0.016852	0.176908	0.152499	0.156686	0.000000	0.025967	0.176322	0.155560	0.172323	0.152762	0.157027	0.156936
EscCo.4_01693_1-299_NEs	0.030644	0.022566	0.167160	0.160820	0.164005	0.025967	0.000000	0.165447	0.166668	0.161477	0.165172	0.168162	0.168063
KlePn.2_30781_1-299_NEs	0.180959	0.176819	0.120298	0.153561	0.124032	0.176322	0.165447	0.000000	0.155259	0.007899	0.152407	0.156735	0.156643
SalEn.4_21021_1-299_NEs	0.157098	0.162817	0.181330	0.011227	0.141443	0.155560	0.166668	0.155259	0.000000	0.160910	0.006717	0.001114	0.001114
KlePn.1_04105_1-299_NEs	0.176935	0.172808	0.118973	0.159188	0.128145	0.172323	0.161477	0.007899	0.160910	0.000000	0.158034	0.162401	0.162305
SalEn.50802_1-299_NEs	0.154290	0.159985	0.175595	0.006716	0.136011	0.152762	0.165172	0.152407	0.006717	0.158034	0.000000	0.007846	0.007842
SalEn.2_MW21021_1-299_NEs	0.158569	0.164304	0.182874	0.012365	0.142885	0.157027	0.168162	0.156735	0.001114	0.162401	0.007846	0.000000	0.002230
SalEn.3_2048_1-299_NEs	0.158477	0.164208	0.182765	0.012358	0.142803	0.156936	0.168063	0.156643	0.001114	0.162305	0.007842	0.002230	0.000000