SalEn.2_MW13281_5-199_NEs	0.000000	0.265608	0.000000	0.020749	0.000000	0.265608	0.000000	0.249280	0.307905	0.307452	0.273196	0.265608	0.298375
EscCo.1_01912_1-195_NEs	0.265608	0.000000	0.265608	0.262878	0.265608	0.000000	0.265608	0.248253	0.345354	0.345986	0.019000	0.000000	0.265670
SalEn.3_1256_5-199_NEs	0.000000	0.265608	0.000000	0.020749	0.000000	0.265608	0.000000	0.249280	0.307905	0.307452	0.273196	0.265608	0.298375
SalEn.51201_5-199_NEs	0.020749	0.262878	0.020749	0.000000	0.020749	0.262878	0.020749	0.254476	0.300729	0.300288	0.270432	0.262878	0.292979
SalEn.11722_5-199_NEs	0.000000	0.265608	0.000000	0.020749	0.000000	0.265608	0.000000	0.249280	0.307905	0.307452	0.273196	0.265608	0.298375
EscCo.3_1760_1-195_NEs	0.265608	0.000000	0.265608	0.262878	0.265608	0.000000	0.265608	0.248253	0.345354	0.345986	0.019000	0.000000	0.265670
SalEn.4_13281_5-199_NEs	0.000000	0.265608	0.000000	0.020749	0.000000	0.265608	0.000000	0.249280	0.307905	0.307452	0.273196	0.265608	0.298375
CitRo.1_13271_1-195_NEs	0.249280	0.248253	0.249280	0.254476	0.249280	0.248253	0.249280	0.000000	0.263409	0.265471	0.246258	0.248253	0.224665
KlePn.1_05494_1-195_NEs	0.307905	0.345354	0.307905	0.300729	0.307905	0.345354	0.307905	0.263409	0.000000	0.008665	0.339372	0.345354	0.255071
KlePn.2_18621_1-195_NEs	0.307452	0.345986	0.307452	0.300288	0.307452	0.345986	0.307452	0.265471	0.008665	0.000000	0.339989	0.345986	0.260280
EscCo.4_02151_1-195_NEs	0.273196	0.019000	0.273196	0.270432	0.273196	0.019000	0.273196	0.246258	0.339372	0.339989	0.000000	0.019000	0.250879
EscCo.51728_1-195	0.265608	0.000000	0.265608	0.262878	0.265608	0.000000	0.265608	0.248253	0.345354	0.345986	0.019000	0.000000	0.265670
EntCo.1_14290_1-195_NEs	0.298375	0.265670	0.298375	0.292979	0.298375	0.265670	0.298375	0.224665	0.255071	0.260280	0.250879	0.265670	0.000000