EscCo.2_3992_1-467_Ess	0.000000	0.137043	0.137043	0.142624	0.150430	0.011518	0.000000	0.135349	0.151371	0.132800	0.132771	0.136259	0.010055
SalEn.2_MW38231_1-466_Ess	0.137043	0.000000	0.000000	0.165980	0.168765	0.140736	0.137043	0.001429	0.169733	0.012953	0.010057	0.123828	0.136234
SalEn.4_38231_1-466_Ess	0.137043	0.000000	0.000000	0.165980	0.168765	0.140736	0.137043	0.001429	0.169733	0.012953	0.010057	0.123828	0.136234
EntCo.1_03940_1-441_Ess	0.142624	0.165980	0.165980	0.000000	0.141406	0.145626	0.142624	0.164121	0.142393	0.165200	0.164240	0.156630	0.147334
KlePn.1_00470_1-467_Ess	0.150430	0.168765	0.168765	0.141406	0.000000	0.155937	0.150430	0.166998	0.000717	0.163621	0.164474	0.138849	0.151464
EscCo.3_04814_1-467_Ess	0.011518	0.140736	0.140736	0.145626	0.155937	0.000000	0.011518	0.139032	0.156888	0.138168	0.136437	0.139925	0.011509
EscCo.43702_1-467_Ess	0.000000	0.137043	0.137043	0.142624	0.150430	0.011518	0.000000	0.135349	0.151371	0.132800	0.132771	0.136259	0.010055
SalEn.3_3805_1-466_Ess	0.135349	0.001429	0.001429	0.164121	0.166998	0.139032	0.135349	0.000000	0.167963	0.011504	0.008613	0.122165	0.134540
KlePn.2_47491_1-467_Ess	0.151371	0.169733	0.169733	0.142393	0.000717	0.156888	0.151371	0.167963	0.000000	0.164582	0.165436	0.139771	0.152408
SalEn.53681_1-466_Ess	0.132800	0.012953	0.012953	0.165200	0.163621	0.138168	0.132800	0.011504	0.164582	0.000000	0.004296	0.122147	0.131993
SalEn.13655_1-466_Ess	0.132771	0.010057	0.010057	0.164240	0.164474	0.136437	0.132771	0.008613	0.165436	0.004296	0.000000	0.122121	0.131963
CitRo.1_40251_1-468_Ess	0.136259	0.123828	0.123828	0.156630	0.138849	0.139925	0.136259	0.122165	0.139771	0.122147	0.122121	0.000000	0.138973
EscCo.1_04153_1-467_Ess	0.010055	0.136234	0.136234	0.147334	0.151464	0.011509	0.010055	0.134540	0.152408	0.131993	0.131963	0.138973	0.000000