KlePn.1_00349_1-386_NEs	0.000000	1.026365	1.032140	0.190139	1.477455	0.197022	0.003482	1.455397	0.186554	0.192949	0.189143	0.194035	1.547734	0.187065	1.382544	0.187065	1.497057	0.192290	1.433607	1.386772	1.436600	0.187101	0.154984	1.386354	1.539242	1.539884	1.382544	0.187065	1.382544	1.492346
KlePn.2_40661_2-382_NEs	1.026365	0.000000	0.007108	1.108395	1.468131	1.023542	1.034423	1.474001	1.089622	1.109217	1.024217	1.105724	1.533876	1.019386	1.733928	1.019386	1.470135	1.108395	1.376667	1.720213	1.502946	1.023207	1.012684	1.701089	1.292837	1.289027	1.733928	1.019386	1.733928	1.465231
KlePn.1_01197_2-383_NEs	1.032140	0.007108	0.000000	1.125105	1.483069	1.034584	1.040255	1.488973	1.105954	1.125948	1.036344	1.122412	1.532637	1.031489	1.728902	1.031489	1.485143	1.125105	1.383086	1.715143	1.496086	1.035354	1.022728	1.695824	1.293967	1.290137	1.728902	1.031489	1.728902	1.480193
EscCo.2_35670_1-386_NEs	0.190139	1.108395	1.125105	0.000000	1.510226	0.187625	0.187876	1.497116	0.019252	0.015709	0.133404	0.016589	1.581432	0.129396	1.589161	0.129396	1.523115	0.016570	1.567025	1.584076	1.435613	0.128407	0.143137	1.552461	1.671167	1.662117	1.589161	0.129396	1.589161	1.518227
EscCo.1_03430_1-395_NEs	1.477455	1.468131	1.483069	1.510226	0.000000	1.543931	1.486240	0.027321	1.504912	1.501658	1.515740	1.505627	0.449703	1.516684	0.283218	1.516684	0.016951	1.511035	0.282978	0.286082	0.259339	1.509033	1.523257	0.285094	0.303622	0.303668	0.283218	1.516684	0.283218	0.017805
EntCo.1_01010_1-386_NEs	0.197022	1.023542	1.034584	0.187625	1.543931	0.000000	0.195805	1.526060	0.186225	0.182821	0.205635	0.183894	1.640032	0.194412	1.492775	0.194412	1.551916	0.177590	1.547250	1.491515	1.542576	0.192238	0.190386	1.471095	1.586170	1.586868	1.492775	0.194412	1.492775	1.546894
KlePn.2_48661_1-386_NEs	0.003482	1.034423	1.040255	0.187876	1.486240	0.195805	0.000000	1.464129	0.184304	0.190684	0.189313	0.191767	1.558388	0.187233	1.390713	0.187233	1.506059	0.190022	1.442469	1.395000	1.445329	0.187270	0.153849	1.394512	1.545165	1.545812	1.390713	0.187233	1.390713	1.501320
EscCo.4_00699_1-395_NEs	1.455397	1.474001	1.488973	1.497116	0.027321	1.526060	1.464129	0.000000	1.483482	1.484864	1.477447	1.488862	0.442693	1.469716	0.286671	1.469716	0.019526	1.501967	0.282744	0.287127	0.261523	1.465874	1.471311	0.286140	0.300069	0.300113	0.286671	1.469716	0.286671	0.020383
EscCo.1_04399_1-386_NEs	0.186554	1.089622	1.105954	0.019252	1.504912	0.186225	0.184304	1.483482	0.000000	0.017445	0.134195	0.018325	1.564365	0.130191	1.567207	0.130191	1.517491	0.022795	1.552270	1.562284	1.435409	0.129203	0.141892	1.531192	1.659236	1.650284	1.567207	0.130191	1.567207	1.512695
EscCo.53939_1-386	0.192949	1.109217	1.125948	0.015709	1.501658	0.182821	0.190684	1.484864	0.017445	0.000000	0.130889	0.000863	1.572535	0.124877	1.591342	0.124877	1.514307	0.019236	1.564306	1.586241	1.448752	0.123895	0.140733	1.554569	1.678165	1.669109	1.591342	0.124877	1.591342	1.509468
SalEn.53518_1-386_NEs	0.189143	1.024217	1.036344	0.133404	1.515740	0.205635	0.189313	1.477447	0.134195	0.130889	0.000000	0.131900	1.615525	0.014847	1.543125	0.014847	1.507092	0.136466	1.532205	1.547128	1.528243	0.013970	0.148521	1.507180	1.637257	1.647389	1.543125	0.014847	1.543125	1.502260
EscCo.3_4208_1-386_NEs	0.194035	1.105724	1.122412	0.016589	1.505627	0.183894	0.191767	1.488862	0.018325	0.000863	0.131900	0.000000	1.576914	0.125883	1.586528	0.125883	1.518334	0.020119	1.559379	1.581452	1.444223	0.124900	0.139692	1.549836	1.672915	1.663857	1.586528	0.125883	1.586528	1.513493
CitRo.1_48281_1-396_NEs	1.547734	1.533876	1.532637	1.581432	0.449703	1.640032	1.558388	0.442693	1.564365	1.572535	1.615525	1.576914	0.000000	1.591285	0.435893	1.591285	0.457078	1.565668	0.388329	0.438663	0.401954	1.577812	1.487262	0.430426	0.376689	0.373948	0.435893	1.591285	0.435893	0.455494
SalEn.2_MW40651_1-386_NEs	0.187065	1.019386	1.031489	0.129396	1.516684	0.194412	0.187233	1.469716	0.130191	0.124877	0.014847	0.125883	1.591285	0.000000	1.566689	0.000000	1.503142	0.129367	1.546553	1.570637	1.528374	0.002602	0.144440	1.529804	1.654121	1.664427	1.566689	0.000000	1.566689	1.498291
SalEn.2_MW31211_1-395_NEs	1.382544	1.733928	1.728902	1.589161	0.283218	1.492775	1.390713	0.286671	1.567207	1.591342	1.543125	1.586528	0.435893	1.566689	0.000000	1.566689	0.286374	1.559295	0.298906	0.012706	0.255192	1.557885	1.528620	0.007599	0.295868	0.297139	0.000000	1.566689	0.000000	0.287540
SalEn.4_40651_1-386_NEs	0.187065	1.019386	1.031489	0.129396	1.516684	0.194412	0.187233	1.469716	0.130191	0.124877	0.014847	0.125883	1.591285	0.000000	1.566689	0.000000	1.503142	0.129367	1.546553	1.570637	1.528374	0.002602	0.144440	1.529804	1.654121	1.664427	1.566689	0.000000	1.566689	1.498291
EscCo.53008_1-395	1.497057	1.470135	1.485143	1.523115	0.016951	1.551916	1.506059	0.019526	1.517491	1.514307	1.507092	1.518334	0.457078	1.503142	0.286374	1.503142	0.000000	1.519873	0.282840	0.286830	0.260045	1.495465	1.513487	0.285844	0.300552	0.300596	0.286374	1.503142	0.286374	0.000837
EscCo.4_04561_1-386_NEs	0.192290	1.108395	1.125105	0.016570	1.511035	0.177590	0.190022	1.501967	0.022795	0.019236	0.136466	0.020119	1.565668	0.129367	1.559295	0.129367	1.519873	0.000000	1.580200	1.554367	1.423389	0.128378	0.139834	1.523079	1.636649	1.627788	1.559295	0.129367	1.559295	1.514986
EntCo.1_32460_1-395_NEs	1.433607	1.376667	1.383086	1.567025	0.282978	1.547250	1.442469	0.282744	1.552270	1.564306	1.532205	1.559379	0.388329	1.546553	0.298906	1.546553	0.282840	1.580200	0.000000	0.298540	0.252196	1.552480	1.472755	0.297066	0.250713	0.250748	0.298906	1.546553	0.298906	0.284022
SalEn.53081_1-395_NEs	1.386772	1.720213	1.715143	1.584076	0.286082	1.491515	1.395000	0.287127	1.562284	1.586241	1.547128	1.581452	0.438663	1.570637	0.012706	1.570637	0.286830	1.554367	0.298540	0.000000	0.252539	1.561839	1.534524	0.011847	0.295488	0.296756	0.012706	1.570637	0.012706	0.287994
CitRo.1_35561_1-395_NEs	1.436600	1.502946	1.496086	1.435613	0.259339	1.542576	1.445329	0.261523	1.435409	1.448752	1.528243	1.444223	0.401954	1.528374	0.255192	1.528374	0.260045	1.423389	0.252196	0.252539	0.000000	1.529447	1.521656	0.253531	0.258638	0.258638	0.255192	1.528374	0.255192	0.261189
SalEn.13890_1-386_NEs	0.187101	1.023207	1.035354	0.128407	1.509033	0.192238	0.187270	1.465874	0.129203	0.123895	0.013970	0.124900	1.577812	0.002602	1.557885	0.002602	1.495465	0.128378	1.552480	1.561839	1.529447	0.000000	0.144467	1.521492	1.630343	1.640539	1.557885	0.002602	1.557885	1.490618
CitRo.1_38041_1-386_NEs	0.154984	1.012684	1.022728	0.143137	1.523257	0.190386	0.153849	1.471311	0.141892	0.140733	0.148521	0.139692	1.487262	0.144440	1.528620	0.144440	1.513487	0.139834	1.472755	1.534524	1.521656	0.144467	0.000000	1.501960	1.500214	1.491795	1.528620	0.144440	1.528620	1.508619
SalEn.13004_1-395_NEs	1.386354	1.701089	1.695824	1.552461	0.285094	1.471095	1.394512	0.286140	1.531192	1.554569	1.507180	1.549836	0.430426	1.529804	0.007599	1.529804	0.285844	1.523079	0.297066	0.011847	0.253531	1.521492	1.501960	0.000000	0.289135	0.290395	0.007599	1.529804	0.007599	0.287007
KlePn.2_40801_1-395_NEs	1.539242	1.292837	1.293967	1.671167	0.303622	1.586170	1.545165	0.300069	1.659236	1.678165	1.637257	1.672915	0.376689	1.654121	0.295868	1.654121	0.300552	1.636649	0.250713	0.295488	0.258638	1.630343	1.500214	0.289135	0.000000	0.001699	0.295868	1.654121	0.295868	0.301755
KlePn.1_01180_1-395_NEs	1.539884	1.289027	1.290137	1.662117	0.303668	1.586868	1.545812	0.300113	1.650284	1.669109	1.647389	1.663857	0.373948	1.664427	0.297139	1.664427	0.300596	1.627788	0.250748	0.296756	0.258638	1.640539	1.491795	0.290395	0.001699	0.000000	0.297139	1.664427	0.297139	0.301799
SalEn.4_31211_1-395_NEs	1.382544	1.733928	1.728902	1.589161	0.283218	1.492775	1.390713	0.286671	1.567207	1.591342	1.543125	1.586528	0.435893	1.566689	0.000000	1.566689	0.286374	1.559295	0.298906	0.012706	0.255192	1.557885	1.528620	0.007599	0.295868	0.297139	0.000000	1.566689	0.000000	0.287540
SalEn.3_4049_1-386_NEs	0.187065	1.019386	1.031489	0.129396	1.516684	0.194412	0.187233	1.469716	0.130191	0.124877	0.014847	0.125883	1.591285	0.000000	1.566689	0.000000	1.503142	0.129367	1.546553	1.570637	1.528374	0.002602	0.144440	1.529804	1.654121	1.664427	1.566689	0.000000	1.566689	1.498291
SalEn.3_3135_1-395_NEs	1.382544	1.733928	1.728902	1.589161	0.283218	1.492775	1.390713	0.286671	1.567207	1.591342	1.543125	1.586528	0.435893	1.566689	0.000000	1.566689	0.286374	1.559295	0.298906	0.012706	0.255192	1.557885	1.528620	0.007599	0.295868	0.297139	0.000000	1.566689	0.000000	0.287540
EscCo.3_3280_1-395_NEs	1.492346	1.465231	1.480193	1.518227	0.017805	1.546894	1.501320	0.020383	1.512695	1.509468	1.502260	1.513493	0.455494	1.498291	0.287540	1.498291	0.000837	1.514986	0.284022	0.287994	0.261189	1.490618	1.508619	0.287007	0.301755	0.301799	0.287540	1.498291	0.287540	0.000000