EscCo.3_3563_1-84_Ess	0.000000	0.020208	0.020208	0.020208	0.000000	0.016131	0.028274	0.040969	0.045064	0.040969	0.000000	0.020208	0.000000
SalEn.54074_1-84_Ess	0.020208	0.000000	0.000000	0.000000	0.020208	0.003977	0.036795	0.049523	0.058209	0.049523	0.020208	0.000000	0.020208
SalEn.3_3398_1-84_Ess	0.020208	0.000000	0.000000	0.000000	0.020208	0.003977	0.036795	0.049523	0.058209	0.049523	0.020208	0.000000	0.020208
SalEn.2_MW34241_1-84_Ess	0.020208	0.000000	0.000000	0.000000	0.020208	0.003977	0.036795	0.049523	0.058209	0.049523	0.020208	0.000000	0.020208
EscCo.1_03746_1-84_Ess	0.000000	0.020208	0.020208	0.020208	0.000000	0.016131	0.028274	0.040969	0.045064	0.040969	0.000000	0.020208	0.000000
SalEn.13259_1-84_Ess	0.016131	0.003977	0.003977	0.003977	0.016131	0.000000	0.032635	0.045295	0.053930	0.045295	0.016131	0.003977	0.016131
CitRo.1_45111_1-84_Ess	0.028274	0.036795	0.036795	0.036795	0.028274	0.032635	0.000000	0.036712	0.032486	0.036712	0.028274	0.036795	0.028274
KlePn.2_43471_1-84_Ess	0.040969	0.049523	0.049523	0.049523	0.040969	0.045295	0.036712	0.000000	0.053794	0.000000	0.040969	0.049523	0.040969
EntCo.1_25250_1-84_Ess	0.045064	0.058209	0.058209	0.058209	0.045064	0.053930	0.032486	0.053794	0.000000	0.053794	0.045064	0.058209	0.045064
KlePn.1_00876_1-84_Ess	0.040969	0.049523	0.049523	0.049523	0.040969	0.045295	0.036712	0.000000	0.053794	0.000000	0.040969	0.049523	0.040969
EscCo.4_00384_1-84_Ess	0.000000	0.020208	0.020208	0.020208	0.000000	0.016131	0.028274	0.040969	0.045064	0.040969	0.000000	0.020208	0.000000
SalEn.4_34241_1-84_Ess	0.020208	0.000000	0.000000	0.000000	0.020208	0.003977	0.036795	0.049523	0.058209	0.049523	0.020208	0.000000	0.020208
EscCo.53311_1-84	0.000000	0.020208	0.020208	0.020208	0.000000	0.016131	0.028274	0.040969	0.045064	0.040969	0.000000	0.020208	0.000000