EscCo.1_00195_1-319_Ess	0.000000	0.019007	0.124146	0.124150	0.124146	0.129763	0.007330	0.009425	0.149136	0.125268	0.124146	0.152943	0.134760	0.024324
EscCo.4_03791_1-319_Ess	0.019007	0.000000	0.131682	0.131906	0.131682	0.134553	0.011562	0.017934	0.154031	0.133031	0.131682	0.155311	0.131071	0.028702
SalEn.3_0233_1-319_Ess	0.124146	0.131682	0.000000	0.006301	0.000000	0.115703	0.125468	0.130202	0.149593	0.006296	0.000000	0.153413	0.143291	0.131118
SalEn.10239_1-319_Ess	0.124150	0.131906	0.006301	0.000000	0.006301	0.113142	0.125472	0.130206	0.148363	0.002094	0.006301	0.149641	0.143292	0.131122
SalEn.4_02381_1-319_Ess	0.124146	0.131682	0.000000	0.006301	0.000000	0.115703	0.125468	0.130202	0.149593	0.006296	0.000000	0.153413	0.143291	0.131118
CitRo.1_01881_1-319_Ess	0.129763	0.134553	0.115703	0.113142	0.115703	0.000000	0.129689	0.137136	0.118282	0.115622	0.115703	0.119536	0.135852	0.130640
EscCo.2_42390_1-319_Ess	0.007330	0.011562	0.125468	0.125472	0.125468	0.129689	0.000000	0.008379	0.152833	0.126592	0.125468	0.156652	0.127266	0.021130
EscCo.50185_1-319	0.009425	0.017934	0.130202	0.130206	0.130202	0.137136	0.008379	0.000000	0.160503	0.131326	0.130202	0.164354	0.134695	0.018974
KlePn.2_06901_1-319_Ess	0.149136	0.154031	0.149593	0.148363	0.149593	0.118282	0.152833	0.160503	0.000000	0.149506	0.149593	0.005269	0.150083	0.151234
SalEn.50233_1-319_Ess	0.125268	0.133031	0.006296	0.002094	0.006296	0.115622	0.126592	0.131326	0.149506	0.000000	0.006296	0.150785	0.144423	0.132240
SalEn.2_MW02381_1-319_Ess	0.124146	0.131682	0.000000	0.006301	0.000000	0.115703	0.125468	0.130202	0.149593	0.006296	0.000000	0.153413	0.143291	0.131118
KlePn.1_02540_1-319_Ess	0.152943	0.155311	0.153413	0.149641	0.153413	0.119536	0.156652	0.164354	0.005269	0.150785	0.153413	0.000000	0.151367	0.157577
EntCo.1_47080_1-319_Ess	0.134760	0.131071	0.143291	0.143292	0.143291	0.135852	0.127266	0.134695	0.150083	0.144423	0.143291	0.151367	0.000000	0.137063
EscCo.3_0180_1-319_Ess	0.024324	0.028702	0.131118	0.131122	0.131118	0.130640	0.021130	0.018974	0.151234	0.132240	0.131118	0.157577	0.137063	0.000000