EscCo.2_50040_1-96_NEs	0.000000	0.461611	0.014119	0.010451	0.013970	0.461611	0.461611	0.014119	0.710510	0.469725	0.737353	0.454523
SalEn.3_0849_1-96_NEs	0.461611	0.000000	0.481022	0.474019	0.481022	0.003484	0.000000	0.481022	0.615449	0.014045	0.605139	0.000000
EscCo.50850_1-95	0.014119	0.481022	0.000000	0.017667	0.000000	0.481022	0.481022	0.000000	0.733891	0.489350	0.746745	0.481022
EscCo.4_03144_1-96_NEs	0.010451	0.474019	0.017667	0.000000	0.017480	0.474019	0.474019	0.017667	0.718845	0.482261	0.746033	0.466701
EscCo.1_00911_1-96_NEs	0.013970	0.481022	0.000000	0.017480	0.000000	0.481022	0.481022	0.000000	0.719501	0.489350	0.746745	0.473563
SalEn.10819_1-96_NEs	0.461611	0.003484	0.481022	0.474019	0.481022	0.000000	0.003484	0.481022	0.615449	0.010517	0.605139	0.003484
SalEn.4_09241_1-96_NEs	0.461611	0.000000	0.481022	0.474019	0.481022	0.003484	0.000000	0.481022	0.615449	0.014045	0.605139	0.000000
EscCo.3_0917_1-95_NEs	0.014119	0.481022	0.000000	0.017667	0.000000	0.481022	0.481022	0.000000	0.733891	0.489350	0.746745	0.481022
KlePn.1_03366_1-96_NEs	0.710510	0.615449	0.733891	0.718845	0.719501	0.615449	0.615449	0.733891	0.000000	0.642197	0.003531	0.604473
SalEn.52023_1-96_NEs	0.469725	0.014045	0.489350	0.482261	0.489350	0.010517	0.014045	0.489350	0.642197	0.000000	0.631493	0.014045
KlePn.2_14961_1-95_NEs	0.737353	0.605139	0.746745	0.746033	0.746745	0.605139	0.605139	0.746745	0.003531	0.631493	0.000000	0.605139
SalEn.2_MW09241_1-97_NEs	0.454523	0.000000	0.481022	0.466701	0.473563	0.003484	0.000000	0.481022	0.604473	0.014045	0.605139	0.000000