EscCo.4_00286_1-227_NEs	0.000000	0.282863	0.274841	0.048081	0.536796	0.285039	0.045008	0.483668	0.282863	0.283547	0.282863	0.048081	0.477583
SalEn.4_35001_1-227_BeL	0.282863	0.000000	0.025390	0.296644	0.504683	0.268440	0.286241	0.465077	0.000000	0.014860	0.000000	0.296644	0.471153
SalEn.13336_1-227_NEs	0.274841	0.025390	0.000000	0.288508	0.509832	0.267115	0.288550	0.473779	0.025390	0.022364	0.025390	0.288508	0.479917
EscCo.3_3663_1-227_NEs	0.048081	0.296644	0.288508	0.000000	0.533890	0.289964	0.013198	0.488421	0.296644	0.297372	0.296644	0.000000	0.482282
EntCo.1_26120_1-210_NEs	0.536796	0.504683	0.509832	0.533890	0.000000	0.470853	0.529086	0.516587	0.504683	0.495981	0.504683	0.533890	0.515552
CitRo.1_44101_1-227_NEs	0.285039	0.268440	0.267115	0.289964	0.470853	0.000000	0.287905	0.405739	0.268440	0.262668	0.268440	0.289964	0.398930
EscCo.1_03834_1-227_NEs	0.045008	0.286241	0.288550	0.013198	0.529086	0.287905	0.000000	0.499592	0.286241	0.293177	0.286241	0.013198	0.493384
KlePn.1_00803_1-224_NEs	0.483668	0.465077	0.473779	0.488421	0.516587	0.405739	0.499592	0.000000	0.465077	0.453716	0.465077	0.488421	0.006085
SalEn.3_3477_1-227_BeL	0.282863	0.000000	0.025390	0.296644	0.504683	0.268440	0.286241	0.465077	0.000000	0.014860	0.000000	0.296644	0.471153
SalEn.53996_1-227_NEs	0.283547	0.014860	0.022364	0.297372	0.495981	0.262668	0.293177	0.453716	0.014860	0.000000	0.014860	0.297372	0.459714
SalEn.2_MW35001_1-227_BeL	0.282863	0.000000	0.025390	0.296644	0.504683	0.268440	0.286241	0.465077	0.000000	0.014860	0.000000	0.296644	0.471153
EscCo.53413_1-227	0.048081	0.296644	0.288508	0.000000	0.533890	0.289964	0.013198	0.488421	0.296644	0.297372	0.296644	0.000000	0.482282
KlePn.2_44221_1-224_BeL	0.477583	0.471153	0.479917	0.482282	0.515552	0.398930	0.493384	0.006085	0.471153	0.459714	0.471153	0.482282	0.000000