KlePn.1_00730_1-133_NEs	0.000000	0.370887	0.370887	0.007632	0.370887	0.320411	0.374914	0.370887	0.343485	0.358884	0.342467	0.343485
SalEn.2_MW35731_1-133_NEs	0.370887	0.000000	0.000000	0.364046	0.000000	0.134814	0.007531	0.000000	0.149615	0.164510	0.154625	0.149615
SalEn.4_35731_1-133_NEs	0.370887	0.000000	0.000000	0.364046	0.000000	0.134814	0.007531	0.000000	0.149615	0.164510	0.154625	0.149615
KlePn.2_44901_1-133_BeL	0.007632	0.364046	0.364046	0.000000	0.364046	0.310303	0.368020	0.364046	0.332991	0.348137	0.337591	0.332991
SalEn.3_3549_1-133_NEs	0.370887	0.000000	0.000000	0.364046	0.000000	0.134814	0.007531	0.000000	0.149615	0.164510	0.154625	0.149615
EscCo.1_03901_1-133_NEs	0.320411	0.134814	0.134814	0.310303	0.134814	0.000000	0.143708	0.134814	0.033352	0.070816	0.170846	0.033352
SalEn.53938_1-133_NEs	0.374914	0.007531	0.007531	0.368020	0.007531	0.143708	0.000000	0.007531	0.152595	0.173657	0.157657	0.152595
SalEn.13407_1-133_NEs	0.370887	0.000000	0.000000	0.364046	0.000000	0.134814	0.007531	0.000000	0.149615	0.164510	0.154625	0.149615
EscCo.53481_1-133	0.343485	0.149615	0.149615	0.332991	0.149615	0.033352	0.152595	0.149615	0.000000	0.062438	0.173839	0.000000
EscCo.4_00219_1-133_NEs	0.358884	0.164510	0.164510	0.348137	0.164510	0.070816	0.173657	0.164510	0.062438	0.000000	0.195028	0.062438
CitRo.1_43161_1-134_NEs	0.342467	0.154625	0.154625	0.337591	0.154625	0.170846	0.157657	0.154625	0.173839	0.195028	0.000000	0.173839
EscCo.3_3727_1-133_NEs	0.343485	0.149615	0.149615	0.332991	0.149615	0.033352	0.152595	0.149615	0.000000	0.062438	0.173839	0.000000