EscCo.50054_1-784	0.000000	0.000000	0.283133	0.188671	0.188131	0.002552	0.186230	0.283224	0.020677	0.001275	0.186240	0.188131	0.188340
EscCo.3_0054_1-784_Ess	0.000000	0.000000	0.283133	0.188671	0.188131	0.002552	0.186230	0.283224	0.020677	0.001275	0.186240	0.188131	0.188340
KlePn.2_05381_1-782_Ess	0.283133	0.283133	0.000000	0.281250	0.280636	0.283734	0.281579	0.002141	0.284628	0.284448	0.278388	0.280636	0.287024
SalEn.2_MW00981_1-786_Ess	0.188671	0.188671	0.281250	0.000000	0.000424	0.188011	0.006389	0.281943	0.191528	0.189142	0.016784	0.000424	0.199944
SalEn.4_00981_1-786_Ess	0.188131	0.188131	0.280636	0.000424	0.000000	0.187472	0.005962	0.281327	0.190986	0.188602	0.016350	0.000000	0.199391
EscCo.1_00055_1-784_Ess	0.002552	0.002552	0.283734	0.188011	0.187472	0.000000	0.185575	0.283824	0.021112	0.002977	0.185584	0.187472	0.188736
SalEn.10095_1-786_Ess	0.186230	0.186230	0.281579	0.006389	0.005962	0.185575	0.000000	0.282271	0.189074	0.186700	0.013732	0.005962	0.198122
KlePn.1_02387_1-782_Ess	0.283224	0.283224	0.002141	0.281943	0.281327	0.283824	0.282271	0.000000	0.284720	0.284539	0.277855	0.281327	0.286481
EscCo.4_03934_1-784_Ess	0.020677	0.020677	0.284628	0.191528	0.190986	0.021112	0.189074	0.284720	0.000000	0.021106	0.188006	0.190986	0.189049
EscCo.2_41080_1-784_Ess	0.001275	0.001275	0.284448	0.189142	0.188602	0.002977	0.186700	0.284539	0.021106	0.000000	0.186710	0.188602	0.188812
SalEn.50096_1-784_Ess	0.186240	0.186240	0.278388	0.016784	0.016350	0.185584	0.013732	0.277855	0.188006	0.186710	0.000000	0.016350	0.198031
SalEn.3_0094_1-786_Ess	0.188131	0.188131	0.280636	0.000424	0.000000	0.187472	0.005962	0.281327	0.190986	0.188602	0.016350	0.000000	0.199391
CitRo.1_00611_1-785_Ess	0.188340	0.188340	0.287024	0.199944	0.199391	0.188736	0.198122	0.286481	0.189049	0.188812	0.198031	0.199391	0.000000