SalEn.3_1618_1-119_NEs	0.000000	0.000000	0.259855	0.270998	0.259855	0.000000	0.002806	0.263272	0.345497	0.440867	0.259855	0.008444	0.444486	0.252099
SalEn.4_16831_1-119_NEs	0.000000	0.000000	0.259855	0.270998	0.259855	0.000000	0.002806	0.263272	0.345497	0.440867	0.259855	0.008444	0.444486	0.252099
EscCo.3_1410_1-119_NEs	0.259855	0.259855	0.000000	0.328672	0.000000	0.259855	0.264307	0.011283	0.366278	0.435244	0.000000	0.268226	0.438857	0.016947
CitRo.1_17021_1-119_NEs	0.270998	0.270998	0.328672	0.000000	0.328672	0.270998	0.275573	0.338146	0.339093	0.420025	0.328672	0.283685	0.425969	0.341561
EscCo.1_01492_1-119_NEs	0.259855	0.259855	0.000000	0.328672	0.000000	0.259855	0.264307	0.011283	0.366278	0.435244	0.000000	0.268226	0.438857	0.016947
SalEn.2_MW16831_1-119_Ess	0.000000	0.000000	0.259855	0.270998	0.259855	0.000000	0.002806	0.263272	0.345497	0.440867	0.259855	0.008444	0.444486	0.252099
SalEn.11345_1-119_NEs	0.002806	0.002806	0.264307	0.275573	0.264307	0.002806	0.000000	0.267738	0.346413	0.446924	0.264307	0.011293	0.450553	0.256504
EscCo.2_3400_1-119_NEs	0.263272	0.263272	0.011283	0.338146	0.011283	0.263272	0.267738	0.000000	0.367362	0.446582	0.011283	0.271662	0.450210	0.022711
EntCo.1_08670_1-119_NEs	0.345497	0.345497	0.366278	0.339093	0.366278	0.345497	0.346413	0.367362	0.000000	0.357235	0.366278	0.340090	0.367037	0.370909
KlePn.2_19261_1-119_NEs	0.440867	0.440867	0.435244	0.420025	0.435244	0.440867	0.446924	0.446582	0.357235	0.000000	0.435244	0.451847	0.005656	0.420622
EscCo.51306_1-119	0.259855	0.259855	0.000000	0.328672	0.000000	0.259855	0.264307	0.011283	0.366278	0.435244	0.000000	0.268226	0.438857	0.016947
SalEn.51593_1-119_NEs	0.008444	0.008444	0.268226	0.283685	0.268226	0.008444	0.011293	0.271662	0.340090	0.451847	0.268226	0.000000	0.455477	0.260394
KlePn.1_05360_1-119_Ess	0.444486	0.444486	0.438857	0.425969	0.438857	0.444486	0.450553	0.450210	0.367037	0.005656	0.438857	0.455477	0.000000	0.424228
EscCo.4_02459_1-119_NEs	0.252099	0.252099	0.016947	0.341561	0.016947	0.252099	0.256504	0.022711	0.370909	0.420622	0.016947	0.260394	0.424228	0.000000