SalEn.4_28891_1-208_NEs	0.000000	0.180189	0.171794	0.012927	0.169778	0.159799	0.233085	0.237498	0.233389	0.014573	0.000000	0.000000	0.175878
EscCo.4_01030_1-208_NEs	0.180189	0.000000	0.011251	0.180172	0.012869	0.185827	0.262212	0.232803	0.261683	0.182454	0.180189	0.180189	0.008026
EscCo.3_2934_1-208_NEs	0.171794	0.011251	0.000000	0.171777	0.001596	0.183464	0.257131	0.240038	0.252162	0.174025	0.171794	0.171794	0.009622
SalEn.12765_1-208_NEs	0.012927	0.180172	0.171777	0.000000	0.169762	0.155828	0.239625	0.228802	0.239939	0.008066	0.012927	0.012927	0.175861
EscCo.52743_1-208	0.169778	0.012869	0.001596	0.169762	0.000000	0.183464	0.257131	0.240038	0.252162	0.172002	0.169778	0.169778	0.011235
CitRo.1_30661_1-208_NEs	0.159799	0.185827	0.183464	0.155828	0.183464	0.000000	0.220717	0.230543	0.223082	0.161987	0.159799	0.159799	0.177454
KlePn.1_01555_1-208_NEs	0.233085	0.262212	0.257131	0.239625	0.257131	0.220717	0.000000	0.271839	0.004840	0.237720	0.233085	0.233085	0.252791
EntCo.1_29970_1-208_NEs	0.237498	0.232803	0.240038	0.228802	0.240038	0.230543	0.271839	0.000000	0.272030	0.240004	0.237498	0.237498	0.240097
KlePn.2_37491_1-208_NEs	0.233389	0.261683	0.252162	0.239939	0.252162	0.223082	0.004840	0.272030	0.000000	0.238032	0.233389	0.233389	0.252287
SalEn.52827_1-208_NEs	0.014573	0.182454	0.174025	0.008066	0.172002	0.161987	0.237720	0.240004	0.238032	0.000000	0.014573	0.014573	0.178125
SalEn.2_MW28891_1-208_NEs	0.000000	0.180189	0.171794	0.012927	0.169778	0.159799	0.233085	0.237498	0.233389	0.014573	0.000000	0.000000	0.175878
SalEn.3_2905_1-208_NEs	0.000000	0.180189	0.171794	0.012927	0.169778	0.159799	0.233085	0.237498	0.233389	0.014573	0.000000	0.000000	0.175878
EscCo.1_03068_1-208_NEs	0.175878	0.008026	0.009622	0.175861	0.011235	0.177454	0.252791	0.240097	0.252287	0.178125	0.175878	0.175878	0.000000