CitRo.1_32231_1-350_Ess	0.000000	0.186254	0.162051	0.212012	0.186254	0.187452	0.185030	0.210734	0.185058	0.150788	0.151910	0.152034
SalEn.2_MW42971_9-358_Ess	0.186254	0.000000	0.171129	0.225502	0.000000	0.000952	0.006682	0.222927	0.004769	0.166493	0.171399	0.166610
EscCo.3_04292_1-350_Ess	0.162051	0.171129	0.000000	0.223346	0.171129	0.172297	0.169937	0.218213	0.172321	0.017339	0.021232	0.016376
KlePn.1_02036_1-353_NEs	0.212012	0.225502	0.223346	0.000000	0.225502	0.226758	0.228049	0.003797	0.229342	0.218712	0.222156	0.220138
SalEn.4_42971_9-358_Ess	0.186254	0.000000	0.171129	0.225502	0.000000	0.000952	0.006682	0.222927	0.004769	0.166493	0.171399	0.166610
SalEn.3_4286_9-358_Ess	0.187452	0.000952	0.172297	0.226758	0.000952	0.000000	0.007641	0.224180	0.005725	0.167656	0.172569	0.167775
SalEn.54401_9-358_Ess	0.185030	0.006682	0.169937	0.228049	0.006682	0.007641	0.000000	0.225468	0.003813	0.165307	0.170205	0.165423
KlePn.2_01711_1-353_NEs	0.210734	0.222927	0.218213	0.003797	0.222927	0.224180	0.225468	0.000000	0.226758	0.213593	0.217027	0.215008
SalEn.14119_1-350_Ess	0.185058	0.004769	0.172321	0.229342	0.004769	0.005725	0.003813	0.226758	0.000000	0.167680	0.172593	0.167798
EscCo.1_04640_1-350_NEs	0.150788	0.166493	0.017339	0.218712	0.166493	0.167656	0.165307	0.213593	0.167680	0.000000	0.009584	0.006695
EscCo.44161_1-350_BeL	0.151910	0.171399	0.021232	0.222156	0.171399	0.172569	0.170205	0.217027	0.172593	0.009584	0.000000	0.010554
EscCo.2_4510_1-350_Ess	0.152034	0.166610	0.016376	0.220138	0.166610	0.167775	0.165423	0.215008	0.167798	0.006695	0.010554	0.000000