SalEn.2_MW16791_1-354_NEs	0.000000	0.278268	0.333879	0.261736	0.344194	0.261736	0.268769	0.014235	0.019044	0.000000	0.330540	0.263642	0.272183	0.000000
EscCo.4_02443_1-354_NEs	0.278268	0.000000	0.296581	0.044601	0.298211	0.044601	0.039481	0.279301	0.287690	0.278002	0.295315	0.043437	0.211577	0.278002
KlePn.2_19291_1-353_NEs	0.333879	0.296581	0.000000	0.304785	0.323513	0.304785	0.310161	0.338225	0.338640	0.333879	0.007720	0.303113	0.283663	0.333879
EscCo.3_1426_1-353_NEs	0.261736	0.044601	0.304785	0.000000	0.313029	0.000000	0.029756	0.261710	0.265942	0.261736	0.301916	0.000940	0.218396	0.261736
EntCo.1_08830_1-350_NEs	0.344194	0.298211	0.323513	0.313029	0.000000	0.313029	0.303255	0.344082	0.344513	0.344194	0.323947	0.311334	0.286675	0.344194
EscCo.51322_1-353	0.261736	0.044601	0.304785	0.000000	0.313029	0.000000	0.029756	0.261710	0.265942	0.261736	0.301916	0.000940	0.218396	0.261736
EscCo.2_3590_1-354_NEs	0.268769	0.039481	0.310161	0.029756	0.303255	0.029756	0.000000	0.265772	0.272715	0.268473	0.307460	0.028670	0.213395	0.268473
SalEn.11349_1-353_NEs	0.014235	0.279301	0.338225	0.261710	0.344082	0.261710	0.265772	0.000000	0.014242	0.014235	0.334767	0.263304	0.272700	0.014235
SalEn.51589_1-353_NEs	0.019044	0.287690	0.338640	0.265942	0.344513	0.265942	0.272715	0.014242	0.000000	0.019044	0.335175	0.267548	0.277065	0.019044
SalEn.4_16791_1-353_NEs	0.000000	0.278002	0.333879	0.261736	0.344194	0.261736	0.268473	0.014235	0.019044	0.000000	0.330441	0.263330	0.270043	0.000000
KlePn.1_05357_1-354_NEs	0.330540	0.295315	0.007720	0.301916	0.323947	0.301916	0.307460	0.334767	0.335175	0.330441	0.000000	0.298962	0.287315	0.330441
EscCo.1_01508_1-354_NEs	0.263642	0.043437	0.303113	0.000940	0.311334	0.000940	0.028670	0.263304	0.267548	0.263330	0.298962	0.000000	0.219065	0.263330
CitRo.1_16801_1-353_NEs	0.272183	0.211577	0.283663	0.218396	0.286675	0.218396	0.213395	0.272700	0.277065	0.270043	0.287315	0.219065	0.000000	0.270043
SalEn.3_1614_1-353_NEs	0.000000	0.278002	0.333879	0.261736	0.344194	0.261736	0.268473	0.014235	0.019044	0.000000	0.330441	0.263330	0.270043	0.000000