EntCo.1_03650_1-148_NEs	0.000000	2.582976	4.997492	3.436931	4.183859	3.330432	2.061895	2.712398	1.792388	3.518917	2.528862	3.027447	3.219881	1.886480	2.794739	2.044994	0.437360	2.656348	1.886480	1.499296	2.329219	1.910891	2.656348	1.673105	2.499861	1.663216	2.678326	2.044994	1.736314	1.401068	2.044994	2.680273	2.756827	1.934956	5.943212	2.656348	3.825082	2.638247	5.943212	2.723854	4.222426	2.629461	2.656348	1.401068	3.472349	2.638247	2.867112	3.327725	3.072144	2.044994	2.696997	2.617020	2.056265	3.505088	2.561626	2.753720	2.243964	1.539332	1.624954	2.619446	0.437360	2.638247	3.900891	2.638247
EscCo.4_00242_1-176_NEs	2.582976	0.000000	3.288154	4.008415	2.552105	4.458621	1.514649	1.560427	5.943212	0.570420	5.943212	2.086922	3.915136	2.606155	3.325773	1.535485	2.795941	1.538826	2.630507	3.112708	1.778062	2.847213	1.560770	1.692204	4.373745	3.351737	3.299951	1.524768	1.749126	2.415648	1.535485	2.282578	5.523472	2.796581	3.999320	1.549314	4.183275	1.477809	3.999320	2.800470	2.376154	0.621583	1.549314	2.500766	2.503809	1.477809	2.115792	1.854430	1.676988	1.535485	3.457737	1.964682	1.497753	0.570718	4.288908	0.040366	1.510190	3.090786	3.433237	1.498560	2.841388	1.477809	4.119262	1.477809
EntCo.1_44760_1-169_NEs	4.997492	3.288154	0.000000	2.043922	2.033507	2.050334	2.957294	2.841050	1.122110	3.035619	1.945775	4.069221	4.934861	1.498475	1.043092	2.931274	2.947729	2.906592	1.556669	2.798358	1.730279	4.937480	2.884338	1.909321	1.999101	2.264660	1.059276	2.943836	1.966924	2.214863	2.931274	2.836994	2.510101	4.920968	0.714892	2.906592	2.726737	2.551770	0.714892	2.121823	1.381513	3.017979	2.906592	2.227831	2.817731	2.551770	4.184992	2.837764	2.486637	2.988610	4.784875	1.715656	2.889587	3.055616	1.950124	3.432088	2.899535	2.815350	2.284681	2.548876	2.939722	2.564563	2.820947	2.598153
KlePn.1_04778_1-170_NEs	3.436931	4.008415	2.043922	0.000000	1.953848	0.005998	2.915631	3.408505	2.942990	3.065454	0.307867	3.434125	3.945577	3.144628	2.590724	2.915631	2.914544	3.203027	3.130189	2.168896	1.978272	2.553729	3.168212	2.182986	1.983213	3.052924	2.513330	2.915631	2.222025	3.006065	2.915631	2.255675	2.694549	2.617448	2.345758	3.203027	1.762623	4.503789	2.345758	1.962136	2.116334	2.600106	3.203027	3.126068	2.776890	4.503789	3.510529	2.812776	2.883945	2.915631	5.202167	1.915532	2.599985	3.052485	1.997392	4.131676	3.057638	2.226034	2.993333	4.503789	2.862595	4.514416	1.823939	4.503789
KlePn.1_04605_1-159_BeL	4.183859	2.552105	2.033507	1.953848	0.000000	1.953848	3.185536	2.390804	2.960220	3.208422	3.613327	2.123664	3.276190	2.338951	2.172323	3.185536	2.056686	2.251981	2.338951	4.051949	2.293115	2.306236	2.251981	1.487376	3.843380	5.293173	2.159649	3.185536	1.468030	2.969066	3.185536	2.611167	4.305998	2.251360	2.923196	2.251981	3.417605	3.024221	2.923196	3.576183	1.403031	2.210357	2.251981	2.965610	2.891672	3.024221	2.199073	3.026759	2.981214	3.185536	4.139987	2.379444	2.786583	3.208422	4.032704	2.584064	3.049221	3.622089	4.857473	3.024221	2.056686	3.024221	3.244953	3.024221
KlePn.2_24751_1-169_NEs	3.330432	4.458621	2.050334	0.005998	1.953848	0.000000	2.876524	3.408505	2.959565	3.183550	0.304195	3.434125	4.111158	3.268423	2.504116	2.876524	2.830759	3.203027	3.254091	2.209314	2.008766	2.495269	3.168212	2.263109	1.998444	3.009637	2.433407	2.876524	2.300437	3.053349	2.876524	2.297500	2.694549	2.555120	2.377134	3.203027	1.813729	4.503789	2.377134	1.990605	2.100592	2.658756	3.203027	3.033788	2.833517	4.503789	3.510529	2.812776	2.862233	2.876524	5.549474	1.938555	2.493726	3.170861	2.012306	4.650044	2.923781	2.268295	2.951825	4.503789	2.781764	4.514416	1.877590	4.503789
SalEn.54224_1-163_NEs	2.061895	1.514649	2.957294	2.915631	3.185536	2.876524	0.000000	0.965642	3.735116	1.344368	2.619016	2.070591	2.657983	2.464968	2.013936	0.004127	2.365868	0.949852	2.464968	2.945362	1.529512	2.905222	0.941009	2.076652	2.814230	3.973220	2.098830	0.002061	2.111612	2.487397	0.004127	2.585228	2.286368	2.905222	2.314212	0.943301	2.840372	1.974680	2.301103	1.934074	1.782183	1.249245	0.943301	2.456301	2.221393	1.974680	2.213013	0.868891	0.924221	0.004127	2.688525	1.584699	0.130616	1.319370	2.783983	1.581982	0.178455	2.988301	4.131867	2.005325	2.375332	1.988151	2.909971	1.974680
SalEn.53868_1-161_BeL	2.712398	1.560427	2.841050	3.408505	2.390804	3.408505	0.965642	0.000000	5.586619	1.585909	3.108065	3.056532	3.064710	1.884948	1.719985	0.966489	2.875458	0.006190	1.884948	2.652592	2.228850	3.468183	0.004122	2.398705	2.978955	2.428182	1.838696	0.958959	2.314389	1.923055	0.966489	2.489529	2.843627	3.468183	2.994409	0.004122	2.677810	1.686212	2.994409	2.355436	1.588816	1.516815	0.004122	1.910033	3.000292	1.686212	2.896870	0.265013	0.181085	0.966489	2.824559	2.128886	0.961872	1.576971	2.909457	1.560922	0.814402	2.644742	2.388144	1.686212	2.928318	1.686212	2.712213	1.686212
CitRo.1_11961_1-137_NEs	1.792388	5.943212	1.122110	2.942990	2.960220	2.959565	3.735116	5.586619	0.000000	5.943212	3.716827	2.750013	3.371503	2.816529	1.521195	3.735116	2.262890	5.594048	2.799144	2.577873	2.768164	3.670923	5.594048	2.160676	2.457662	2.881603	1.479308	3.735116	2.243513	2.915249	3.735116	5.360498	3.920090	3.656030	1.129117	5.594048	3.193645	2.976603	1.129117	4.061594	2.542514	4.344542	5.594048	2.891606	5.943212	2.976603	3.070554	3.959009	3.964399	3.735116	3.413560	2.768164	3.141593	5.943212	2.544296	5.943212	3.633277	2.601167	2.805312	2.949403	2.262890	2.947468	3.319712	2.976603
KlePn.1_02214_1-178_NEs	3.518917	0.570420	3.035619	3.065454	3.208422	3.183550	1.344368	1.585909	5.943212	0.000000	2.937044	2.461416	3.980102	2.072732	2.630185	1.345708	3.760390	1.565473	2.094352	4.454936	1.929910	2.649383	1.586141	1.772554	5.043953	4.250675	2.606636	1.336043	1.840703	2.685702	1.345708	2.435843	3.189591	2.717214	2.767836	1.575398	2.775168	1.661690	2.767836	2.409153	2.062183	0.612748	1.575398	2.736039	3.078828	1.661690	2.590794	1.551255	1.675199	1.345708	4.037630	1.719446	1.399025	0.003747	5.209364	0.574080	1.421375	4.239216	4.087047	1.639311	3.837167	1.649600	2.785927	1.661690
EntCo.1_09600_1-169_NEs	2.528862	5.943212	1.945775	0.307867	3.613327	0.304195	2.619016	3.108065	3.716827	2.937044	0.000000	3.982821	4.859432	2.479615	2.886504	2.619016	2.676403	2.941143	2.461998	1.975828	2.645277	2.744311	2.918131	3.094919	2.809966	2.901874	2.881387	2.619016	3.125472	2.678021	2.619016	2.565811	2.593376	2.655367	2.380177	2.941143	2.238899	3.960115	2.380177	2.735278	2.118578	2.825501	2.941143	2.698838	3.133324	3.960115	4.218377	2.765429	2.596226	2.619016	5.943212	2.838907	2.678277	2.924512	2.807727	5.705483	2.870062	1.991001	2.844083	3.971900	2.745552	3.971900	2.257542	3.960115
KlePn.2_40851_1-175_NEs	3.027447	2.086922	4.069221	3.434125	2.123664	3.434125	2.070591	3.056532	2.750013	2.461416	3.982821	0.000000	4.268121	2.611709	4.181740	2.070591	2.087648	3.170806	2.576812	3.358175	1.914643	5.943212	3.170806	2.283532	1.632844	4.096474	3.939373	2.070591	2.357885	2.650790	2.070591	3.653668	3.227340	5.943212	4.449138	3.170806	2.228993	3.081875	4.449138	2.606752	2.160811	2.010992	3.170806	2.603497	3.724631	3.081875	0.005760	2.960529	3.550914	2.070591	4.526555	2.906911	1.863525	2.443705	1.616361	2.144154	1.701938	3.358175	3.940462	3.103742	2.087648	3.081875	2.310782	3.081875
KlePn.2_00221_1-152_NEs	3.219881	3.915136	4.934861	3.945577	3.276190	4.111158	2.657983	3.064710	3.371503	3.980102	4.859432	4.268121	0.000000	2.696884	3.061197	2.657983	3.795841	3.056498	2.698535	2.686200	2.395799	2.958069	3.349650	2.842520	2.053936	5.943212	3.176316	2.657983	2.894039	5.943212	2.657983	3.322377	4.424783	3.051609	2.074880	3.056498	2.952321	3.176389	2.102715	2.725899	3.451928	3.112474	3.056498	5.943212	2.212217	3.176389	4.419031	2.740396	3.183913	2.657983	0.006592	2.395799	2.464827	4.000731	2.122776	3.909732	2.433568	2.656209	5.943212	3.159573	3.705292	3.176389	3.123502	3.176389
KlePn.2_10591_1-288_NEs	1.886480	2.606155	1.498475	3.144628	2.338951	3.268423	2.464968	1.884948	2.816529	2.072732	2.479615	2.611709	2.696884	0.000000	2.179633	2.464968	2.347694	1.906037	0.004610	2.197617	2.113279	2.318745	1.935661	4.738260	1.974216	3.830777	2.136572	2.464968	4.585791	2.967142	2.464968	1.411201	3.115109	2.328562	1.601653	1.906037	2.690098	2.928199	1.601653	3.096048	2.138101	2.323545	1.906037	3.036215	2.384287	2.928199	2.581761	2.492283	1.847950	2.599312	2.679330	2.127898	2.427176	2.116456	1.967728	2.428123	2.300972	2.185249	3.735772	2.928199	2.495675	2.928199	2.768723	2.928199
KlePn.2_47551_1-139_NEs	2.794739	3.325773	1.043092	2.590724	2.172323	2.504116	2.013936	1.719985	1.521195	2.630185	2.886504	4.181740	3.061197	2.179633	0.000000	2.013936	2.443898	1.746155	2.142145	2.558872	2.388788	1.929755	1.746155	1.637832	2.035557	2.398808	0.004874	2.013936	1.617369	2.122779	2.013936	2.888766	3.924477	1.870108	0.905914	1.746155	3.200161	2.180505	0.905914	5.523472	2.555209	3.409671	1.746155	2.057392	3.559768	2.180505	3.975578	2.136836	2.043522	2.013936	3.352944	2.267906	1.528891	2.630185	2.035557	3.235626	2.017646	2.558872	2.319068	2.157483	2.443898	2.180505	3.179448	2.180505
SalEn.3_4254_1-163_NEs	2.044994	1.535485	2.931274	2.915631	3.185536	2.876524	0.004127	0.966489	3.735116	1.345708	2.619016	2.070591	2.657983	2.464968	2.013936	0.000000	2.365868	0.950671	2.464968	2.945362	1.559838	2.921321	0.941813	2.038044	2.814230	3.986064	2.098830	0.002061	2.072881	2.458814	0.000000	2.587939	2.260564	2.921321	2.286818	0.944112	2.826521	1.990925	2.273454	1.934074	1.751894	1.258510	0.944112	2.427639	2.206127	1.990925	2.213013	0.869587	0.924990	0.000000	2.688525	1.613998	0.130660	1.320675	2.783983	1.603756	0.178519	2.988301	4.144059	2.021418	2.375332	2.004325	2.896644	1.990925
KlePn.2_47201_1-148_NEs	0.437360	2.795941	2.947729	2.914544	2.056686	2.830759	2.365868	2.875458	2.262890	3.760390	2.676403	2.087648	3.795841	2.347694	2.443898	2.365868	0.000000	2.819642	2.347694	1.610697	2.550813	2.192393	2.819642	1.939148	2.831638	1.705758	2.373774	2.365868	1.959809	1.482337	2.365868	2.740649	2.967224	2.144428	2.998311	2.819642	2.815883	2.828294	2.998311	2.839318	3.314145	3.444231	2.819642	1.482337	2.894359	2.828294	2.018007	3.179149	2.945240	2.365868	3.190127	2.624111	2.472716	3.747598	2.913903	2.893031	2.350312	1.594468	1.672518	2.811694	0.000000	2.828294	2.862923	2.828294
SalEn.13474_1-161_BeL	2.656348	1.538826	2.906592	3.203027	2.251981	3.203027	0.949852	0.006190	5.594048	1.565473	2.941143	3.170806	3.056498	1.906037	1.746155	0.950671	2.819642	0.000000	1.906037	2.731501	2.093392	3.491220	0.002053	2.473495	3.062492	2.441023	1.866858	0.943301	2.383660	1.967608	0.950671	2.514223	2.967165	3.491220	2.945935	0.002053	2.677810	1.672417	2.945935	2.445443	1.619092	1.505280	0.002053	1.954276	2.994966	1.672417	3.000586	0.264006	0.180456	0.950671	2.817415	2.022285	0.945845	1.567042	2.990297	1.539550	0.819321	2.722175	2.400892	1.672417	2.870875	1.672417	2.712213	1.672417
KlePn.1_02918_1-289_BeL	1.886480	2.630507	1.556669	3.130189	2.338951	3.254091	2.464968	1.884948	2.799144	2.094352	2.461998	2.576812	2.698535	0.004610	2.142145	2.464968	2.347694	1.906037	0.000000	2.197617	2.113279	2.318745	1.935661	4.739312	1.975702	3.830777	2.098915	2.464968	4.586900	2.967142	2.464968	1.411201	3.101220	2.328562	1.665085	1.906037	2.715801	2.990608	1.665085	3.096048	2.138101	2.350386	1.906037	3.036215	2.384287	2.990608	2.546834	2.492283	1.847950	2.599312	2.680823	2.126496	2.427176	2.138722	1.969186	2.451728	2.300972	2.185249	3.735772	2.990608	2.495675	2.990608	2.793647	2.990608
KlePn.2_22171_1-148_NEs	1.499296	3.112708	2.798358	2.168896	4.051949	2.209314	2.945362	2.652592	2.577873	4.454936	1.975828	3.358175	2.686200	2.197617	2.558872	2.945362	1.610697	2.731501	2.197617	0.000000	3.318862	5.943212	2.717067	1.512351	1.344708	2.459071	2.637303	2.945362	1.559444	1.500552	2.945362	5.943212	3.229409	5.620049	3.171847	2.717067	5.668338	2.399300	3.171847	5.008897	3.168317	5.373963	2.717067	1.518986	2.845889	2.399300	3.293352	2.845722	3.203567	2.945362	2.735443	4.349740	2.942188	4.446669	1.330892	3.267610	2.529325	0.004524	2.415761	2.384424	1.610697	2.411356	5.943212	2.399300
KlePn.2_04281_1-227_NEs	2.329219	1.778062	1.730279	1.978272	2.293115	2.008766	1.529512	2.228850	2.768164	1.929910	2.645277	1.914643	2.395799	2.113279	2.388788	1.559838	2.550813	2.093392	2.113279	3.318862	0.000000	1.461591	2.116931	2.027392	2.146671	3.997108	2.388788	1.559838	2.016391	3.380885	1.559838	1.317633	3.340576	1.427650	1.671880	2.093392	2.776473	3.453622	1.671880	2.086261	2.577469	2.333141	2.093392	3.415035	2.239424	3.453622	1.790148	2.084787	1.969911	1.625473	2.463790	0.032210	1.334323	1.876505	2.348386	1.783348	1.671351	3.276434	4.079353	3.426258	2.771891	3.453622	2.899179	3.453622
KlePn.1_04823_1-318_NEs	1.910891	2.847213	4.937480	2.553729	2.306236	2.495269	2.905222	3.468183	3.670923	2.649383	2.744311	5.943212	2.958069	2.318745	1.929755	2.921321	2.192393	3.491220	2.318745	5.943212	1.461591	0.000000	3.479779	2.310021	2.489355	3.104589	1.958114	2.921321	2.326128	4.361260	2.921321	0.669813	3.939914	0.005328	2.860738	3.479779	2.481346	3.337559	2.878373	2.492006	3.461449	3.287356	3.479779	4.371495	2.613009	3.337559	5.943212	3.295925	3.198784	2.921321	2.810520	1.685832	3.268983	2.649383	2.489355	3.091755	3.558735	5.943212	3.104589	3.346407	2.192393	3.346407	2.557594	3.337559
SalEn.2_MW36411_1-162_BeL	2.656348	1.560770	2.884338	3.168212	2.251981	3.168212	0.941009	0.004122	5.594048	1.586141	2.918131	3.170806	3.349650	1.935661	1.746155	0.941813	2.819642	0.002053	1.935661	2.717067	2.116931	3.479779	0.000000	2.473495	3.062492	2.401742	1.866858	0.934531	2.383660	2.002796	0.941813	2.501940	2.891947	3.479779	2.913355	0.000000	2.677810	1.686212	2.913355	2.445443	1.681542	1.496828	0.000000	1.989540	2.985835	1.686212	3.000586	0.261181	0.177899	0.941813	3.026299	2.044343	0.936876	1.587724	2.990297	1.531349	0.812229	2.707931	2.362601	1.686212	2.870875	1.686212	2.712213	1.686212
KlePn.2_21791_1-146_NEs	1.673105	1.692204	1.909321	2.182986	1.487376	2.263109	2.076652	2.398705	2.160676	1.772554	3.094919	2.283532	2.842520	4.738260	1.637832	2.038044	1.939148	2.473495	4.739312	1.512351	2.027392	2.310021	2.473495	0.000000	1.477485	1.968934	1.641146	2.056734	0.009220	1.769214	2.038044	2.667918	5.400894	2.271197	1.533255	2.473495	5.575475	2.196070	1.590821	3.139373	2.312513	1.810842	2.473495	1.746727	5.824347	2.196070	2.231297	2.468981	2.160318	2.038044	2.728907	2.182733	2.112079	1.772554	1.520539	1.656328	2.451558	1.532700	2.027545	2.251230	1.939148	2.213016	5.568046	2.196070
KlePn.2_28631_1-158_NEs	2.499861	4.373745	1.999101	1.983213	3.843380	1.998444	2.814230	2.978955	2.457662	5.043953	2.809966	1.632844	2.053936	1.974216	2.035557	2.814230	2.831638	3.062492	1.975702	1.344708	2.146671	2.489355	3.062492	1.477485	0.000000	5.319290	2.134859	2.814230	1.507186	1.476079	2.814230	3.355415	3.434826	2.422060	1.769978	3.062492	2.405972	3.898991	1.751592	2.402527	2.511632	2.931202	3.062492	1.439868	4.243154	3.898991	1.645236	4.699044	4.636385	2.814230	2.259007	3.061129	2.569042	5.035479	0.008533	4.391013	2.381836	1.362747	4.910259	3.882478	2.806311	3.898991	2.616436	3.898991
KlePn.1_02104_1-176_NEs	1.663216	3.351737	2.264660	3.052924	5.293173	3.009637	3.973220	2.428182	2.881603	4.250675	2.901874	4.096474	5.943212	3.830777	2.398808	3.986064	1.705758	2.441023	3.830777	2.459071	3.997108	3.104589	2.401742	1.968934	5.319290	0.000000	2.411210	3.986064	1.932766	1.509835	3.986064	4.388897	2.591717	3.009727	3.186636	2.426248	2.442964	3.413693	3.173974	3.285315	3.897294	5.943212	2.426248	1.494704	3.069834	3.413693	4.030081	3.043653	2.844685	3.930506	5.943212	4.286782	4.336696	4.480508	5.568046	3.091559	4.056066	2.526867	0.001924	3.400731	1.721738	3.413693	2.466947	3.413693
KlePn.1_00466_1-140_NEs	2.678326	3.299951	1.059276	2.513330	2.159649	2.433407	2.098830	1.838696	1.479308	2.606636	2.881387	3.939373	3.176316	2.136572	0.004874	2.098830	2.373774	1.866858	2.098915	2.637303	2.388788	1.958114	1.866858	1.641146	2.134859	2.411210	0.000000	2.098830	1.621019	2.242141	2.098830	2.951003	4.047155	1.896620	0.938754	1.866858	3.180595	2.235736	0.938754	5.854063	2.555209	3.377806	1.866858	2.173904	3.709433	2.235736	3.761050	2.326096	2.226792	2.098830	3.474587	2.267906	1.570606	2.606636	2.134859	3.215145	2.097866	2.637303	2.333404	2.212270	2.373774	2.235736	3.160517	2.235736
SalEn.14089_1-163_NEs	2.044994	1.524768	2.943836	2.915631	3.185536	2.876524	0.002061	0.958959	3.735116	1.336043	2.619016	2.070591	2.657983	2.464968	2.013936	0.002061	2.365868	0.943301	2.464968	2.945362	1.559838	2.921321	0.934531	2.056734	2.814230	3.986064	2.098830	0.000000	2.091631	2.472631	0.002061	2.599880	2.273034	2.921321	2.300058	0.936776	2.826521	1.990925	2.286818	1.934074	1.751894	1.249245	0.936776	2.441495	2.221393	1.990925	2.213013	0.862895	0.917926	0.002061	2.688525	1.613998	0.128172	1.311167	2.783983	1.592555	0.175857	2.988301	4.144059	2.021418	2.375332	2.004325	2.896644	1.990925
KlePn.1_05068_1-147_NEs	1.736314	1.749126	1.966924	2.222025	1.468030	2.300437	2.111612	2.314389	2.243513	1.840703	3.125472	2.357885	2.894039	4.585791	1.617369	2.072881	1.959809	2.383660	4.586900	1.559444	2.016391	2.326128	2.383660	0.009220	1.507186	1.932766	1.621019	2.091631	0.000000	1.767025	2.072881	2.667918	5.184756	2.287120	1.555018	2.383660	5.410644	2.187286	1.612655	3.095501	2.366294	1.873988	2.383660	1.744889	5.523472	2.187286	2.246387	2.440007	2.102199	2.072881	2.772119	2.203811	2.150293	1.840703	1.551531	1.711408	2.499302	1.580459	1.987675	2.241756	1.959809	2.204018	5.404608	2.187286
KlePn.1_05039_1-161_NEs	1.401068	2.415648	2.214863	3.006065	2.969066	3.053349	2.487397	1.923055	2.915249	2.685702	2.678021	2.650790	5.943212	2.967142	2.122779	2.458814	1.482337	1.967608	2.967142	1.500552	3.380885	4.361260	2.002796	1.769214	1.476079	1.509835	2.242141	2.472631	1.767025	0.000000	2.458814	3.337532	2.616937	4.553892	2.581093	1.967608	3.352645	2.194012	2.581093	3.382279	1.758127	4.110368	1.967608	0.006325	2.275575	2.194012	2.702576	2.460542	2.098995	2.458814	5.943212	2.893309	2.307354	2.670868	1.476782	2.525135	2.853146	1.523015	1.496987	2.192819	1.498753	2.194012	3.651376	2.194012
SalEn.4_42681_1-163_NEs	2.044994	1.535485	2.931274	2.915631	3.185536	2.876524	0.004127	0.966489	3.735116	1.345708	2.619016	2.070591	2.657983	2.464968	2.013936	0.000000	2.365868	0.950671	2.464968	2.945362	1.559838	2.921321	0.941813	2.038044	2.814230	3.986064	2.098830	0.002061	2.072881	2.458814	0.000000	2.587939	2.260564	2.921321	2.286818	0.944112	2.826521	1.990925	2.273454	1.934074	1.751894	1.258510	0.944112	2.427639	2.206127	1.990925	2.213013	0.869587	0.924990	0.000000	2.688525	1.613998	0.130660	1.320675	2.783983	1.603756	0.178519	2.988301	4.144059	2.021418	2.375332	2.004325	2.896644	1.990925
CitRo.1_27551_1-316_NEs	2.680273	2.282578	2.836994	2.255675	2.611167	2.297500	2.585228	2.489529	5.360498	2.435843	2.565811	3.653668	3.322377	1.411201	2.888766	2.587939	2.740649	2.514223	1.411201	5.943212	1.317633	0.669813	2.501940	2.667918	3.355415	4.388897	2.951003	2.599880	2.667918	3.337532	2.587939	0.000000	5.475184	0.674796	4.246894	2.501940	2.739857	2.735026	4.295692	2.703761	3.406137	2.280623	2.501940	3.324981	3.316547	2.735026	3.642493	2.453210	2.216337	2.587939	3.348019	1.433719	2.651283	2.435843	3.355415	2.373020	2.981933	5.943212	4.388897	2.720482	2.740649	2.720482	2.812487	2.735026
SalEn.2_MW24681_1-179_NEs	2.756827	5.523472	2.510101	2.694549	4.305998	2.694549	2.286368	2.843627	3.920090	3.189591	2.593376	3.227340	4.424783	3.115109	3.924477	2.260564	2.967224	2.967165	3.101220	3.229409	3.340576	3.939914	2.891947	5.400894	3.434826	2.591717	4.047155	2.273034	5.184756	2.616937	2.260564	5.475184	0.000000	3.939914	3.354743	2.967165	2.584438	5.943212	3.341824	2.420245	4.615487	3.211012	2.967165	2.631778	3.979092	5.943212	3.412552	2.748261	3.238153	2.260564	4.704781	3.769703	2.313010	3.189591	3.465762	4.389049	2.608630	3.306403	2.517931	5.943212	2.947666	5.943212	2.599251	5.943212
KlePn.2_24311_1-317_NEs	1.934956	2.796581	4.920968	2.617448	2.251360	2.555120	2.905222	3.468183	3.656030	2.717214	2.655367	5.943212	3.051609	2.328562	1.870108	2.921321	2.144428	3.491220	2.328562	5.620049	1.427650	0.005328	3.479779	2.271197	2.422060	3.009727	1.896620	2.921321	2.287120	4.553892	2.921321	0.674796	3.939914	0.000000	2.833437	3.479779	2.508725	3.337559	2.850895	2.500311	3.274450	3.403312	3.479779	4.563366	2.720199	3.337559	5.943212	3.295925	3.198784	2.921321	2.807804	1.672320	3.268983	2.717214	2.422060	3.029970	3.558735	5.620049	3.009727	3.346407	2.144428	3.346407	2.587893	3.337559
KlePn.1_02273_1-179_NEs	5.943212	3.999320	0.714892	2.345758	2.923196	2.377134	2.314212	2.994409	1.129117	2.767836	2.380177	4.449138	2.074880	1.601653	0.905914	2.286818	2.998311	2.945935	1.665085	3.171847	1.671880	2.860738	2.913355	1.533255	1.769978	3.186636	0.938754	2.300058	1.555018	2.581093	2.286818	4.246894	3.354743	2.833437	0.000000	2.932857	2.661771	2.184177	0.001901	2.093412	2.317470	3.249327	2.932857	2.633615	2.804590	2.184177	4.045926	2.718748	3.090313	2.365592	2.192474	1.840610	2.284206	2.781822	1.745799	3.979685	2.802898	3.162803	3.197379	2.200111	3.060819	2.184177	2.687400	2.222482
SalEn.4_36411_1-161_BeL	2.656348	1.549314	2.906592	3.203027	2.251981	3.203027	0.943301	0.004122	5.594048	1.575398	2.941143	3.170806	3.056498	1.906037	1.746155	0.944112	2.819642	0.002053	1.906037	2.717067	2.093392	3.479779	0.000000	2.473495	3.062492	2.426248	1.866858	0.936776	2.383660	1.967608	0.944112	2.501940	2.967165	3.479779	2.932857	0.000000	2.677810	1.686212	2.932857	2.445443	1.619092	1.516815	0.000000	1.954276	2.994966	1.686212	3.000586	0.261181	0.177899	0.944112	2.817415	2.022285	0.939182	1.576971	2.990297	1.549927	0.813552	2.707931	2.386233	1.686212	2.870875	1.686212	2.712213	1.686212
KlePn.2_22151_1-176_NEs	3.825082	4.183275	2.726737	1.762623	3.417605	1.813729	2.840372	2.677810	3.193645	2.775168	2.238899	2.228993	2.952321	2.690098	3.200161	2.826521	2.815883	2.677810	2.715801	5.668338	2.776473	2.481346	2.677810	5.575475	2.405972	2.442964	3.180595	2.826521	5.410644	3.352645	2.826521	2.739857	2.584438	2.508725	2.661771	2.677810	0.000000	2.939805	2.661771	0.499165	2.607616	2.533349	2.677810	3.366467	3.399365	2.939805	2.263866	2.601583	2.874071	2.826521	3.812001	2.842875	2.658494	2.761789	2.351182	4.330283	2.789892	5.668338	2.385511	2.914598	2.815883	2.939805	0.009588	2.939805
SalEn.3_2885_1-175_NEs	2.638247	1.477809	2.551770	4.503789	3.024221	4.503789	1.974680	1.686212	2.976603	1.661690	3.960115	3.081875	3.176389	2.928199	2.180505	1.990925	2.828294	1.672417	2.990608	2.399300	3.453622	3.337559	1.686212	2.196070	3.898991	3.413693	2.235736	1.990925	2.187286	2.194012	1.990925	2.735026	5.943212	3.337559	2.184177	1.686212	2.939805	0.000000	2.248363	2.377763	3.522751	1.720028	1.686212	2.194012	2.376359	0.000000	3.283737	1.724243	1.692302	1.990925	3.152089	2.991441	1.834006	1.641837	4.014609	1.486921	1.747801	2.464636	3.301169	0.009471	2.873432	0.001886	3.054808	0.000000
KlePn.2_04261_1-177_NEs	5.943212	3.999320	0.714892	2.345758	2.923196	2.377134	2.301103	2.994409	1.129117	2.767836	2.380177	4.449138	2.102715	1.601653	0.905914	2.273454	2.998311	2.945935	1.665085	3.171847	1.671880	2.878373	2.913355	1.590821	1.751592	3.173974	0.938754	2.286818	1.612655	2.581093	2.273454	4.295692	3.341824	2.850895	0.001901	2.932857	2.661771	2.248363	0.000000	2.093412	2.122704	3.249327	2.932857	2.633615	2.824128	2.248363	4.045926	2.735406	3.090313	2.352256	2.215923	1.840610	2.270594	2.781822	1.727606	3.979685	2.790567	3.162803	3.184434	2.264370	3.083955	2.248363	2.687400	2.287836
EntCo.1_10640_1-171_NEs	2.723854	2.800470	2.121823	1.962136	3.576183	1.990605	1.934074	2.355436	4.061594	2.409153	2.735278	2.606752	2.725899	3.096048	5.523472	1.934074	2.839318	2.445443	3.096048	5.008897	2.086261	2.492006	2.445443	3.139373	2.402527	3.285315	5.854063	1.934074	3.095501	3.382279	1.934074	2.703761	2.420245	2.500311	2.093412	2.445443	0.499165	2.377763	2.093412	0.000000	2.054775	2.590067	2.445443	3.397683	3.485857	2.377763	2.605462	2.352822	2.492419	1.934074	2.775476	2.229352	1.960774	2.395274	2.365893	2.667195	1.880576	5.008897	3.172208	2.362640	2.839318	2.377763	0.498232	2.377763
EscCo.54307_1-181	4.222426	2.376154	1.381513	2.116334	1.403031	2.100592	1.782183	1.588816	2.542514	2.062183	2.118578	2.160811	3.451928	2.138101	2.555209	1.751894	3.314145	1.619092	2.138101	3.168317	2.577469	3.461449	1.681542	2.312513	2.511632	3.897294	2.555209	1.751894	2.366294	1.758127	1.751894	3.406137	4.615487	3.274450	2.317470	1.619092	2.607616	3.522751	2.122704	2.054775	0.000000	2.175419	1.619092	1.725510	2.309570	3.522751	2.218399	1.764695	1.839286	1.876042	4.112024	2.735341	1.397743	2.103442	2.472946	2.477336	1.356563	3.123715	4.143093	3.522751	3.170915	3.522751	2.745804	3.522751
EntCo.1_16360_1-166_NEs	2.629461	0.621583	3.017979	2.600106	2.210357	2.658756	1.249245	1.516815	4.344542	0.612748	2.825501	2.010992	3.112474	2.323545	3.409671	1.258510	3.444231	1.505280	2.350386	5.373963	2.333141	3.287356	1.496828	1.810842	2.931202	5.943212	3.377806	1.249245	1.873988	4.110368	1.258510	2.280623	3.211012	3.403312	3.249327	1.516815	2.533349	1.720028	3.249327	2.590067	2.175419	0.000000	1.516815	4.123210	3.525540	1.720028	2.019549	1.744564	1.559148	1.258510	3.295096	2.461291	1.284283	0.604465	2.808531	0.646446	1.314845	4.948253	5.943212	1.705159	3.516572	1.720028	2.496497	1.720028
SalEn.3_3617_1-161_NEs	2.656348	1.549314	2.906592	3.203027	2.251981	3.203027	0.943301	0.004122	5.594048	1.575398	2.941143	3.170806	3.056498	1.906037	1.746155	0.944112	2.819642	0.002053	1.906037	2.717067	2.093392	3.479779	0.000000	2.473495	3.062492	2.426248	1.866858	0.936776	2.383660	1.967608	0.944112	2.501940	2.967165	3.479779	2.932857	0.000000	2.677810	1.686212	2.932857	2.445443	1.619092	1.516815	0.000000	1.954276	2.994966	1.686212	3.000586	0.261181	0.177899	0.944112	2.817415	2.022285	0.939182	1.576971	2.990297	1.549927	0.813552	2.707931	2.386233	1.686212	2.870875	1.686212	2.712213	1.686212
KlePn.2_22091_1-160_NEs	1.401068	2.500766	2.227831	3.126068	2.965610	3.033788	2.456301	1.910033	2.891606	2.736039	2.698838	2.603497	5.943212	3.036215	2.057392	2.427639	1.482337	1.954276	3.036215	1.518986	3.415035	4.371495	1.989540	1.746727	1.439868	1.494704	2.173904	2.441495	1.744889	0.006325	2.427639	3.324981	2.631778	4.563366	2.633615	1.954276	3.366467	2.194012	2.633615	3.397683	1.725510	4.123210	1.954276	0.000000	2.258146	2.194012	2.655795	2.477217	2.085253	2.427639	5.943212	2.898147	2.242618	2.721543	1.440420	2.612312	2.756799	1.541659	1.481965	2.192819	1.498753	2.194012	3.663892	2.194012
EscCo.51932_1-159	3.472349	2.503809	2.817731	2.776890	2.891672	2.833517	2.221393	3.000292	5.943212	3.078828	3.133324	3.724631	2.212217	2.384287	3.559768	2.206127	2.894359	2.994966	2.384287	2.845889	2.239424	2.613009	2.985835	5.824347	4.243154	3.069834	3.709433	2.221393	5.523472	2.275575	2.206127	3.316547	3.979092	2.720199	2.804590	2.994966	3.399365	2.376359	2.824128	3.485857	2.309570	3.525540	2.994966	2.258146	0.000000	2.376359	3.678587	2.753190	2.692974	2.206127	1.988986	2.566876	2.263179	3.098505	4.370026	2.593514	2.284875	2.934970	3.150397	2.398218	2.850373	2.376359	3.354029	2.376359
SalEn.4_28681_1-175_NEs	2.638247	1.477809	2.551770	4.503789	3.024221	4.503789	1.974680	1.686212	2.976603	1.661690	3.960115	3.081875	3.176389	2.928199	2.180505	1.990925	2.828294	1.672417	2.990608	2.399300	3.453622	3.337559	1.686212	2.196070	3.898991	3.413693	2.235736	1.990925	2.187286	2.194012	1.990925	2.735026	5.943212	3.337559	2.184177	1.686212	2.939805	0.000000	2.248363	2.377763	3.522751	1.720028	1.686212	2.194012	2.376359	0.000000	3.283737	1.724243	1.692302	1.990925	3.152089	2.991441	1.834006	1.641837	4.014609	1.486921	1.747801	2.464636	3.301169	0.009471	2.873432	0.001886	3.054808	0.000000
KlePn.1_01175_1-176_NEs	2.867112	2.115792	4.184992	3.510529	2.199073	3.510529	2.213013	2.896870	3.070554	2.590794	4.218377	0.005760	4.419031	2.581761	3.975578	2.213013	2.018007	3.000586	2.546834	3.293352	1.790148	5.943212	3.000586	2.231297	1.645236	4.030081	3.761050	2.213013	2.246387	2.702576	2.213013	3.642493	3.412552	5.943212	4.045926	3.000586	2.263866	3.283737	4.045926	2.605462	2.218399	2.019549	3.000586	2.655795	3.678587	3.283737	0.000000	3.238675	3.636096	2.213013	4.663114	2.670382	1.969698	2.573640	1.628955	2.237956	1.792506	3.293352	3.882812	3.304763	2.018007	3.283737	2.346995	3.283737
KlePn.1_00181_1-161_NEs	3.327725	1.854430	2.837764	2.812776	3.026759	2.812776	0.868891	0.265013	3.959009	1.551255	2.765429	2.960529	2.740396	2.492283	2.136836	0.869587	3.179149	0.264006	2.492283	2.845722	2.084787	3.295925	0.261181	2.468981	4.699044	3.043653	2.326096	0.862895	2.440007	2.460542	0.869587	2.453210	2.748261	3.295925	2.718748	0.261181	2.601583	1.724243	2.735406	2.352822	1.764695	1.744564	0.261181	2.477217	2.753190	1.724243	3.238675	0.000000	0.107908	0.869587	2.588638	2.061150	0.916229	1.552870	4.112628	1.812846	0.827373	2.846686	3.124074	1.724282	3.150640	1.735420	2.534829	1.724243
KlePn.2_45601_1-161_BeL	3.072144	1.676988	2.486637	2.883945	2.981214	2.862233	0.924221	0.181085	3.964399	1.675199	2.596226	3.550914	3.183913	1.847950	2.043522	0.924990	2.945240	0.180456	1.847950	3.203567	1.969911	3.198784	0.177899	2.160318	4.636385	2.844685	2.226792	0.917926	2.102199	2.098995	0.924990	2.216337	3.238153	3.198784	3.090313	0.177899	2.874071	1.692302	3.090313	2.492419	1.839286	1.559148	0.177899	2.085253	2.692974	1.692302	3.636096	0.107908	0.000000	0.924990	3.040014	1.965499	0.933962	1.676880	4.519630	1.691031	0.818315	3.167901	2.918433	1.678371	3.003075	1.703357	2.886898	1.692302
SalEn.2_MW42681_1-164_NEs	2.044994	1.535485	2.988610	2.915631	3.185536	2.876524	0.004127	0.966489	3.735116	1.345708	2.619016	2.070591	2.657983	2.599312	2.013936	0.000000	2.365868	0.950671	2.599312	2.945362	1.625473	2.921321	0.941813	2.038044	2.814230	3.930506	2.098830	0.002061	2.072881	2.458814	0.000000	2.587939	2.260564	2.921321	2.365592	0.944112	2.826521	1.990925	2.352256	1.934074	1.876042	1.258510	0.944112	2.427639	2.206127	1.990925	2.213013	0.869587	0.924990	0.000000	2.688525	1.677943	0.130660	1.320675	2.783983	1.603756	0.178519	2.988301	4.081541	2.021418	2.375332	2.004325	2.896644	1.990925
KlePn.1_01886_1-170_NEs	2.696997	3.457737	4.784875	5.202167	4.139987	5.549474	2.688525	2.824559	3.413560	4.037630	5.943212	4.526555	0.006592	2.679330	3.352944	2.688525	3.190127	2.817415	2.680823	2.735443	2.463790	2.810520	3.026299	2.728907	2.259007	5.943212	3.474587	2.688525	2.772119	5.943212	2.688525	3.348019	4.704781	2.807804	2.192474	2.817415	3.812001	3.152089	2.215923	2.775476	4.112024	3.295096	2.817415	5.943212	1.988986	3.152089	4.663114	2.588638	3.040014	2.688525	0.000000	2.776242	2.611532	4.055941	2.325001	3.434653	2.693886	2.709884	5.943212	3.136629	3.139364	3.152089	3.910439	3.152089
KlePn.1_02274_1-279_NEs	2.617020	1.964682	1.715656	1.915532	2.379444	1.938555	1.584699	2.128886	2.768164	1.719446	2.838907	2.906911	2.395799	2.127898	2.267906	1.613998	2.624111	2.022285	2.126496	4.349740	0.032210	1.685832	2.044343	2.182733	3.061129	4.286782	2.267906	1.613998	2.203811	2.893309	1.613998	1.433719	3.769703	1.672320	1.840610	2.022285	2.842875	2.991441	1.840610	2.229352	2.735341	2.461291	2.022285	2.898147	2.566876	2.991441	2.670382	2.061150	1.965499	1.677943	2.776242	0.000000	1.391233	1.671164	3.346387	1.977627	1.722983	4.225454	4.376437	2.962367	2.815261	2.991441	3.081111	2.991441
SalEn.54359_1-162_NEs	2.056265	1.497753	2.889587	2.599985	2.786583	2.493726	0.130616	0.961872	3.141593	1.399025	2.678277	1.863525	2.464827	2.427176	1.528891	0.130660	2.472716	0.945845	2.427176	2.942188	1.334323	3.268983	0.936876	2.112079	2.569042	4.336696	1.570606	0.128172	2.150293	2.307354	0.130660	2.651283	2.313010	3.268983	2.284206	0.939182	2.658494	1.834006	2.270594	1.960774	1.397743	1.284283	0.939182	2.242618	2.263179	1.834006	1.969698	0.916229	0.933962	0.130660	2.611532	1.391233	0.000000	1.400448	2.546431	1.588157	0.147671	2.985300	4.549895	1.834006	2.479742	1.846044	2.693302	1.834006
KlePn.2_03681_1-177_NEs	3.505088	0.570718	3.055616	3.052485	3.208422	3.170861	1.319370	1.576971	5.943212	0.003747	2.924512	2.443705	4.000731	2.116456	2.630185	1.320675	3.747598	1.567042	2.138722	4.446669	1.876505	2.649383	1.587724	1.772554	5.035479	4.480508	2.606636	1.311167	1.840703	2.670868	1.320675	2.435843	3.189591	2.717214	2.781822	1.576971	2.761789	1.641837	2.781822	2.395274	2.103442	0.604465	1.576971	2.721543	3.098505	1.641837	2.573640	1.552870	1.676880	1.320675	4.055941	1.671164	1.400448	0.000000	5.201123	0.574380	1.439955	4.230505	4.287297	1.619418	3.824716	1.629730	2.772970	1.641837
KlePn.1_04382_1-159_NEs	2.561626	4.288908	1.950124	1.997392	4.032704	2.012306	2.783983	2.909457	2.544296	5.209364	2.807727	1.616361	2.122776	1.967728	2.035557	2.783983	2.913903	2.990297	1.969186	1.330892	2.348386	2.489355	2.990297	1.520539	0.008533	5.568046	2.134859	2.783983	1.551531	1.476782	2.783983	3.355415	3.465762	2.422060	1.745799	2.990297	2.351182	4.014609	1.727606	2.365893	2.472946	2.808531	2.990297	1.440420	4.370026	4.014609	1.628955	4.112628	4.519630	2.783983	2.325001	3.346387	2.546431	5.201123	0.000000	4.306857	2.364675	1.348571	5.106519	3.998932	2.885808	4.014609	2.550490	4.014609
EscCo.1_03878_1-176_NEs	2.753720	0.040366	3.432088	4.131676	2.584064	4.650044	1.581982	1.560922	5.943212	0.574080	5.705483	2.144154	3.909732	2.428123	3.235626	1.603756	2.893031	1.539550	2.451728	3.267610	1.783348	3.091755	1.531349	1.656328	4.391013	3.091559	3.215145	1.592555	1.711408	2.525135	1.603756	2.373020	4.389049	3.029970	3.979685	1.549927	4.330283	1.486921	3.979685	2.667195	2.477336	0.646446	1.549927	2.612312	2.593514	1.486921	2.237956	1.812846	1.691031	1.603756	3.434653	1.977627	1.588157	0.574380	4.306857	0.000000	1.607532	3.256122	3.159119	1.507451	2.944217	1.486921	4.248710	1.486921
KlePn.1_01200_1-162_NEs	2.243964	1.510190	2.899535	3.057638	3.049221	2.923781	0.178455	0.814402	3.633277	1.421375	2.870062	1.701938	2.433568	2.300972	2.017646	0.178519	2.350312	0.819321	2.300972	2.529325	1.671351	3.558735	0.812229	2.451558	2.381836	4.056066	2.097866	0.175857	2.499302	2.853146	0.178519	2.981933	2.608630	3.558735	2.802898	0.813552	2.789892	1.747801	2.790567	1.880576	1.356563	1.314845	0.813552	2.756799	2.284875	1.747801	1.792506	0.827373	0.818315	0.178519	2.693886	1.722983	0.147671	1.439955	2.364675	1.607532	0.000000	2.562909	4.222332	1.776208	2.359191	1.760348	2.855913	1.747801
KlePn.1_05031_1-149_NEs	1.539332	3.090786	2.815350	2.226034	3.622089	2.268295	2.988301	2.644742	2.601167	4.239216	1.991001	3.358175	2.656209	2.185249	2.558872	2.988301	1.594468	2.722175	2.185249	0.004524	3.276434	5.943212	2.707931	1.532700	1.362747	2.526867	2.637303	2.988301	1.580459	1.523015	2.988301	5.943212	3.306403	5.620049	3.162803	2.707931	5.668338	2.464636	3.162803	5.008897	3.123715	4.948253	2.707931	1.541659	2.934970	2.464636	3.293352	2.846686	3.167901	2.988301	2.709884	4.225454	2.985300	4.230505	1.348571	3.256122	2.562909	0.000000	2.481957	2.449713	1.594468	2.476707	5.943212	2.464636
KlePn.2_02391_1-175_NEs	1.624954	3.433237	2.284681	2.993333	4.857473	2.951825	4.131867	2.388144	2.805312	4.087047	2.844083	3.940462	5.943212	3.735772	2.319068	4.144059	1.672518	2.400892	3.735772	2.415761	4.079353	3.104589	2.362601	2.027545	4.910259	0.001924	2.333404	4.144059	1.987675	1.496987	4.144059	4.388897	2.517931	3.009727	3.197379	2.386233	2.385511	3.301169	3.184434	3.172208	4.143093	5.943212	2.386233	1.481965	3.150397	3.301169	3.882812	3.124074	2.918433	4.081541	5.943212	4.376437	4.549895	4.287297	5.106519	3.159119	4.222332	2.481957	0.000000	3.287758	1.688663	3.301169	2.410650	3.301169
SalEn.52805_1-175_NEs	2.619446	1.498560	2.548876	4.503789	3.024221	4.503789	2.005325	1.686212	2.949403	1.639311	3.971900	3.103742	3.159573	2.928199	2.157483	2.021418	2.811694	1.672417	2.990608	2.384424	3.426258	3.346407	1.686212	2.251230	3.882478	3.400731	2.212270	2.021418	2.241756	2.192819	2.021418	2.720482	5.943212	3.346407	2.200111	1.686212	2.914598	0.009471	2.264370	2.362640	3.522751	1.705159	1.686212	2.192819	2.398218	0.009471	3.304763	1.724282	1.678371	2.021418	3.136629	2.962367	1.834006	1.619418	3.998932	1.507451	1.776208	2.449713	3.287758	0.000000	2.856979	0.007568	3.057440	0.009471
KlePn.1_00499_1-149_NEs	0.437360	2.841388	2.939722	2.862595	2.056686	2.781764	2.375332	2.928318	2.262890	3.837167	2.745552	2.087648	3.705292	2.495675	2.443898	2.375332	0.000000	2.870875	2.495675	1.610697	2.771891	2.192393	2.870875	1.939148	2.806311	1.721738	2.373774	2.375332	1.959809	1.498753	2.375332	2.740649	2.947666	2.144428	3.060819	2.870875	2.815883	2.873432	3.083955	2.839318	3.170915	3.516572	2.870875	1.498753	2.850373	2.873432	2.018007	3.150640	3.003075	2.375332	3.139364	2.815261	2.479742	3.824716	2.885808	2.944217	2.359191	1.594468	1.688663	2.856979	0.000000	2.873432	2.862923	2.873432
SalEn.12744_1-175_NEs	2.638247	1.477809	2.564563	4.514416	3.024221	4.514416	1.988151	1.686212	2.947468	1.649600	3.971900	3.081875	3.176389	2.928199	2.180505	2.004325	2.828294	1.672417	2.990608	2.411356	3.453622	3.346407	1.686212	2.213016	3.898991	3.413693	2.235736	2.004325	2.204018	2.194012	2.004325	2.720482	5.943212	3.346407	2.184177	1.686212	2.939805	0.001886	2.248363	2.377763	3.522751	1.720028	1.686212	2.194012	2.376359	0.001886	3.283737	1.735420	1.703357	2.004325	3.152089	2.991441	1.846044	1.629730	4.014609	1.486921	1.760348	2.476707	3.301169	0.007568	2.873432	0.000000	3.054808	0.001886
KlePn.1_05033_1-177_NEs	3.900891	4.119262	2.820947	1.823939	3.244953	1.877590	2.909971	2.712213	3.319712	2.785927	2.257542	2.310782	3.123502	2.768723	3.179448	2.896644	2.862923	2.712213	2.793647	5.943212	2.899179	2.557594	2.712213	5.568046	2.616436	2.466947	3.160517	2.896644	5.404608	3.651376	2.896644	2.812487	2.599251	2.587893	2.687400	2.712213	0.009588	3.054808	2.687400	0.498232	2.745804	2.496497	2.712213	3.663892	3.354029	3.054808	2.346995	2.534829	2.886898	2.896644	3.910439	3.081111	2.693302	2.772970	2.550490	4.248710	2.855913	5.943212	2.410650	3.057440	2.862923	3.054808	0.000000	3.054808
SalEn.2_MW28681_1-176_NEs	2.638247	1.477809	2.598153	4.503789	3.024221	4.503789	1.974680	1.686212	2.976603	1.661690	3.960115	3.081875	3.176389	2.928199	2.180505	1.990925	2.828294	1.672417	2.990608	2.399300	3.453622	3.337559	1.686212	2.196070	3.898991	3.413693	2.235736	1.990925	2.187286	2.194012	1.990925	2.735026	5.943212	3.337559	2.222482	1.686212	2.939805	0.000000	2.287836	2.377763	3.522751	1.720028	1.686212	2.194012	2.376359	0.000000	3.283737	1.724243	1.692302	1.990925	3.152089	2.991441	1.834006	1.641837	4.014609	1.486921	1.747801	2.464636	3.301169	0.009471	2.873432	0.001886	3.054808	0.000000