EscCo.4_01016_1-570_NEs	0.000000	0.148859	0.146480	0.027928	0.154414	0.027957	0.025498	0.157886	0.148859	0.151881	0.148139	0.141010	0.167591
SalEn.4_29101_1-570_NEs	0.148859	0.000000	0.042725	0.154207	0.150150	0.151959	0.154069	0.153880	0.000000	0.041521	0.000585	0.141482	0.141895
SalEn.12786_1-570_NEs	0.146480	0.042725	0.000000	0.151775	0.150677	0.148839	0.149515	0.152865	0.042725	0.057234	0.043339	0.144241	0.136791
EscCo.52763_1-570	0.027928	0.154207	0.151775	0.000000	0.158198	0.009408	0.012944	0.161686	0.154207	0.155817	0.154914	0.150434	0.168313
KlePn.2_37621_1-570_NEs	0.154414	0.150150	0.150677	0.158198	0.000000	0.155352	0.155052	0.008266	0.150150	0.158616	0.150852	0.160887	0.149362
EscCo.3_2956_1-570_NEs	0.027957	0.151959	0.148839	0.009408	0.155352	0.000000	0.016536	0.158833	0.151959	0.153562	0.152664	0.145256	0.164565
EscCo.1_03090_1-570_NEs	0.025498	0.154069	0.149515	0.012944	0.155052	0.016536	0.000000	0.157092	0.154069	0.157231	0.154775	0.149560	0.169742
KlePn.1_01542_1-570_NEs	0.157886	0.153880	0.152865	0.161686	0.008266	0.158833	0.157092	0.000000	0.153880	0.160943	0.154585	0.159488	0.152263
SalEn.2_MW29101_1-570_NEs	0.148859	0.000000	0.042725	0.154207	0.150150	0.151959	0.154069	0.153880	0.000000	0.041521	0.000585	0.141482	0.141895
SalEn.52848_1-570_NEs	0.151881	0.041521	0.057234	0.155817	0.158616	0.153562	0.157231	0.160943	0.041521	0.000000	0.042135	0.141135	0.134130
SalEn.3_2926_1-570_NEs	0.148139	0.000585	0.043339	0.154914	0.150852	0.152664	0.154775	0.154585	0.000585	0.042135	0.000000	0.140769	0.142590
CitRo.1_30431_1-570_NEs	0.141010	0.141482	0.144241	0.150434	0.160887	0.145256	0.149560	0.159488	0.141482	0.141135	0.140769	0.000000	0.161767
EntCo.1_30110_1-570_NEs	0.167591	0.141895	0.136791	0.168313	0.149362	0.164565	0.169742	0.152263	0.141895	0.134130	0.142590	0.161767	0.000000