EscCo.4_04029_1-262_NEs	0.000000	0.024532	0.479746	0.386221	0.388758	0.037839	0.415715	0.007642	0.355568	0.477649	0.017978	0.384535	0.386221	0.386221
EscCo.2_40150_1-262_NEs	0.024532	0.000000	0.493696	0.386609	0.389137	0.039102	0.419058	0.019281	0.345842	0.491581	0.021901	0.384930	0.386609	0.386609
KlePn.2_04491_1-262_NEs	0.479746	0.493696	0.000000	0.437842	0.436079	0.492811	0.463944	0.490528	0.493332	0.003842	0.491181	0.437290	0.437842	0.437842
SalEn.4_44961_1-262_NEs	0.386221	0.386609	0.437842	0.000000	0.007687	0.389729	0.440757	0.385266	0.378715	0.440353	0.379826	0.005118	0.000000	0.000000
SalEn.14315_1-262_NEs	0.388758	0.389137	0.436079	0.007687	0.000000	0.392273	0.443571	0.387793	0.381245	0.438588	0.382327	0.007693	0.007687	0.007687
EscCo.54367_1-262	0.037839	0.039102	0.492811	0.389729	0.392273	0.000000	0.410228	0.037775	0.344955	0.490691	0.035150	0.388043	0.389729	0.389729
EntCo.1_44890_1-262_NEs	0.415715	0.419058	0.463944	0.440757	0.443571	0.410228	0.000000	0.410225	0.391972	0.457201	0.415200	0.441347	0.440757	0.440757
EscCo.3_4669_1-262_NEs	0.007642	0.019281	0.490528	0.385266	0.387793	0.037775	0.410225	0.000000	0.356680	0.488411	0.017974	0.383584	0.385266	0.385266
CitRo.1_48691_1-262_NEs	0.355568	0.345842	0.493332	0.378715	0.381245	0.344955	0.391972	0.356680	0.000000	0.486310	0.346390	0.379186	0.378715	0.378715
KlePn.1_02299_1-262_NEs	0.477649	0.491581	0.003842	0.440353	0.438588	0.490691	0.457201	0.488411	0.486310	0.000000	0.489061	0.439796	0.440353	0.440353
EscCo.1_04834_1-262_NEs	0.017978	0.021901	0.491181	0.379826	0.382327	0.035150	0.415200	0.017974	0.346390	0.489061	0.000000	0.378153	0.379826	0.379826
SalEn.54593_1-262_NEs	0.384535	0.384930	0.437290	0.005118	0.007693	0.388043	0.441347	0.383584	0.379186	0.439796	0.378153	0.000000	0.005118	0.005118
SalEn.3_4481_1-262_NEs	0.386221	0.386609	0.437842	0.000000	0.007687	0.389729	0.440757	0.385266	0.378715	0.440353	0.379826	0.005118	0.000000	0.000000
SalEn.2_MW44961_1-262_NEs	0.386221	0.386609	0.437842	0.000000	0.007687	0.389729	0.440757	0.385266	0.378715	0.440353	0.379826	0.005118	0.000000	0.000000