SalEn.2_MW30721_1-90_NEs	0.000000	0.162594	0.134462	0.134800	0.134462	0.000000	0.000000	0.204059	0.011175	0.182760	0.134800	0.000000	0.204059
CitRo.1_50251_1-90_NEs	0.162594	0.000000	0.104146	0.104401	0.104146	0.162594	0.162594	0.160183	0.167267	0.155523	0.104401	0.162594	0.160183
EscCo.1_03324_1-90_NEs	0.134462	0.104146	0.000000	0.007457	0.000000	0.134462	0.134462	0.177261	0.143323	0.183916	0.007457	0.134462	0.177261
EscCo.3_3152_1-90_NEs	0.134800	0.104401	0.007457	0.000000	0.007457	0.134800	0.134800	0.167468	0.143686	0.184408	0.000000	0.134800	0.167468
EscCo.4_00786_1-90_NEs	0.134462	0.104146	0.000000	0.007457	0.000000	0.134462	0.134462	0.177261	0.143323	0.183916	0.007457	0.134462	0.177261
SalEn.12954_1-90_NEs	0.000000	0.162594	0.134462	0.134800	0.134462	0.000000	0.000000	0.204059	0.011175	0.182760	0.134800	0.000000	0.204059
SalEn.4_30721_1-90_NEs	0.000000	0.162594	0.134462	0.134800	0.134462	0.000000	0.000000	0.204059	0.011175	0.182760	0.134800	0.000000	0.204059
KlePn.1_01269_1-90_NEs	0.204059	0.160183	0.177261	0.167468	0.177261	0.204059	0.204059	0.000000	0.199276	0.123432	0.167468	0.204059	0.000000
SalEn.53024_1-90_NEs	0.011175	0.167267	0.143323	0.143686	0.143323	0.011175	0.011175	0.199276	0.000000	0.182845	0.143686	0.011175	0.199276
EntCo.1_32120_3-92_NEs	0.182760	0.155523	0.183916	0.184408	0.183916	0.182760	0.182760	0.123432	0.182845	0.000000	0.184408	0.182760	0.123432
EscCo.52962_1-90	0.134800	0.104401	0.007457	0.000000	0.007457	0.134800	0.134800	0.167468	0.143686	0.184408	0.000000	0.134800	0.167468
SalEn.3_3086_1-90_NEs	0.000000	0.162594	0.134462	0.134800	0.134462	0.000000	0.000000	0.204059	0.011175	0.182760	0.134800	0.000000	0.204059
KlePn.2_40501_1-90_NEs	0.204059	0.160183	0.177261	0.167468	0.177261	0.204059	0.204059	0.000000	0.199276	0.123432	0.167468	0.204059	0.000000