SalEn.3_1620_1-222_NEs	0.000000	0.000000	0.191627	0.175823	0.006018	0.157212	0.007603	0.000000	0.183656	0.173946	0.193503	0.190262	0.190262
SalEn.4_16851_1-222_NEs	0.000000	0.000000	0.191627	0.175823	0.006018	0.157212	0.007603	0.000000	0.183656	0.173946	0.193503	0.190262	0.190262
EscCo.1_01490_1-222_NEs	0.191627	0.191627	0.000000	0.227268	0.193567	0.186091	0.193346	0.191627	0.210459	0.222705	0.040160	0.036971	0.036971
KlePn.2_19241_1-222_NEs	0.175823	0.175823	0.227268	0.000000	0.179615	0.160698	0.181243	0.175823	0.181550	0.004540	0.234720	0.228873	0.228873
SalEn.51595_1-222_NEs	0.006018	0.006018	0.193567	0.179615	0.000000	0.155386	0.007603	0.006018	0.183651	0.177730	0.195446	0.192204	0.192204
CitRo.1_17041_1-222_NEs	0.157212	0.157212	0.186091	0.160698	0.155386	0.000000	0.153035	0.157212	0.153826	0.156952	0.200422	0.192442	0.192442
SalEn.11343_1-220_NEs	0.007603	0.007603	0.193346	0.181243	0.007603	0.153035	0.000000	0.007603	0.187051	0.179340	0.199126	0.197831	0.197831
SalEn.2_MW16851_1-222_NEs	0.000000	0.000000	0.191627	0.175823	0.006018	0.157212	0.007603	0.000000	0.183656	0.173946	0.193503	0.190262	0.190262
EntCo.1_08650_1-222_NEs	0.183656	0.183656	0.210459	0.181550	0.183651	0.153826	0.187051	0.183656	0.000000	0.177717	0.212394	0.215064	0.215064
KlePn.1_05362_1-222_Ess	0.173946	0.173946	0.222705	0.004540	0.177730	0.156952	0.179340	0.173946	0.177717	0.000000	0.230115	0.224306	0.224306
EscCo.3_02461_1-222_NEs	0.193503	0.193503	0.040160	0.234720	0.195446	0.200422	0.199126	0.193503	0.212394	0.230115	0.000000	0.035327	0.035327
EscCo.2_1408_1-222_NEs	0.190262	0.190262	0.036971	0.228873	0.192204	0.192442	0.197831	0.190262	0.215064	0.224306	0.035327	0.000000	0.000000
EscCo.41304_1-222	0.190262	0.190262	0.036971	0.228873	0.192204	0.192442	0.197831	0.190262	0.215064	0.224306	0.035327	0.000000	0.000000