EscCo.3_4189_1-198_NEs	0.000000	0.435877	0.286310	0.001687	0.013649	0.316859	0.283848	0.384725	0.286310	0.288206	0.432796	0.008467	0.286310
KlePn.1_00575_1-199_NEs	0.435877	0.000000	0.358723	0.439686	0.438518	0.346701	0.355847	0.338932	0.358723	0.364775	0.001684	0.425937	0.358723
SalEn.2_MW40471_1-198_NEs	0.286310	0.358723	0.000000	0.289124	0.288538	0.252235	0.001681	0.326453	0.000000	0.008439	0.361608	0.278652	0.000000
EscCo.53920_1-198	0.001687	0.439686	0.289124	0.000000	0.015384	0.319845	0.286652	0.381015	0.289124	0.291023	0.436590	0.010179	0.289124
EscCo.4_04580_1-198_NEs	0.013649	0.438518	0.288538	0.015384	0.000000	0.327817	0.286052	0.384785	0.288538	0.290448	0.435412	0.015387	0.288538
CitRo.1_38271_1-199_NEs	0.316859	0.346701	0.252235	0.319845	0.327817	0.000000	0.254610	0.321300	0.252235	0.259593	0.349544	0.316458	0.252235
SalEn.53536_1-198_NEs	0.283848	0.355847	0.001681	0.286652	0.286052	0.254610	0.000000	0.323601	0.001681	0.006745	0.358723	0.276211	0.001681
EntCo.1_00820_1-185_NEs	0.384725	0.338932	0.326453	0.381015	0.384785	0.321300	0.323601	0.000000	0.326453	0.332430	0.341924	0.378019	0.326453
SalEn.4_40471_1-198_NEs	0.286310	0.358723	0.000000	0.289124	0.288538	0.252235	0.001681	0.326453	0.000000	0.008439	0.361608	0.278652	0.000000
SalEn.13872_1-198_NEs	0.288206	0.364775	0.008439	0.291023	0.290448	0.259593	0.006745	0.332430	0.008439	0.000000	0.367680	0.280545	0.008439
KlePn.2_46461_1-199_NEs	0.432796	0.001684	0.361608	0.436590	0.435412	0.349544	0.358723	0.341924	0.361608	0.367680	0.000000	0.422888	0.361608
EscCo.1_04376_1-198_NEs	0.008467	0.425937	0.278652	0.010179	0.015387	0.316458	0.276211	0.378019	0.278652	0.280545	0.422888	0.000000	0.278652
SalEn.3_4031_1-198_NEs	0.286310	0.358723	0.000000	0.289124	0.288538	0.252235	0.001681	0.326453	0.000000	0.008439	0.361608	0.278652	0.000000