CitRo.1_07171_1-348_NEs	0.000000	0.261726	0.331519	0.264925	0.467743	0.320585	0.264925	0.267535	0.319641	0.331668	0.264925	0.466625	0.320636
SalEn.10679_1-320_NEs	0.261726	0.000000	0.334549	0.012582	0.577568	0.322792	0.012582	0.013662	0.329594	0.323555	0.012582	0.577807	0.332643
EscCo.3_0727_16-294_NEs	0.331519	0.334549	0.000000	0.333837	0.631295	0.002386	0.333837	0.349108	0.063679	0.030445	0.333837	0.626136	0.063868
SalEn.3_0711_1-320_NEs	0.264925	0.012582	0.333837	0.000000	0.587444	0.322072	0.000000	0.013648	0.327381	0.322838	0.000000	0.587662	0.331938
KlePn.2_19331_5-350_NEs	0.467743	0.577568	0.631295	0.587444	0.000000	0.558972	0.587444	0.595103	0.577685	0.565103	0.587444	0.006878	0.558836
EscCo.50715_1-348	0.320585	0.322792	0.002386	0.322072	0.558972	0.000000	0.322072	0.333746	0.057642	0.029186	0.322072	0.559662	0.053658
SalEn.2_MW07861_1-320_NEs	0.264925	0.012582	0.333837	0.000000	0.587444	0.322072	0.000000	0.013648	0.327381	0.322838	0.000000	0.587662	0.331938
SalEn.52147_1-348_NEs	0.267535	0.013662	0.349108	0.013648	0.595103	0.333746	0.013648	0.000000	0.344377	0.330728	0.013648	0.595289	0.340009
EscCo.4_03286_1-348_NEs	0.319641	0.329594	0.063679	0.327381	0.577685	0.057642	0.327381	0.344377	0.000000	0.056689	0.327381	0.578370	0.085329
EscCo.1_00713_1-348_NEs	0.331668	0.323555	0.030445	0.322838	0.565103	0.029186	0.322838	0.330728	0.056689	0.000000	0.322838	0.565789	0.064039
SalEn.4_07861_1-320_NEs	0.264925	0.012582	0.333837	0.000000	0.587444	0.322072	0.000000	0.013648	0.327381	0.322838	0.000000	0.587662	0.331938
KlePn.1_05353_5-351_NEs	0.466625	0.577807	0.626136	0.587662	0.006878	0.559662	0.587662	0.595289	0.578370	0.565789	0.587662	0.000000	0.562249
EscCo.2_48090_16-363_NEs	0.320636	0.332643	0.063868	0.331938	0.558836	0.053658	0.331938	0.340009	0.085329	0.064039	0.331938	0.562249	0.000000