EscCo.3_4490_1-548_Ess	0.000000	0.107065	0.067126	0.065812	0.078179	0.099269	0.108521	0.065812	0.009159	0.013475	0.013475	0.065765	0.065812	0.009825
KlePn.1_02009_1-548_Ess	0.107065	0.000000	0.107450	0.108466	0.096000	0.094040	0.004892	0.108466	0.104976	0.107605	0.109105	0.106093	0.108466	0.111161
SalEn.54382_1-548_Ess	0.067126	0.107450	0.000000	0.012911	0.079347	0.097849	0.109604	0.012911	0.061848	0.067691	0.065091	0.010421	0.012911	0.070121
SalEn.3_4267_1-548_Ess	0.065812	0.108466	0.012911	0.000000	0.080923	0.100043	0.110628	0.000000	0.060540	0.066377	0.064438	0.009807	0.000000	0.069462
CitRo.1_32061_1-548_Ess	0.078179	0.096000	0.079347	0.080923	0.000000	0.102279	0.099509	0.080923	0.074830	0.079414	0.080216	0.078093	0.080923	0.084076
EntCo.1_42400_1-548_Ess	0.099269	0.094040	0.097849	0.100043	0.102279	0.000000	0.093998	0.100043	0.095819	0.097812	0.098498	0.097892	0.100043	0.105361
KlePn.2_01451_1-548_Ess	0.108521	0.004892	0.109604	0.110628	0.099509	0.093998	0.000000	0.110628	0.106428	0.107648	0.110564	0.106835	0.110628	0.112631
SalEn.4_42791_1-548_Ess	0.065812	0.108466	0.012911	0.000000	0.080923	0.100043	0.110628	0.000000	0.060540	0.066377	0.064438	0.009807	0.000000	0.069462
EscCo.2_38040_1-548_Ess	0.009159	0.104976	0.061848	0.060540	0.074830	0.095819	0.106428	0.060540	0.000000	0.014713	0.012860	0.059181	0.060540	0.014158
EscCo.54143_1-548	0.013475	0.107605	0.067691	0.066377	0.079414	0.097812	0.107648	0.066377	0.014713	0.000000	0.015343	0.066989	0.066377	0.017279
EscCo.4_04312_1-548_Ess	0.013475	0.109105	0.065091	0.064438	0.080216	0.098498	0.110564	0.064438	0.012860	0.015343	0.000000	0.064392	0.064438	0.014778
SalEn.14100_1-548_Ess	0.065765	0.106093	0.010421	0.009807	0.078093	0.097892	0.106835	0.009807	0.059181	0.066989	0.064392	0.000000	0.009807	0.069412
SalEn.2_MW42791_1-548_Ess	0.065812	0.108466	0.012911	0.000000	0.080923	0.100043	0.110628	0.000000	0.060540	0.066377	0.064438	0.009807	0.000000	0.069462
EscCo.1_04621_1-546_Ess	0.009825	0.111161	0.070121	0.069462	0.084076	0.105361	0.112631	0.069462	0.014158	0.017279	0.014778	0.069412	0.069462	0.000000