KlePn.1_05212_1-349_NEs	0.000000	1.222092	1.204903	1.185857	0.009697	1.204903	0.336387	0.337376	1.216440	1.204903	0.337376	1.183765
SalEn.51997_2-323_NEs	1.222092	0.000000	0.014627	0.241590	1.199498	0.014627	1.407244	1.381714	0.014600	0.014627	1.381714	0.224898
SalEn.4_09491_2-323_NEs	1.204903	0.014627	0.000000	0.233616	1.182731	0.000000	1.429010	1.402826	0.016725	0.000000	1.402826	0.227595
EntCo.1_18140_1-311_NEs	1.185857	0.241590	0.233616	0.000000	1.168599	0.233616	1.414854	1.408451	0.242768	0.233616	1.408451	0.252954
KlePn.2_20281_1-349_NEs	0.009697	1.199498	1.182731	1.168599	0.000000	1.182731	0.337286	0.338273	1.194039	1.182731	0.338273	1.158073
SalEn.2_MW09491_2-323_NEs	1.204903	0.014627	0.000000	0.233616	1.182731	0.000000	1.429010	1.402826	0.016725	0.000000	1.402826	0.227595
EscCo.1_01551_1-349_NEs	0.336387	1.407244	1.429010	1.414854	0.337286	1.429010	0.000000	0.020239	1.422125	1.429010	0.020239	1.374792
EscCo.51392_1-349	0.337376	1.381714	1.402826	1.408451	0.338273	1.402826	0.020239	0.000000	1.396215	1.402826	0.000000	1.360606
SalEn.10844_2-323_NEs	1.216440	0.014600	0.016725	0.242768	1.194039	0.016725	1.422125	1.396215	0.000000	0.016725	1.396215	0.221894
SalEn.3_0875_2-323_NEs	1.204903	0.014627	0.000000	0.233616	1.182731	0.000000	1.429010	1.402826	0.016725	0.000000	1.402826	0.227595
EscCo.3_1467_1-349_NEs	0.337376	1.381714	1.402826	1.408451	0.338273	1.402826	0.020239	0.000000	1.396215	1.402826	0.000000	1.360606
EscCo.2_50310_1-322_NEs	1.183765	0.224898	0.227595	0.252954	1.158073	0.227595	1.374792	1.360606	0.221894	0.227595	1.360606	0.000000