SalEn.12353_1-333_NEs	0.000000	0.518489	0.014147	0.519028	0.315740	0.013124	0.013124	0.516638	0.620461	0.519994	0.013124	0.628510	0.370742
EscCo.3_2457_1-331_NEs	0.518489	0.000000	0.523088	0.017205	0.534185	0.518709	0.518709	0.000998	0.782748	0.016135	0.518709	0.789671	0.618340
SalEn.50493_1-333_NEs	0.014147	0.523088	0.000000	0.524848	0.316455	0.005016	0.005016	0.521234	0.622698	0.524607	0.005016	0.630734	0.367124
EscCo.4_01390_1-331_NEs	0.519028	0.017205	0.524848	0.000000	0.530084	0.520448	0.520448	0.016186	0.769671	0.016175	0.520448	0.776509	0.615071
CitRo.1_27331_1-335_NEs	0.315740	0.534185	0.316455	0.530084	0.000000	0.313173	0.313173	0.532303	0.525259	0.530539	0.313173	0.526189	0.382309
SalEn.4_23931_1-333_NEs	0.013124	0.518709	0.005016	0.520448	0.313173	0.000000	0.000000	0.516864	0.619048	0.520210	0.000000	0.627067	0.372397
SalEn.2_MW23931_1-333_NEs	0.013124	0.518709	0.005016	0.520448	0.313173	0.000000	0.000000	0.516864	0.619048	0.520210	0.000000	0.627067	0.372397
EscCo.52321_1-331	0.516638	0.000998	0.521234	0.016186	0.532303	0.516864	0.516864	0.000000	0.782748	0.015120	0.516864	0.789671	0.616283
KlePn.2_33211_1-325_NEs	0.620461	0.782748	0.622698	0.769671	0.525259	0.619048	0.619048	0.782748	0.000000	0.772348	0.619048	0.007310	0.571368
EscCo.1_02623_1-331_NEs	0.519994	0.016135	0.524607	0.016175	0.530539	0.520210	0.520210	0.015120	0.772348	0.000000	0.520210	0.779179	0.605884
SalEn.3_2340_1-333_NEs	0.013124	0.518709	0.005016	0.520448	0.313173	0.000000	0.000000	0.516864	0.619048	0.520210	0.000000	0.627067	0.372397
KlePn.1_03868_1-325_NEs	0.628510	0.789671	0.630734	0.776509	0.526189	0.627067	0.627067	0.789671	0.007310	0.779179	0.627067	0.000000	0.567684
EntCo.1_38860_1-334_NEs	0.370742	0.618340	0.367124	0.615071	0.382309	0.372397	0.372397	0.616283	0.571368	0.605884	0.372397	0.567684	0.000000