EscCo.50930_1-466	0.000000	0.168014	0.018785	0.158942	0.158942	0.143283	0.000000	0.010772	0.168014	0.173421	0.010775	0.175506	0.168014	0.170673
SalEn.4_10111_1-466_Ess	0.168014	0.000000	0.162561	0.160394	0.160394	0.153797	0.168014	0.164221	0.000000	0.010084	0.163538	0.185426	0.000000	0.006467
EscCo.2_51050_1-466_Ess	0.018785	0.162561	0.000000	0.160548	0.160548	0.146034	0.018785	0.018062	0.162561	0.167930	0.013699	0.179354	0.162561	0.166965
KlePn.2_15731_1-466_Ess	0.158942	0.160394	0.160548	0.000000	0.000000	0.147357	0.158942	0.157986	0.160394	0.164884	0.158890	0.160620	0.160394	0.160385
KlePn.1_03446_1-466_Ess	0.158942	0.160394	0.160548	0.000000	0.000000	0.147357	0.158942	0.157986	0.160394	0.164884	0.158890	0.160620	0.160394	0.160385
CitRo.1_09991_1-466_Ess	0.143283	0.153797	0.146034	0.147357	0.147357	0.000000	0.143283	0.144203	0.153797	0.160187	0.141519	0.171306	0.153797	0.158340
EscCo.3_0998_1-466_Ess	0.000000	0.168014	0.018785	0.158942	0.158942	0.143283	0.000000	0.010772	0.168014	0.173421	0.010775	0.175506	0.168014	0.170673
EscCo.4_02959_1-466_Ess	0.010772	0.164221	0.018062	0.157986	0.157986	0.144203	0.010772	0.000000	0.164221	0.169597	0.011502	0.178297	0.164221	0.168630
SalEn.3_0937_1-466_Ess	0.168014	0.000000	0.162561	0.160394	0.160394	0.153797	0.168014	0.164221	0.000000	0.010084	0.163538	0.185426	0.000000	0.006467
SalEn.10904_1-466_Ess	0.173421	0.010084	0.167930	0.164884	0.164884	0.160187	0.173421	0.169597	0.010084	0.000000	0.168916	0.190839	0.010084	0.009353
EscCo.1_00993_1-466_Ess	0.010775	0.163538	0.013699	0.158890	0.158890	0.141519	0.010775	0.011502	0.163538	0.168916	0.000000	0.180847	0.163538	0.167949
EntCo.1_17510_1-466_Ess	0.175506	0.185426	0.179354	0.160620	0.160620	0.171306	0.175506	0.178297	0.185426	0.190839	0.180847	0.000000	0.185426	0.187947
SalEn.2_MW10111_1-466_Ess	0.168014	0.000000	0.162561	0.160394	0.160394	0.153797	0.168014	0.164221	0.000000	0.010084	0.163538	0.185426	0.000000	0.006467
SalEn.51934_1-466_Ess	0.170673	0.006467	0.166965	0.160385	0.160385	0.158340	0.170673	0.168630	0.006467	0.009353	0.167949	0.187947	0.006467	0.000000