SalEn.4_22871_1-164_NEs	0.000000	0.268281	0.272201	0.364168	0.000000	0.235897	0.006127	0.366472	0.342538	0.010238	0.268281	0.275187	0.000000
EscCo.52209_1-162	0.268281	0.000000	0.010321	0.299421	0.268281	0.206877	0.265263	0.295083	0.326375	0.277106	0.000000	0.027151	0.268281
EscCo.1_02459_1-162_NEs	0.272201	0.010321	0.000000	0.293312	0.272201	0.200901	0.269159	0.288967	0.312654	0.281089	0.010321	0.016575	0.272201
KlePn.2_32331_3-163_NEs	0.364168	0.299421	0.293312	0.000000	0.364168	0.316246	0.363958	0.006302	0.306614	0.381552	0.299421	0.289218	0.364168
SalEn.2_MW22871_1-164_NEs	0.000000	0.268281	0.272201	0.364168	0.000000	0.235897	0.006127	0.366472	0.342538	0.010238	0.268281	0.275187	0.000000
CitRo.1_23401_1-165_NEs	0.235897	0.206877	0.200901	0.316246	0.235897	0.000000	0.233020	0.315085	0.331040	0.244342	0.206877	0.195616	0.235897
SalEn.12245_1-164_NEs	0.006127	0.265263	0.269159	0.363958	0.006127	0.233020	0.000000	0.366260	0.352123	0.012294	0.265263	0.272135	0.006127
KlePn.1_03952_4-163_NEs	0.366472	0.295083	0.288967	0.006302	0.366472	0.315085	0.366260	0.000000	0.306012	0.383983	0.295083	0.284883	0.366472
EntCo.1_39770_7-169_NEs	0.342538	0.326375	0.312654	0.306614	0.342538	0.331040	0.352123	0.306012	0.000000	0.352372	0.326375	0.310732	0.342538
SalEn.50602_1-164_NEs	0.010238	0.277106	0.281089	0.381552	0.010238	0.244342	0.012294	0.383983	0.352372	0.000000	0.277106	0.284102	0.010238
EscCo.3_2343_1-162_NEs	0.268281	0.000000	0.010321	0.299421	0.268281	0.206877	0.265263	0.295083	0.326375	0.277106	0.000000	0.027151	0.268281
EscCo.4_01499_1-162_NEs	0.275187	0.027151	0.016575	0.289218	0.275187	0.195616	0.272135	0.284883	0.310732	0.284102	0.027151	0.000000	0.275187
SalEn.3_2232_1-164_NEs	0.000000	0.268281	0.272201	0.364168	0.000000	0.235897	0.006127	0.366472	0.342538	0.010238	0.268281	0.275187	0.000000