SalEn.3_0844_1-403_NEs	0.000000	0.009966	0.285629	0.008279	0.294320	0.347320	0.338505	0.000825	0.261926	0.293245	0.285629	0.000825	0.352471
SalEn.10814_1-403_NEs	0.009966	0.000000	0.285918	0.009962	0.294642	0.347602	0.334005	0.009132	0.263658	0.293565	0.285918	0.009132	0.352759
EscCo.2_0912_1-402_NEs	0.285629	0.285918	0.000000	0.284341	0.012507	0.355564	0.333224	0.284421	0.293797	0.022527	0.000000	0.284421	0.359466
SalEn.52028_1-403_NEs	0.008279	0.009962	0.284341	0.000000	0.292924	0.349743	0.337060	0.007448	0.263000	0.291856	0.284341	0.007448	0.354909
EscCo.1_00905_1-376_NEs	0.294320	0.294642	0.012507	0.292924	0.000000	0.349119	0.337841	0.293013	0.294860	0.020607	0.012507	0.293013	0.353283
KlePn.1_03314_1-401_NEs	0.347320	0.347602	0.355564	0.349743	0.349119	0.000000	0.324803	0.345988	0.265979	0.350497	0.355564	0.345988	0.006784
EntCo.1_18670_1-391_NEs	0.338505	0.334005	0.333224	0.337060	0.337841	0.324803	0.000000	0.337163	0.282731	0.342116	0.333224	0.337163	0.329818
SalEn.4_09191_1-403_NEs	0.000825	0.009132	0.284421	0.007448	0.293013	0.345988	0.337163	0.000000	0.260740	0.291944	0.284421	0.000000	0.351128
CitRo.1_08511_1-402_NEs	0.261926	0.263658	0.293797	0.263000	0.294860	0.265979	0.282731	0.260740	0.000000	0.296617	0.293797	0.260740	0.274780
EscCo.3_03150_1-376_NEs	0.293245	0.293565	0.022527	0.291856	0.020607	0.350497	0.342116	0.291944	0.296617	0.000000	0.022527	0.291944	0.354670
EscCo.40845_1-402_BeL	0.285629	0.285918	0.000000	0.284341	0.012507	0.355564	0.333224	0.284421	0.293797	0.022527	0.000000	0.284421	0.359466
SalEn.2_MW09191_1-403_NEs	0.000825	0.009132	0.284421	0.007448	0.293013	0.345988	0.337163	0.000000	0.260740	0.291944	0.284421	0.000000	0.351128
KlePn.2_14431_1-400_NEs	0.352471	0.352759	0.359466	0.354909	0.353283	0.006784	0.329818	0.351128	0.274780	0.354670	0.359466	0.351128	0.000000