SalEn.12700_15-336_NEs	0.000000	0.220498	0.320064	0.321126	0.227486	0.180755	0.004135	0.008286	0.309222	0.232875	0.227509	0.004135	0.004135
EscCo.1_03050_15-336_NEs	0.220498	0.000000	0.295358	0.287340	0.040036	0.194018	0.216613	0.216526	0.293893	0.032558	0.028259	0.216613	0.216613
KlePn.2_37001_15-336_NEs	0.320064	0.295358	0.000000	0.006356	0.290507	0.268272	0.314022	0.318743	0.308291	0.304259	0.301303	0.314022	0.314022
KlePn.1_01593_15-336_NEs	0.321126	0.287340	0.006356	0.000000	0.282541	0.264856	0.315088	0.313442	0.308907	0.296169	0.293237	0.315088	0.315088
EscCo.3_01046_15-336_NEs	0.227486	0.040036	0.290507	0.282541	0.000000	0.204638	0.223575	0.222183	0.307193	0.041092	0.038954	0.223575	0.223575
CitRo.1_30811_1-322_NEs	0.180755	0.194018	0.268272	0.264856	0.204638	0.000000	0.175664	0.180842	0.278253	0.202504	0.203903	0.175664	0.175664
SalEn.2_MW28201_1-322_NEs	0.004135	0.216613	0.314022	0.315088	0.223575	0.175664	0.000000	0.006212	0.306252	0.228947	0.223598	0.000000	0.000000
SalEn.52760_1-322_NEs	0.008286	0.216526	0.318743	0.313442	0.222183	0.180842	0.006212	0.000000	0.304627	0.227548	0.222206	0.006212	0.006212
EntCo.1_29830_15-336_NEs	0.309222	0.293893	0.308291	0.308907	0.307193	0.278253	0.306252	0.304627	0.000000	0.308700	0.302610	0.306252	0.306252
EscCo.2_2921_1-322_NEs	0.232875	0.032558	0.304259	0.296169	0.041092	0.202504	0.228947	0.227548	0.308700	0.000000	0.008244	0.228947	0.228947
EscCo.42730_15-336_BeL	0.227509	0.028259	0.301303	0.293237	0.038954	0.203903	0.223598	0.222206	0.302610	0.008244	0.000000	0.223598	0.223598
SalEn.3_2838_15-336_NEs	0.004135	0.216613	0.314022	0.315088	0.223575	0.175664	0.000000	0.006212	0.306252	0.228947	0.223598	0.000000	0.000000
SalEn.4_28201_1-322_NEs	0.004135	0.216613	0.314022	0.315088	0.223575	0.175664	0.000000	0.006212	0.306252	0.228947	0.223598	0.000000	0.000000