SalEn.3_3147_1-245_Ess	0.000000	0.006831	0.278362	0.196768	0.221176	0.232497	0.278685	0.217851	0.221176	0.219648	0.000000	0.000000	0.006836
SalEn.53094_1-245_Ess	0.006831	0.000000	0.286335	0.198518	0.219388	0.232492	0.286669	0.214298	0.219388	0.217861	0.006831	0.006831	0.008210
KlePn.1_01172_1-245_Ess	0.278362	0.286335	0.000000	0.278427	0.300581	0.304352	0.004095	0.298220	0.300581	0.305063	0.278362	0.278362	0.276070
CitRo.1_35641_1-245_Ess	0.196768	0.198518	0.278427	0.000000	0.241355	0.240478	0.276790	0.234292	0.241355	0.239807	0.196768	0.196768	0.202229
EscCo.2_3289_1-245_Ess	0.221176	0.219388	0.300581	0.241355	0.000000	0.245125	0.300944	0.009574	0.000000	0.034716	0.221176	0.221176	0.223194
EntCo.1_32530_1-245_Ess	0.232497	0.232492	0.304352	0.240478	0.245125	0.000000	0.301962	0.245400	0.245125	0.255332	0.232497	0.232497	0.230900
KlePn.2_40881_1-245_Ess	0.278685	0.286669	0.004095	0.276790	0.300944	0.301962	0.000000	0.298578	0.300944	0.305432	0.278685	0.278685	0.276389
EscCo.1_03439_1-245_Ess	0.217851	0.214298	0.298220	0.234292	0.009574	0.245400	0.298578	0.000000	0.009574	0.033335	0.217851	0.217851	0.219860
EscCo.43018_1-245	0.221176	0.219388	0.300581	0.241355	0.000000	0.245125	0.300944	0.009574	0.000000	0.034716	0.221176	0.221176	0.223194
EscCo.3_00683_1-245_Ess	0.219648	0.217861	0.305063	0.239807	0.034716	0.255332	0.305432	0.033335	0.034716	0.000000	0.219648	0.219648	0.218084
SalEn.4_31331_1-245_Ess	0.000000	0.006831	0.278362	0.196768	0.221176	0.232497	0.278685	0.217851	0.221176	0.219648	0.000000	0.000000	0.006836
SalEn.2_MW31331_1-245_Ess	0.000000	0.006831	0.278362	0.196768	0.221176	0.232497	0.278685	0.217851	0.221176	0.219648	0.000000	0.000000	0.006836
SalEn.13016_1-245_Ess	0.006836	0.008210	0.276070	0.202229	0.223194	0.230900	0.276389	0.219860	0.223194	0.218084	0.006836	0.006836	0.000000