EscCo.3_2715_1-470_NEs	0.000000	0.382855	0.301627	1.353373	0.383402	0.299061	0.299657	0.017168	0.300692	0.001416	0.000708	1.358325	0.299657	0.282769
KlePn.2_35411_28-532_NEs	0.382855	0.000000	0.370722	1.350421	0.010690	0.353807	0.367007	0.369982	0.365920	0.375915	0.374853	1.326604	0.367007	0.337912
SalEn.12547_1-514_NEs	0.301627	0.370722	0.000000	1.539789	0.369571	0.259315	0.009788	0.289008	0.010444	0.292808	0.291886	1.541164	0.009788	0.010581
KlePn.2_00541_51-521_NEs	1.353373	1.350421	1.539789	0.000000	1.379604	1.439272	1.521319	1.386903	1.521319	1.408980	1.413434	0.002845	1.521319	1.490155
KlePn.1_00030_28-533_NEs	0.383402	0.010690	0.369571	1.379604	0.000000	0.354833	0.368928	0.370469	0.367835	0.376400	0.375336	1.354870	0.368928	0.336755
CitRo.1_25011_1-515_NEs	0.299061	0.353807	0.259315	1.439272	0.354833	0.000000	0.255831	0.280146	0.254927	0.284847	0.283936	1.436266	0.255831	0.240553
SalEn.3_2529_1-514_NEs	0.299657	0.367007	0.009788	1.521319	0.368928	0.255831	0.000000	0.287253	0.000648	0.290103	0.289183	1.522715	0.000000	0.010589
EscCo.4_01181_1-516_NEs	0.017168	0.369982	0.289008	1.386903	0.370469	0.280146	0.287253	0.000000	0.288181	0.014307	0.014964	1.391800	0.287253	0.269258
SalEn.2_MW25831_1-514_NEs	0.300692	0.365920	0.010444	1.521319	0.367835	0.254927	0.000648	0.288181	0.000000	0.291033	0.290112	1.522715	0.000648	0.011299
EscCo.1_02847_1-516_NEs	0.001416	0.375915	0.292808	1.408980	0.376400	0.284847	0.290103	0.014307	0.291033	0.000000	0.000645	1.413988	0.290103	0.274293
EscCo.52558_1-516	0.000708	0.374853	0.291886	1.413434	0.375336	0.283936	0.289183	0.014964	0.290112	0.000645	0.000000	1.418454	0.289183	0.273315
KlePn.1_01919_51-522_NEs	1.358325	1.326604	1.541164	0.002845	1.354870	1.436266	1.522715	1.391800	1.522715	1.413988	1.418454	0.000000	1.522715	1.495296
SalEn.4_25831_1-514_NEs	0.299657	0.367007	0.009788	1.521319	0.368928	0.255831	0.000000	0.287253	0.000648	0.290103	0.289183	1.522715	0.000000	0.010589
SalEn.50290_1-475_NEs	0.282769	0.337912	0.010581	1.490155	0.336755	0.240553	0.010589	0.269258	0.011299	0.274293	0.273315	1.495296	0.010589	0.000000