CitRo.1_02371_1-554_NEs	0.000000	1.324098	1.313580	1.246710	1.250711	1.349301	0.244146	1.324098	1.355120	1.324618	1.327354	1.338713	1.342031	1.318677
SalEn.4_19491_1-560_NEs	1.324098	0.000000	0.218934	0.609653	0.278855	0.265374	1.269674	0.000000	0.254437	0.008383	0.000000	0.261248	0.262247	0.011390
CitRo.1_20181_1-560_NEs	1.313580	0.218934	0.000000	0.613466	0.257830	0.270042	1.255558	0.218934	0.266125	0.214532	0.218934	0.266963	0.267971	0.217865
EntCo.1_28730_1-510_NEs	1.246710	0.609653	0.613466	0.000000	0.625637	0.601862	1.239601	0.609653	0.592999	0.614374	0.609653	0.595074	0.595509	0.614869
EntCo.1_42260_1-543_NEs	1.250711	0.278855	0.257830	0.625637	0.000000	0.338896	1.203736	0.278855	0.329694	0.279252	0.278855	0.332568	0.333729	0.278546
EscCo.4_01886_1-553_NEs	1.349301	0.265374	0.270042	0.601862	0.338896	0.000000	1.287966	0.265374	0.023830	0.272932	0.264712	0.020096	0.021292	0.271972
EscCo.4_03742_1-548_NEs	0.244146	1.269674	1.255558	1.239601	1.203736	1.287966	0.000000	1.269674	1.290780	1.265718	1.272795	1.284076	1.284852	1.275546
SalEn.3_1898_1-560_NEs	1.324098	0.000000	0.218934	0.609653	0.278855	0.265374	1.269674	0.000000	0.254437	0.008383	0.000000	0.261248	0.262247	0.011390
EscCo.51938_1-552	1.355120	0.254437	0.266125	0.592999	0.329694	0.023830	1.290780	0.254437	0.000000	0.263607	0.254437	0.012120	0.013345	0.260956
SalEn.11040_1-560_NEs	1.324618	0.008383	0.214532	0.614374	0.279252	0.272932	1.265718	0.008383	0.263607	0.000000	0.008383	0.270478	0.271491	0.009577
SalEn.2_MW19491_1-561_NEs	1.327354	0.000000	0.218934	0.609653	0.278855	0.264712	1.272795	0.000000	0.254437	0.008383	0.000000	0.261248	0.261595	0.011390
EscCo.3_2041_1-552_NEs	1.338713	0.261248	0.266963	0.595074	0.332568	0.020096	1.284076	0.261248	0.012120	0.270478	0.261248	0.000000	0.001204	0.267806
EscCo.1_02173_1-553_NEs	1.342031	0.262247	0.267971	0.595509	0.333729	0.021292	1.284852	0.262247	0.013345	0.271491	0.261595	0.001204	0.000000	0.268814
SalEn.50908_1-560_NEs	1.318677	0.011390	0.217865	0.614869	0.278546	0.271972	1.275546	0.011390	0.260956	0.009577	0.011390	0.267806	0.268814	0.000000