EscCo.54536_1-79	0.000000	0.476806	0.012740	0.012740	0.574722	0.447321	0.503861	0.577658	0.439759	0.447321	0.439759	0.025662	0.447321
CitRo.1_18661_1-79_NEs	0.476806	0.000000	0.468770	0.468770	0.459484	0.420096	0.442618	0.461515	0.427718	0.427718	0.427718	0.461550	0.427718
EscCo.1_02012_1-79_NEs	0.012740	0.468770	0.000000	0.000000	0.566218	0.454588	0.487752	0.569092	0.446977	0.454588	0.446977	0.038757	0.454588
EscCo.3_1859_1-79_NEs	0.012740	0.468770	0.000000	0.000000	0.566218	0.454588	0.487752	0.569092	0.446977	0.454588	0.446977	0.038757	0.454588
KlePn.2_29271_1-79_NEs	0.574722	0.459484	0.566218	0.566218	0.000000	0.497264	0.436170	0.004244	0.497313	0.505616	0.497313	0.583869	0.505616
SalEn.51037_1-79_BeL	0.447321	0.420096	0.454588	0.454588	0.497264	0.000000	0.474770	0.486803	0.008470	0.004226	0.008470	0.432531	0.004226
EntCo.1_06690_10-88_NEs	0.503861	0.442618	0.487752	0.487752	0.436170	0.474770	0.000000	0.445355	0.482711	0.482711	0.482711	0.479987	0.482711
KlePn.1_04322_1-79_NEs	0.577658	0.461515	0.569092	0.569092	0.004244	0.486803	0.445355	0.000000	0.486850	0.495032	0.486850	0.586877	0.495032
SalEn.4_18301_1-79_BeL	0.439759	0.427718	0.446977	0.446977	0.497313	0.008470	0.482711	0.486850	0.000000	0.004226	0.000000	0.425075	0.004226
SalEn.3_1770_1-79_NEs	0.447321	0.427718	0.454588	0.454588	0.505616	0.004226	0.482711	0.495032	0.004226	0.000000	0.004226	0.432531	0.000000
SalEn.2_MW18301_1-79_NEs	0.439759	0.427718	0.446977	0.446977	0.497313	0.008470	0.482711	0.486850	0.000000	0.004226	0.000000	0.425075	0.004226
EscCo.4_02061_1-79_NEs	0.025662	0.461550	0.038757	0.038757	0.583869	0.432531	0.479987	0.586877	0.425075	0.432531	0.425075	0.000000	0.432531
SalEn.11196_1-79_BeL	0.447321	0.427718	0.454588	0.454588	0.505616	0.004226	0.482711	0.495032	0.004226	0.000000	0.004226	0.432531	0.000000