EscCo.3_3679_1-431_NEs	0.000000	0.006982	0.222664	0.205224	0.206221	0.223662	0.000000	0.003094	0.225559	0.223662	0.223662	0.225669	0.214880
EscCo.4_00269_1-431_NEs	0.006982	0.000000	0.224740	0.206478	0.207478	0.225740	0.006982	0.008535	0.225587	0.225740	0.225740	0.227751	0.218993
SalEn.13360_1-431_NEs	0.222664	0.224740	0.000000	0.217594	0.216559	0.003097	0.222664	0.221786	0.213014	0.003097	0.003097	0.007760	0.198562
KlePn.2_44341_1-431_NEs	0.205224	0.206478	0.217594	0.000000	0.000777	0.221695	0.205224	0.208352	0.190395	0.221695	0.221695	0.223717	0.207192
KlePn.1_00789_1-431_NEs	0.206221	0.207478	0.216559	0.000777	0.000000	0.220655	0.206221	0.209353	0.189375	0.220655	0.220655	0.222676	0.206169
SalEn.3_3503_1-431_BeL	0.223662	0.225740	0.003097	0.221695	0.220655	0.000000	0.223662	0.222784	0.214032	0.000000	0.000000	0.004648	0.200548
EscCo.53430_1-431	0.000000	0.006982	0.222664	0.205224	0.206221	0.223662	0.000000	0.003094	0.225559	0.223662	0.223662	0.225669	0.214880
EscCo.1_03853_1-431_NEs	0.003094	0.008535	0.221786	0.208352	0.209353	0.222784	0.003094	0.000000	0.227817	0.222784	0.222784	0.224790	0.215003
EntCo.1_26240_1-421_NEs	0.225559	0.225587	0.213014	0.190395	0.189375	0.214032	0.225559	0.227817	0.000000	0.214032	0.214032	0.216079	0.191104
SalEn.4_35251_1-431_BeL	0.223662	0.225740	0.003097	0.221695	0.220655	0.000000	0.223662	0.222784	0.214032	0.000000	0.000000	0.004648	0.200548
SalEn.2_MW35251_1-431_NEs	0.223662	0.225740	0.003097	0.221695	0.220655	0.000000	0.223662	0.222784	0.214032	0.000000	0.000000	0.004648	0.200548
SalEn.53984_1-431_NEs	0.225669	0.227751	0.007760	0.223717	0.222676	0.004648	0.225669	0.224790	0.216079	0.004648	0.004648	0.000000	0.204523
CitRo.1_43951_1-431_NEs	0.214880	0.218993	0.198562	0.207192	0.206169	0.200548	0.214880	0.215003	0.191104	0.200548	0.200548	0.204523	0.000000