EscCo.3_1283_12-108_NEs	0.000000	0.006928	0.248257	0.238864	0.000000	0.248257	0.260259	0.248257	0.000000	0.330726	0.000000	0.243621	0.322257	0.299553
EscCo.4_02701_1-97_NEs	0.006928	0.000000	0.258596	0.249077	0.007148	0.258596	0.261120	0.258596	0.006928	0.331959	0.006928	0.253901	0.323456	0.305901
SalEn.4_18051_14-110_NEs	0.248257	0.258596	0.000000	0.010406	0.257813	0.000000	0.269694	0.000000	0.248257	0.348143	0.248257	0.003442	0.334103	0.272400
SalEn.51064_14-110_NEs	0.238864	0.249077	0.010406	0.000000	0.248012	0.010406	0.274483	0.010406	0.238864	0.329332	0.238864	0.013904	0.321820	0.278298
EscCo.2_1270_1-94_NEs	0.000000	0.007148	0.257813	0.248012	0.000000	0.257813	0.270257	0.257813	0.000000	0.344782	0.000000	0.252977	0.335965	0.312269
SalEn.3_1741_14-110_NEs	0.248257	0.258596	0.000000	0.010406	0.257813	0.000000	0.269694	0.000000	0.248257	0.348143	0.248257	0.003442	0.334103	0.272400
CitRo.1_18371_1-97_NEs	0.260259	0.261120	0.269694	0.274483	0.270257	0.269694	0.000000	0.269694	0.260259	0.304920	0.260259	0.274650	0.296503	0.255115
SalEn.2_MW18051_14-110_NEs	0.248257	0.258596	0.000000	0.010406	0.257813	0.000000	0.269694	0.000000	0.248257	0.348143	0.248257	0.003442	0.334103	0.272400
EscCo.1_01354_1-97_NEs	0.000000	0.006928	0.248257	0.238864	0.000000	0.248257	0.260259	0.248257	0.000000	0.330726	0.000000	0.243621	0.322257	0.299553
KlePn.1_04349_1-94_NEs	0.330726	0.331959	0.348143	0.329332	0.344782	0.348143	0.304920	0.348143	0.330726	0.000000	0.330726	0.353858	0.000000	0.303360
EscCo.51179_1-97	0.000000	0.006928	0.248257	0.238864	0.000000	0.248257	0.260259	0.248257	0.000000	0.330726	0.000000	0.243621	0.322257	0.299553
SalEn.11224_14-110_NEs	0.243621	0.253901	0.003442	0.013904	0.252977	0.003442	0.274650	0.003442	0.243621	0.353858	0.243621	0.000000	0.339770	0.267344
KlePn.2_29001_1-93_NEs	0.322257	0.323456	0.334103	0.321820	0.335965	0.334103	0.296503	0.334103	0.322257	0.000000	0.322257	0.339770	0.000000	0.303360
EntCo.1_06970_1-91_NEs	0.299553	0.305901	0.272400	0.278298	0.312269	0.272400	0.255115	0.272400	0.299553	0.303360	0.299553	0.267344	0.303360	0.000000