EscCo.4_02938_1-169_NEs	0.000000	0.305760	0.390173	0.011947	0.434792	0.309164	0.011947	0.011947	0.011947	0.309164	0.281660	0.434792	0.309164	0.305760
SalEn.51849_1-169_NEs	0.305760	0.000000	0.388865	0.305246	0.435026	0.001977	0.305246	0.305246	0.305246	0.001977	0.308732	0.435026	0.001977	0.001975
EntCo.1_16700_31-201_NEs	0.390173	0.388865	0.000000	0.386227	0.471031	0.392792	0.386227	0.386227	0.386227	0.392792	0.385294	0.471031	0.392792	0.392062
EscCo.2_51340_1-169_NEs	0.011947	0.305246	0.386227	0.000000	0.435562	0.308642	0.000000	0.000000	0.000000	0.308642	0.278342	0.435562	0.308642	0.305246
KlePn.1_03471_1-169_NEs	0.434792	0.435026	0.471031	0.435562	0.000000	0.439269	0.435562	0.435562	0.435562	0.439269	0.402116	0.000000	0.439269	0.438408
SalEn.2_MW10841_1-169_NEs	0.309164	0.001977	0.392792	0.308642	0.439269	0.000000	0.308642	0.308642	0.308642	0.000000	0.312182	0.439269	0.000000	0.003959
EscCo.50958_1-169	0.011947	0.305246	0.386227	0.000000	0.435562	0.308642	0.000000	0.000000	0.000000	0.308642	0.278342	0.435562	0.308642	0.305246
EscCo.1_01021_1-169_BeL	0.011947	0.305246	0.386227	0.000000	0.435562	0.308642	0.000000	0.000000	0.000000	0.308642	0.278342	0.435562	0.308642	0.305246
EscCo.3_1028_1-169_NEs	0.011947	0.305246	0.386227	0.000000	0.435562	0.308642	0.000000	0.000000	0.000000	0.308642	0.278342	0.435562	0.308642	0.305246
SalEn.3_1011_1-169_NEs	0.309164	0.001977	0.392792	0.308642	0.439269	0.000000	0.308642	0.308642	0.308642	0.000000	0.312182	0.439269	0.000000	0.003959
CitRo.1_10201_1-171_NEs	0.281660	0.308732	0.385294	0.278342	0.402116	0.312182	0.278342	0.278342	0.278342	0.312182	0.000000	0.402116	0.312182	0.308732
KlePn.2_15991_1-169_NEs	0.434792	0.435026	0.471031	0.435562	0.000000	0.439269	0.435562	0.435562	0.435562	0.439269	0.402116	0.000000	0.439269	0.438408
SalEn.4_10841_1-169_NEs	0.309164	0.001977	0.392792	0.308642	0.439269	0.000000	0.308642	0.308642	0.308642	0.000000	0.312182	0.439269	0.000000	0.003959
SalEn.10936_1-169_NEs	0.305760	0.001975	0.392062	0.305246	0.438408	0.003959	0.305246	0.305246	0.305246	0.003959	0.308732	0.438408	0.003959	0.000000